11.43; 16.43; 17.37; 16.87; 17.00; 2020/05/01 00:00
11.06; 16.43; 17.37; 16.87; 17.00; 2020/05/01 00:30
10.93; 16.43; 17.37; 16.87; 16.93; 2020/05/01 01:00
10.62; 16.37; 17.37; 16.81; 16.93; 2020/05/01 01:30
10.56; 16.37; 17.31; 16.81; 16.93; 2020/05/01 02:00
10.18; 16.37; 17.31; 16.81; 16.87; 2020/05/01 02:30
9.68; 16.31; 17.25; 16.75; 16.87; 2020/05/01 03:00
9.93; 16.31; 17.25; 16.75; 16.81; 2020/05/01 03:30
10.06; 16.31; 17.18; 16.68; 16.81; 2020/05/01 04:00
10.06; 16.25; 17.18; 16.68; 16.75; 2020/05/01 04:30
10.31; 16.25; 17.18; 16.62; 16.75; 2020/05/01 05:00
10.25; 16.25; 17.12; 16.62; 16.75; 2020/05/01 05:30
10.25; 16.25; 17.12; 16.56; 16.68; 2020/05/01 06:00
10.00; 16.18; 17.06; 16.56; 16.62; 2020/05/01 06:30
9.81; 16.18; 17.06; 16.56; 16.62; 2020/05/01 07:00
9.50; 16.18; 17.00; 16.50; 16.56; 2020/05/01 07:30
9.37; 16.12; 17.00; 16.50; 16.56; 2020/05/01 08:00
9.43; 16.12; 17.00; 16.50; 16.50; 2020/05/01 08:30
9.93; 16.12; 17.00; 16.43; 16.50; 2020/05/01 09:00
9.68; 16.12; 16.93; 16.43; 16.50; 2020/05/01 09:30
10.68; 16.06; 17.06; 16.37; 16.50; 2020/05/01 10:00
11.18; 16.06; 17.06; 16.37; 16.50; 2020/05/01 10:30
11.81; 16.06; 17.06; 16.37; 16.50; 2020/05/01 11:00
11.43; 16.06; 16.93; 16.37; 16.50; 2020/05/01 11:30
12.06; 16.06; 16.93; 16.31; 16.56; 2020/05/01 12:00
12.62; 16.06; 17.06; 16.31; 16.56; 2020/05/01 12:30
13.43; 16.12; 17.18; 16.37; 16.62; 2020/05/01 13:00
13.50; 16.12; 17.12; 16.37; 16.62; 2020/05/01 13:30
13.81; 16.18; 17.12; 16.43; 16.68; 2020/05/01 14:00
14.87; 16.25; 17.25; 16.43; 16.68; 2020/05/01 14:30
14.25; 16.25; 17.12; 16.43; 16.68; 2020/05/01 15:00
15.18; 16.25; 17.31; 16.50; 16.68; 2020/05/01 15:30
15.12; 16.25; 17.31; 16.43; 16.68; 2020/05/01 16:00
14.50; 16.25; 17.12; 16.43; 16.68; 2020/05/01 16:30
12.93; 16.18; 17.06; 16.37; 16.68; 2020/05/01 17:00
14.18; 16.18; 17.68; 16.43; 16.68; 2020/05/01 17:30
11.81; 16.18; 17.18; 16.43; 16.62; 2020/05/01 18:00
13.75; 16.25; 17.62; 16.56; 16.62; 2020/05/01 18:30
13.06; 16.18; 17.37; 16.43; 16.62; 2020/05/01 19:00
13.12; 16.18; 17.18; 16.43; 16.62; 2020/05/01 19:30
12.56; 16.12; 17.12; 16.43; 16.56; 2020/05/01 20:00
12.18; 16.12; 17.06; 16.43; 16.56; 2020/05/01 20:30
11.12; 16.12; 17.00; 16.43; 16.62; 2020/05/01 21:00
10.50; 16.06; 16.93; 16.43; 16.56; 2020/05/01 21:30
10.68; 16.06; 16.87; 16.37; 16.50; 2020/05/01 22:00
10.68; 16.00; 16.87; 16.37; 16.50; 2020/05/01 22:30
10.50; 16.00; 16.87; 16.37; 16.50; 2020/05/01 23:00
10.50; 15.93; 16.81; 16.31; 16.50; 2020/05/01 23:30
10.50; 15.93; 16.81; 16.31; 16.43; 2020/05/02 00:00
10.56; 15.93; 16.75; 16.31; 16.43; 2020/05/02 00:30
10.31; 15.87; 16.75; 16.31; 16.37; 2020/05/02 01:00
10.43; 15.87; 16.75; 16.25; 16.43; 2020/05/02 01:30
10.43; 15.87; 16.68; 16.25; 16.37; 2020/05/02 02:00
10.31; 15.87; 16.68; 16.25; 16.37; 2020/05/02 02:30
10.18; 15.81; 16.68; 16.18; 16.31; 2020/05/02 03:00
9.75; 15.81; 16.62; 16.18; 16.31; 2020/05/02 03:30
9.62; 15.81; 16.62; 16.12; 16.31; 2020/05/02 04:00
9.43; 15.75; 16.56; 16.12; 16.25; 2020/05/02 04:30
9.62; 15.75; 16.56; 16.12; 16.25; 2020/05/02 05:00
9.87; 15.75; 16.50; 16.06; 16.18; 2020/05/02 05:30
9.75; 15.68; 16.50; 16.06; 16.18; 2020/05/02 06:00
9.93; 15.68; 16.43; 16.00; 16.18; 2020/05/02 06:30
9.87; 15.62; 16.43; 16.00; 16.12; 2020/05/02 07:00
9.87; 15.62; 16.43; 16.00; 16.12; 2020/05/02 07:30
9.75; 15.62; 16.37; 15.93; 16.06; 2020/05/02 08:00
10.00; 15.62; 16.37; 15.93; 16.06; 2020/05/02 08:30
9.87; 15.62; 16.37; 15.87; 16.06; 2020/05/02 09:00
10.18; 15.62; 16.37; 15.87; 16.00; 2020/05/02 09:30
10.62; 15.56; 16.37; 15.87; 16.06; 2020/05/02 10:00
11.00; 15.56; 16.43; 15.87; 16.06; 2020/05/02 10:30
11.43; 15.62; 16.50; 15.87; 16.06; 2020/05/02 11:00
9.75; 15.56; 16.31; 15.81; 16.06; 2020/05/02 11:30
10.62; 15.56; 16.50; 15.81; 16.00; 2020/05/02 12:00
11.68; 15.56; 16.56; 15.87; 16.12; 2020/05/02 12:30
12.06; 15.62; 16.50; 15.81; 16.06; 2020/05/02 13:00
11.62; 15.56; 16.37; 15.81; 16.06; 2020/05/02 13:30
12.12; 15.56; 16.50; 15.81; 16.12; 2020/05/02 14:00
12.06; 15.62; 16.43; 15.81; 16.12; 2020/05/02 14:30
12.68; 15.62; 16.50; 15.81; 16.12; 2020/05/02 15:00
12.62; 15.62; 16.43; 15.81; 16.12; 2020/05/02 15:30
13.12; 15.62; 16.62; 15.81; 16.12; 2020/05/02 16:00
11.93; 15.62; 16.50; 15.81; 16.06; 2020/05/02 16:30
13.25; 15.62; 17.00; 15.87; 16.06; 2020/05/02 17:00
13.93; 15.68; 17.37; 15.93; 16.06; 2020/05/02 17:30
11.93; 15.68; 16.75; 15.81; 16.06; 2020/05/02 18:00
11.87; 15.62; 16.62; 15.81; 16.06; 2020/05/02 18:30
11.50; 15.56; 16.56; 15.81; 16.00; 2020/05/02 19:00
11.93; 15.56; 16.50; 15.81; 16.00; 2020/05/02 19:30
11.81; 15.50; 16.43; 15.81; 16.00; 2020/05/02 20:00
11.56; 15.50; 16.37; 15.75; 16.00; 2020/05/02 20:30
11.31; 15.50; 16.37; 15.81; 15.93; 2020/05/02 21:00
11.31; 15.43; 16.31; 15.75; 16.00; 2020/05/02 21:30
10.87; 15.43; 16.25; 15.75; 15.93; 2020/05/02 22:00
9.87; 15.43; 16.25; 15.75; 15.93; 2020/05/02 22:30
9.87; 15.43; 16.18; 15.75; 15.87; 2020/05/02 23:00
9.56; 15.37; 16.18; 15.75; 15.87; 2020/05/02 23:30
9.06; 15.37; 16.12; 15.68; 15.81; 2020/05/03 00:00
8.81; 15.31; 16.12; 15.68; 15.81; 2020/05/03 00:30
8.50; 15.31; 16.12; 15.62; 15.81; 2020/05/03 01:00
8.18; 15.25; 16.06; 15.62; 15.75; 2020/05/03 01:30
7.81; 15.25; 16.06; 15.62; 15.68; 2020/05/03 02:00
7.68; 15.18; 16.00; 15.56; 15.62; 2020/05/03 02:30
7.18; 15.18; 16.00; 15.56; 15.62; 2020/05/03 03:00
7.00; 15.12; 15.93; 15.50; 15.56; 2020/05/03 03:30
6.87; 15.12; 15.87; 15.50; 15.56; 2020/05/03 04:00
6.62; 15.06; 15.87; 15.43; 15.50; 2020/05/03 04:30
6.25; 15.06; 15.81; 15.43; 15.43; 2020/05/03 05:00
6.18; 15.00; 15.75; 15.37; 15.43; 2020/05/03 05:30
6.37; 15.00; 15.75; 15.31; 15.37; 2020/05/03 06:00
6.18; 14.93; 15.68; 15.31; 15.31; 2020/05/03 06:30
6.62; 14.93; 15.68; 15.25; 15.25; 2020/05/03 07:00
6.56; 14.87; 15.62; 15.18; 15.25; 2020/05/03 07:30
7.43; 14.87; 15.62; 15.18; 15.18; 2020/05/03 08:00
8.43; 14.87; 15.62; 15.12; 15.18; 2020/05/03 08:30
8.93; 14.87; 15.56; 15.12; 15.18; 2020/05/03 09:00
9.75; 14.81; 15.62; 15.12; 15.18; 2020/05/03 09:30
10.06; 14.87; 15.56; 15.06; 15.18; 2020/05/03 10:00
10.43; 14.81; 15.50; 15.06; 15.12; 2020/05/03 10:30
10.93; 14.87; 15.56; 15.06; 15.12; 2020/05/03 11:00
12.00; 14.87; 15.62; 15.06; 15.12; 2020/05/03 11:30
12.93; 14.87; 15.81; 15.06; 15.25; 2020/05/03 12:00
13.50; 14.87; 15.87; 15.06; 15.31; 2020/05/03 12:30
14.56; 14.93; 15.93; 15.12; 15.43; 2020/05/03 13:00
14.37; 15.00; 15.81; 15.06; 15.43; 2020/05/03 13:30
14.87; 15.06; 15.93; 15.18; 15.50; 2020/05/03 14:00
14.81; 15.06; 15.87; 15.18; 15.56; 2020/05/03 14:30
15.12; 15.12; 15.87; 15.18; 15.56; 2020/05/03 15:00
15.12; 15.12; 15.87; 15.25; 15.56; 2020/05/03 15:30
15.43; 15.12; 15.87; 15.25; 15.50; 2020/05/03 16:00
15.43; 15.12; 15.87; 15.25; 15.50; 2020/05/03 16:30
15.37; 15.12; 15.81; 15.25; 15.50; 2020/05/03 17:00
15.50; 15.12; 15.81; 15.25; 15.50; 2020/05/03 17:30
15.68; 15.12; 15.81; 15.31; 15.50; 2020/05/03 18:00
16.00; 15.12; 15.87; 15.25; 15.50; 2020/05/03 18:30
15.62; 15.12; 15.81; 15.25; 15.50; 2020/05/03 19:00
15.31; 15.12; 15.75; 15.25; 15.50; 2020/05/03 19:30
14.87; 15.06; 15.75; 15.31; 15.50; 2020/05/03 20:00
14.62; 15.06; 15.68; 15.31; 15.50; 2020/05/03 20:30
14.12; 15.06; 15.68; 15.37; 15.50; 2020/05/03 21:00
13.68; 15.06; 15.62; 15.43; 15.50; 2020/05/03 21:30
13.31; 15.00; 15.62; 15.37; 15.50; 2020/05/03 22:00
13.00; 15.00; 15.62; 15.37; 15.50; 2020/05/03 22:30
12.75; 15.00; 15.62; 15.37; 15.50; 2020/05/03 23:00
12.50; 15.00; 15.62; 15.37; 15.43; 2020/05/03 23:30
12.56; 15.00; 15.56; 15.37; 15.50; 2020/05/04 00:00
12.50; 14.93; 15.56; 15.37; 15.43; 2020/05/04 00:30
12.37; 14.93; 15.56; 15.37; 15.43; 2020/05/04 01:00
12.18; 14.93; 15.56; 15.37; 15.43; 2020/05/04 01:30
11.93; 14.93; 15.56; 15.31; 15.43; 2020/05/04 02:00
11.81; 14.93; 15.56; 15.31; 15.43; 2020/05/04 02:30
11.75; 14.87; 15.56; 15.31; 15.43; 2020/05/04 03:00
11.37; 14.87; 15.56; 15.31; 15.43; 2020/05/04 03:30
11.37; 14.87; 15.56; 15.31; 15.43; 2020/05/04 04:00
11.50; 14.87; 15.50; 15.31; 15.43; 2020/05/04 04:30
11.50; 14.87; 15.50; 15.31; 15.37; 2020/05/04 05:00
11.37; 14.81; 15.50; 15.25; 15.37; 2020/05/04 05:30
11.37; 14.81; 15.50; 15.25; 15.37; 2020/05/04 06:00
11.25; 14.81; 15.50; 15.25; 15.37; 2020/05/04 06:30
11.25; 14.81; 15.43; 15.18; 15.31; 2020/05/04 07:00
11.31; 14.81; 15.43; 15.18; 15.31; 2020/05/04 07:30
11.37; 14.81; 15.43; 15.18; 15.31; 2020/05/04 08:00
11.37; 14.81; 15.43; 15.18; 15.31; 2020/05/04 08:30
11.43; 14.81; 15.43; 15.18; 15.31; 2020/05/04 09:00
11.56; 14.81; 15.43; 15.18; 15.25; 2020/05/04 09:30
11.50; 14.81; 15.37; 15.12; 15.25; 2020/05/04 10:00
11.56; 14.81; 15.37; 15.12; 15.25; 2020/05/04 10:30
11.62; 14.81; 15.37; 15.12; 15.25; 2020/05/04 11:00
11.75; 14.81; 15.37; 15.12; 15.25; 2020/05/04 11:30
12.06; 14.81; 15.37; 15.12; 15.25; 2020/05/04 12:00
12.18; 14.81; 15.43; 15.12; 15.25; 2020/05/04 12:30
12.87; 14.81; 15.50; 15.12; 15.25; 2020/05/04 13:00
13.37; 14.81; 15.50; 15.12; 15.25; 2020/05/04 13:30
13.50; 14.87; 15.62; 15.12; 15.31; 2020/05/04 14:00
14.31; 14.93; 15.75; 15.18; 15.37; 2020/05/04 14:30
14.31; 14.93; 15.68; 15.18; 15.37; 2020/05/04 15:00
14.87; 15.00; 15.87; 15.18; 15.43; 2020/05/04 15:30
15.87; 15.06; 16.25; 15.31; 15.43; 2020/05/04 16:00
15.50; 15.06; 16.18; 15.31; 15.43; 2020/05/04 16:30
16.06; 15.06; 16.56; 15.37; 15.43; 2020/05/04 17:00
15.93; 15.06; 16.37; 15.37; 15.43; 2020/05/04 17:30
16.87; 15.18; 16.75; 15.43; 15.43; 2020/05/04 18:00
17.06; 15.18; 16.75; 15.50; 15.43; 2020/05/04 18:30
16.25; 15.18; 16.37; 15.43; 15.43; 2020/05/04 19:00
15.43; 15.12; 16.12; 15.37; 15.43; 2020/05/04 19:30
14.43; 15.12; 16.00; 15.31; 15.43; 2020/05/04 20:00
14.00; 15.06; 15.93; 15.37; 15.37; 2020/05/04 20:30
13.50; 15.06; 15.93; 15.31; 15.37; 2020/05/04 21:00
13.00; 15.00; 15.87; 15.31; 15.37; 2020/05/04 21:30
12.37; 15.00; 15.81; 15.31; 15.37; 2020/05/04 22:00
11.56; 14.93; 15.81; 15.31; 15.31; 2020/05/04 22:30
11.43; 14.93; 15.75; 15.31; 15.31; 2020/05/04 23:00
11.25; 14.93; 15.75; 15.31; 15.31; 2020/05/04 23:30
11.00; 14.87; 15.75; 15.31; 15.31; 2020/05/05 00:00
10.87; 14.87; 15.68; 15.25; 15.25; 2020/05/05 00:30
10.18; 14.87; 15.68; 15.25; 15.25; 2020/05/05 01:00
9.93; 14.81; 15.68; 15.25; 15.25; 2020/05/05 01:30
9.68; 14.81; 15.62; 15.18; 15.18; 2020/05/05 02:00
9.31; 14.75; 15.62; 15.18; 15.18; 2020/05/05 02:30
8.87; 14.75; 15.56; 15.18; 15.12; 2020/05/05 03:00
8.56; 14.75; 15.56; 15.12; 15.12; 2020/05/05 03:30
8.50; 14.68; 15.56; 15.12; 15.12; 2020/05/05 04:00
8.06; 14.68; 15.50; 15.06; 15.06; 2020/05/05 04:30
7.68; 14.68; 15.50; 15.06; 15.06; 2020/05/05 05:00
7.50; 14.62; 15.43; 15.00; 15.00; 2020/05/05 05:30
7.43; 14.62; 15.43; 15.00; 15.00; 2020/05/05 06:00
7.06; 14.62; 15.37; 14.93; 14.93; 2020/05/05 06:30
6.06; 14.56; 15.37; 14.93; 14.87; 2020/05/05 07:00
7.12; 14.50; 15.31; 14.87; 14.81; 2020/05/05 07:30
7.87; 14.50; 15.31; 14.87; 14.81; 2020/05/05 08:00
8.62; 14.50; 15.31; 14.87; 14.81; 2020/05/05 08:30
9.18; 14.56; 15.37; 14.81; 14.75; 2020/05/05 09:00
9.62; 14.56; 15.37; 14.81; 14.75; 2020/05/05 09:30
10.18; 14.56; 15.43; 14.81; 14.81; 2020/05/05 10:00
10.62; 14.56; 15.43; 14.81; 14.81; 2020/05/05 10:30
11.25; 14.56; 15.50; 14.81; 14.87; 2020/05/05 11:00
11.93; 14.62; 15.50; 14.81; 15.00; 2020/05/05 11:30
12.31; 14.62; 15.62; 14.81; 15.06; 2020/05/05 12:00
13.25; 14.68; 15.68; 14.81; 15.18; 2020/05/05 12:30
13.68; 14.68; 15.68; 14.87; 15.25; 2020/05/05 13:00
13.81; 14.75; 15.68; 14.93; 15.31; 2020/05/05 13:30
14.50; 14.87; 15.68; 15.00; 15.37; 2020/05/05 14:00
14.00; 14.87; 15.75; 15.06; 15.43; 2020/05/05 14:30
14.31; 14.87; 15.68; 15.00; 15.43; 2020/05/05 15:00
15.18; 14.87; 15.87; 15.00; 15.43; 2020/05/05 15:30
15.31; 14.93; 16.18; 15.12; 15.43; 2020/05/05 16:00
15.75; 15.00; 16.50; 15.18; 15.37; 2020/05/05 16:30
15.50; 15.00; 16.62; 15.18; 15.43; 2020/05/05 17:00
15.75; 15.00; 16.56; 15.25; 15.43; 2020/05/05 17:30
16.06; 15.00; 16.93; 15.25; 15.43; 2020/05/05 18:00
16.25; 15.12; 16.93; 15.31; 15.43; 2020/05/05 18:30
16.18; 15.12; 16.50; 15.25; 15.37; 2020/05/05 19:00
14.81; 15.00; 16.25; 15.31; 15.37; 2020/05/05 19:30
14.12; 14.93; 16.12; 15.25; 15.37; 2020/05/05 20:00
13.56; 14.93; 16.06; 15.25; 15.37; 2020/05/05 20:30
13.18; 14.87; 16.00; 15.25; 15.37; 2020/05/05 21:00
12.50; 14.87; 15.93; 15.25; 15.37; 2020/05/05 21:30
11.56; 14.87; 15.93; 15.25; 15.31; 2020/05/05 22:00
10.93; 14.81; 15.87; 15.25; 15.31; 2020/05/05 22:30
10.12; 14.81; 15.81; 15.25; 15.31; 2020/05/05 23:00
9.56; 14.75; 15.81; 15.25; 15.31; 2020/05/05 23:30
9.00; 14.75; 15.81; 15.25; 15.25; 2020/05/06 00:00
8.56; 14.68; 15.75; 15.18; 15.18; 2020/05/06 00:30
8.06; 14.68; 15.75; 15.18; 15.18; 2020/05/06 01:00
7.43; 14.62; 15.68; 15.12; 15.18; 2020/05/06 01:30
7.25; 14.62; 15.68; 15.12; 15.12; 2020/05/06 02:00
7.12; 14.56; 15.68; 15.06; 15.12; 2020/05/06 02:30
6.93; 14.56; 15.62; 15.06; 15.06; 2020/05/06 03:00
6.43; 14.50; 15.62; 15.00; 15.00; 2020/05/06 03:30
6.31; 14.50; 15.56; 15.00; 15.00; 2020/05/06 04:00
5.93; 14.43; 15.56; 14.93; 14.93; 2020/05/06 04:30
5.43; 14.43; 15.50; 14.87; 14.87; 2020/05/06 05:00
5.43; 14.37; 15.50; 14.87; 14.87; 2020/05/06 05:30
5.00; 14.37; 15.43; 14.81; 14.81; 2020/05/06 06:00
4.93; 14.31; 15.43; 14.75; 14.75; 2020/05/06 06:30
4.93; 14.31; 15.37; 14.75; 14.68; 2020/05/06 07:00
5.06; 14.25; 15.31; 14.68; 14.62; 2020/05/06 07:30
5.75; 14.25; 15.31; 14.62; 14.62; 2020/05/06 08:00
6.75; 14.25; 15.31; 14.62; 14.56; 2020/05/06 08:30
8.18; 14.25; 15.31; 14.62; 14.56; 2020/05/06 09:00
9.87; 14.25; 15.37; 14.56; 14.56; 2020/05/06 09:30
11.56; 14.25; 15.43; 14.56; 14.62; 2020/05/06 10:00
12.25; 14.31; 15.43; 14.56; 14.68; 2020/05/06 10:30
13.31; 14.31; 15.50; 14.56; 14.75; 2020/05/06 11:00
13.56; 14.37; 15.56; 14.62; 14.87; 2020/05/06 11:30
14.62; 14.43; 15.62; 14.62; 15.00; 2020/05/06 12:00
15.18; 14.43; 15.62; 14.62; 15.06; 2020/05/06 12:30
15.18; 14.50; 15.68; 14.68; 15.18; 2020/05/06 13:00
15.68; 14.62; 15.68; 14.75; 15.25; 2020/05/06 13:30
16.68; 14.68; 15.75; 14.81; 15.37; 2020/05/06 14:00
17.00; 14.75; 15.75; 14.87; 15.43; 2020/05/06 14:30
16.75; 14.75; 15.81; 14.87; 15.50; 2020/05/06 15:00
16.81; 14.81; 16.06; 14.93; 15.50; 2020/05/06 15:30
18.06; 14.81; 16.31; 15.00; 15.43; 2020/05/06 16:00
17.93; 14.87; 16.62; 15.00; 15.43; 2020/05/06 16:30
18.31; 14.93; 16.87; 15.06; 15.43; 2020/05/06 17:00
18.62; 14.93; 17.00; 15.18; 15.43; 2020/05/06 17:30
18.81; 15.00; 17.18; 15.25; 15.43; 2020/05/06 18:00
18.75; 15.06; 17.12; 15.31; 15.43; 2020/05/06 18:30
17.75; 15.12; 16.62; 15.25; 15.43; 2020/05/06 19:00
16.56; 15.00; 16.43; 15.31; 15.50; 2020/05/06 19:30
16.18; 15.00; 16.31; 15.25; 15.50; 2020/05/06 20:00
15.62; 14.93; 16.25; 15.25; 15.50; 2020/05/06 20:30
15.00; 14.87; 16.18; 15.25; 15.50; 2020/05/06 21:00
14.37; 14.87; 16.12; 15.25; 15.50; 2020/05/06 21:30
13.56; 14.87; 16.12; 15.31; 15.43; 2020/05/06 22:00
12.75; 14.87; 16.12; 15.31; 15.43; 2020/05/06 22:30
11.81; 14.81; 16.06; 15.31; 15.43; 2020/05/06 23:00
11.06; 14.81; 16.06; 15.31; 15.43; 2020/05/06 23:30
10.56; 14.81; 16.06; 15.31; 15.43; 2020/05/07 00:00
10.00; 14.75; 16.00; 15.31; 15.37; 2020/05/07 00:30
9.50; 14.75; 16.00; 15.31; 15.37; 2020/05/07 01:00
9.31; 14.68; 16.00; 15.31; 15.31; 2020/05/07 01:30
8.75; 14.68; 16.00; 15.25; 15.31; 2020/05/07 02:00
8.56; 14.62; 15.93; 15.25; 15.25; 2020/05/07 02:30
8.12; 14.62; 15.93; 15.25; 15.25; 2020/05/07 03:00
7.93; 14.56; 15.93; 15.18; 15.18; 2020/05/07 03:30
7.31; 14.56; 15.87; 15.12; 15.18; 2020/05/07 04:00
7.18; 14.50; 15.87; 15.06; 15.12; 2020/05/07 04:30
7.00; 14.50; 15.87; 15.06; 15.12; 2020/05/07 05:00
6.68; 14.43; 15.81; 15.00; 15.06; 2020/05/07 05:30
6.62; 14.43; 15.75; 15.00; 15.00; 2020/05/07 06:00
6.31; 14.43; 15.75; 14.93; 15.00; 2020/05/07 06:30
6.25; 14.37; 15.75; 14.87; 14.93; 2020/05/07 07:00
6.31; 14.37; 15.68; 14.87; 14.93; 2020/05/07 07:30
7.25; 14.31; 15.68; 14.81; 14.87; 2020/05/07 08:00
8.00; 14.31; 15.68; 14.81; 14.87; 2020/05/07 08:30
9.81; 14.37; 15.75; 14.81; 14.81; 2020/05/07 09:00
11.37; 14.37; 15.81; 14.75; 14.87; 2020/05/07 09:30
13.00; 14.37; 15.81; 14.75; 14.87; 2020/05/07 10:00
13.81; 14.43; 15.87; 14.75; 14.93; 2020/05/07 10:30
14.62; 14.50; 15.93; 14.75; 15.06; 2020/05/07 11:00
15.31; 14.56; 15.93; 14.81; 15.18; 2020/05/07 11:30
16.18; 14.56; 16.00; 14.87; 15.31; 2020/05/07 12:00
16.87; 14.62; 16.06; 14.87; 15.43; 2020/05/07 12:30
17.31; 14.75; 16.12; 15.00; 15.56; 2020/05/07 13:00
17.75; 14.81; 16.12; 15.00; 15.68; 2020/05/07 13:30
18.18; 14.87; 16.18; 15.06; 15.75; 2020/05/07 14:00
18.75; 14.93; 16.25; 15.18; 15.81; 2020/05/07 14:30
19.56; 15.06; 16.31; 15.25; 15.87; 2020/05/07 15:00
19.43; 15.06; 16.56; 15.31; 15.93; 2020/05/07 15:30
19.93; 15.12; 16.81; 15.37; 15.87; 2020/05/07 16:00
20.25; 15.12; 17.12; 15.43; 15.93; 2020/05/07 16:30
20.50; 15.25; 17.31; 15.50; 15.93; 2020/05/07 17:00
20.31; 15.31; 17.25; 15.50; 15.93; 2020/05/07 17:30
20.75; 15.31; 17.31; 15.56; 15.93; 2020/05/07 18:00
20.75; 15.31; 17.31; 15.62; 15.93; 2020/05/07 18:30
19.50; 15.31; 17.00; 15.62; 16.00; 2020/05/07 19:00
18.68; 15.31; 16.87; 15.62; 16.00; 2020/05/07 19:30
18.18; 15.31; 16.75; 15.62; 16.06; 2020/05/07 20:00
17.62; 15.31; 16.75; 15.62; 16.06; 2020/05/07 20:30
16.93; 15.31; 16.68; 15.68; 16.06; 2020/05/07 21:00
16.25; 15.25; 16.68; 15.75; 16.00; 2020/05/07 21:30
15.56; 15.25; 16.62; 15.75; 16.06; 2020/05/07 22:00
15.00; 15.25; 16.62; 15.75; 16.12; 2020/05/07 22:30
14.43; 15.18; 16.62; 15.75; 16.12; 2020/05/07 23:00
13.68; 15.18; 16.62; 15.75; 16.18; 2020/05/07 23:30
13.43; 15.18; 16.62; 15.81; 16.12; 2020/05/08 00:00
13.12; 15.18; 16.62; 15.81; 16.12; 2020/05/08 00:30
12.62; 15.18; 16.62; 15.81; 16.12; 2020/05/08 01:00
12.25; 15.18; 16.68; 15.81; 16.06; 2020/05/08 01:30
11.68; 15.18; 16.62; 15.75; 16.06; 2020/05/08 02:00
11.18; 15.18; 16.62; 15.81; 16.00; 2020/05/08 02:30
10.93; 15.12; 16.62; 15.75; 16.00; 2020/05/08 03:00
10.56; 15.12; 16.62; 15.75; 15.93; 2020/05/08 03:30
10.25; 15.12; 16.62; 15.75; 15.87; 2020/05/08 04:00
9.81; 15.06; 16.56; 15.75; 15.87; 2020/05/08 04:30
9.43; 15.06; 16.56; 15.68; 15.81; 2020/05/08 05:00
9.12; 15.06; 16.56; 15.68; 15.75; 2020/05/08 05:30
9.18; 15.00; 16.50; 15.62; 15.75; 2020/05/08 06:00
8.75; 14.93; 16.50; 15.62; 15.68; 2020/05/08 06:30
8.62; 14.93; 16.50; 15.56; 15.62; 2020/05/08 07:00
8.75; 14.93; 16.50; 15.56; 15.62; 2020/05/08 07:30
9.43; 14.93; 16.50; 15.50; 15.56; 2020/05/08 08:00
10.43; 14.93; 16.50; 15.50; 15.56; 2020/05/08 08:30
11.25; 14.93; 16.50; 15.43; 15.56; 2020/05/08 09:00
13.06; 14.93; 16.56; 15.50; 15.56; 2020/05/08 09:30
14.06; 15.00; 16.56; 15.50; 15.56; 2020/05/08 10:00
15.18; 15.06; 16.62; 15.50; 15.62; 2020/05/08 10:30
16.25; 15.06; 16.68; 15.50; 15.75; 2020/05/08 11:00
17.12; 15.12; 16.81; 15.50; 15.81; 2020/05/08 11:30
17.68; 15.18; 16.87; 15.56; 16.00; 2020/05/08 12:00
18.43; 15.25; 16.93; 15.62; 16.12; 2020/05/08 12:30
19.00; 15.31; 17.00; 15.68; 16.25; 2020/05/08 13:00
19.50; 15.43; 17.00; 15.75; 16.31; 2020/05/08 13:30
20.25; 15.56; 17.12; 15.87; 16.43; 2020/05/08 14:00
20.62; 15.62; 17.12; 15.93; 16.50; 2020/05/08 14:30
20.43; 15.75; 17.25; 16.00; 16.56; 2020/05/08 15:00
21.68; 15.75; 17.43; 16.12; 16.56; 2020/05/08 15:30
21.25; 15.81; 17.68; 16.12; 16.56; 2020/05/08 16:00
20.87; 15.93; 17.50; 16.12; 16.62; 2020/05/08 16:30
21.37; 15.87; 17.81; 16.12; 16.62; 2020/05/08 17:00
21.06; 15.87; 17.68; 16.18; 16.62; 2020/05/08 17:30
20.68; 15.87; 17.62; 16.18; 16.68; 2020/05/08 18:00
20.62; 15.87; 17.56; 16.25; 16.68; 2020/05/08 18:30
20.56; 15.93; 17.50; 16.31; 16.68; 2020/05/08 19:00
19.75; 15.93; 17.50; 16.37; 16.68; 2020/05/08 19:30
18.87; 16.06; 17.43; 16.37; 16.68; 2020/05/08 20:00
18.56; 16.00; 17.43; 16.43; 16.68; 2020/05/08 20:30
18.18; 16.00; 17.37; 16.56; 16.68; 2020/05/08 21:00
17.68; 15.93; 17.37; 16.50; 16.68; 2020/05/08 21:30
17.25; 15.93; 17.37; 16.50; 16.75; 2020/05/08 22:00
16.81; 15.93; 17.43; 16.56; 16.75; 2020/05/08 22:30
16.25; 15.93; 17.43; 16.56; 16.75; 2020/05/08 23:00
15.81; 15.93; 17.43; 16.56; 16.81; 2020/05/08 23:30
15.25; 15.93; 17.43; 16.56; 16.87; 2020/05/09 00:00
14.75; 15.87; 17.43; 16.56; 16.81; 2020/05/09 00:30
14.37; 15.87; 17.43; 16.56; 16.81; 2020/05/09 01:00
13.87; 15.87; 17.43; 16.56; 16.81; 2020/05/09 01:30
13.68; 15.87; 17.43; 16.56; 16.81; 2020/05/09 02:00
13.43; 15.81; 17.43; 16.56; 16.81; 2020/05/09 02:30
13.12; 15.87; 17.43; 16.56; 16.75; 2020/05/09 03:00
12.81; 15.81; 17.43; 16.50; 16.75; 2020/05/09 03:30
12.56; 15.81; 17.43; 16.50; 16.75; 2020/05/09 04:00
12.62; 15.81; 17.43; 16.50; 16.68; 2020/05/09 04:30
12.43; 15.81; 17.43; 16.50; 16.68; 2020/05/09 05:00
12.31; 15.81; 17.43; 16.43; 16.62; 2020/05/09 05:30
12.31; 15.75; 17.37; 16.43; 16.62; 2020/05/09 06:00
11.93; 15.75; 17.37; 16.43; 16.56; 2020/05/09 06:30
12.00; 15.75; 17.37; 16.43; 16.56; 2020/05/09 07:00
12.12; 15.75; 17.37; 16.37; 16.50; 2020/05/09 07:30
12.12; 15.75; 17.37; 16.37; 16.50; 2020/05/09 08:00
13.12; 15.75; 17.37; 16.37; 16.50; 2020/05/09 08:30
14.12; 15.75; 17.43; 16.37; 16.43; 2020/05/09 09:00
15.00; 15.81; 17.43; 16.37; 16.43; 2020/05/09 09:30
15.75; 15.81; 17.43; 16.37; 16.43; 2020/05/09 10:00
16.68; 15.87; 17.50; 16.37; 16.50; 2020/05/09 10:30
17.12; 15.93; 17.56; 16.37; 16.62; 2020/05/09 11:00
18.31; 15.93; 17.68; 16.37; 16.68; 2020/05/09 11:30
18.81; 16.00; 17.68; 16.43; 16.75; 2020/05/09 12:00
19.12; 16.06; 17.75; 16.43; 16.81; 2020/05/09 12:30
20.18; 16.12; 17.81; 16.50; 16.87; 2020/05/09 13:00
20.68; 16.18; 17.87; 16.56; 16.93; 2020/05/09 13:30
20.93; 16.25; 17.93; 16.62; 17.06; 2020/05/09 14:00
21.06; 16.31; 17.93; 16.62; 17.12; 2020/05/09 14:30
22.37; 16.37; 18.12; 16.75; 17.18; 2020/05/09 15:00
22.68; 16.43; 18.31; 16.81; 17.25; 2020/05/09 15:30
22.93; 16.50; 18.43; 16.81; 17.25; 2020/05/09 16:00
23.43; 16.56; 18.81; 16.93; 17.31; 2020/05/09 16:30
23.75; 16.62; 19.06; 17.00; 17.37; 2020/05/09 17:00
23.93; 16.68; 19.18; 17.06; 17.31; 2020/05/09 17:30
23.75; 16.75; 19.31; 17.06; 17.37; 2020/05/09 18:00
23.56; 16.87; 19.18; 17.12; 17.43; 2020/05/09 18:30
22.93; 16.87; 18.81; 17.18; 17.43; 2020/05/09 19:00
21.68; 16.81; 18.68; 17.18; 17.43; 2020/05/09 19:30
21.06; 16.81; 18.56; 17.25; 17.43; 2020/05/09 20:00
20.43; 16.75; 18.56; 17.25; 17.50; 2020/05/09 20:30
20.00; 16.75; 18.50; 17.25; 17.50; 2020/05/09 21:00
19.18; 16.75; 18.50; 17.31; 17.50; 2020/05/09 21:30
18.31; 16.75; 18.43; 17.31; 17.56; 2020/05/09 22:00
17.43; 16.75; 18.43; 17.31; 17.50; 2020/05/09 22:30
16.87; 16.75; 18.43; 17.31; 17.56; 2020/05/09 23:00
16.18; 16.75; 18.43; 17.31; 17.56; 2020/05/09 23:30
15.62; 16.68; 18.43; 17.31; 17.56; 2020/05/10 00:00
15.00; 16.68; 18.43; 17.37; 17.56; 2020/05/10 00:30
14.56; 16.68; 18.43; 17.37; 17.56; 2020/05/10 01:00
14.18; 16.68; 18.43; 17.37; 17.56; 2020/05/10 01:30
13.81; 16.68; 18.43; 17.37; 17.50; 2020/05/10 02:00
13.56; 16.68; 18.43; 17.37; 17.50; 2020/05/10 02:30
13.18; 16.68; 18.37; 17.31; 17.50; 2020/05/10 03:00
12.87; 16.62; 18.37; 17.31; 17.43; 2020/05/10 03:30
12.81; 16.62; 18.37; 17.31; 17.43; 2020/05/10 04:00
12.62; 16.62; 18.37; 17.25; 17.37; 2020/05/10 04:30
12.50; 16.62; 18.31; 17.25; 17.37; 2020/05/10 05:00
12.12; 16.62; 18.31; 17.25; 17.31; 2020/05/10 05:30
12.00; 16.62; 18.31; 17.25; 17.25; 2020/05/10 06:00
11.87; 16.62; 18.31; 17.18; 17.25; 2020/05/10 06:30
12.06; 16.56; 18.25; 17.18; 17.18; 2020/05/10 07:00
11.81; 16.56; 18.25; 17.12; 17.18; 2020/05/10 07:30
12.43; 16.56; 18.25; 17.12; 17.12; 2020/05/10 08:00
13.43; 16.56; 18.31; 17.12; 17.12; 2020/05/10 08:30
14.43; 16.56; 18.31; 17.12; 17.06; 2020/05/10 09:00
15.50; 16.62; 18.31; 17.12; 17.06; 2020/05/10 09:30
16.43; 16.62; 18.31; 17.06; 17.06; 2020/05/10 10:00
17.37; 16.62; 18.37; 17.12; 17.06; 2020/05/10 10:30
18.18; 16.68; 18.43; 17.12; 17.12; 2020/05/10 11:00
18.75; 16.75; 18.50; 17.12; 17.25; 2020/05/10 11:30
19.81; 16.75; 18.56; 17.18; 17.43; 2020/05/10 12:00
19.93; 17.25; 18.50; 17.31; 17.43; 2020/05/10 12:30
19.50; 18.25; 18.93; 18.43; 17.75; 2020/05/10 13:00
19.56; 17.87; 18.62; 18.25; 17.56; 2020/05/10 13:30
19.37; 18.12; 18.93; 18.37; 17.56; 2020/05/10 14:00
19.37; 17.43; 18.50; 18.00; 17.62; 2020/05/10 14:30
19.31; 17.56; 18.43; 18.06; 17.62; 2020/05/10 15:00
18.37; 17.37; 18.43; 17.87; 17.62; 2020/05/10 15:30
18.12; 17.31; 18.37; 17.75; 17.62; 2020/05/10 16:00
18.12; 17.31; 18.43; 17.68; 17.62; 2020/05/10 16:30
18.18; 17.37; 18.43; 17.75; 17.68; 2020/05/10 17:00
17.87; 17.31; 18.43; 17.68; 17.68; 2020/05/10 17:30
18.25; 17.37; 18.56; 17.75; 17.75; 2020/05/10 18:00
18.12; 17.43; 18.50; 17.81; 17.75; 2020/05/10 18:30
17.75; 17.37; 18.43; 17.68; 17.75; 2020/05/10 19:00
17.50; 17.31; 18.43; 17.68; 17.75; 2020/05/10 19:30
17.62; 17.31; 18.43; 17.68; 17.75; 2020/05/10 20:00
17.25; 17.25; 18.37; 17.62; 17.75; 2020/05/10 20:30
16.87; 17.25; 18.37; 17.62; 17.75; 2020/05/10 21:00
15.93; 17.18; 18.37; 17.62; 17.75; 2020/05/10 21:30
15.06; 17.18; 18.37; 17.62; 17.75; 2020/05/10 22:00
15.06; 17.12; 18.37; 17.62; 17.75; 2020/05/10 22:30
14.00; 17.12; 18.31; 17.56; 17.62; 2020/05/10 23:00
13.18; 17.12; 18.31; 17.56; 17.68; 2020/05/10 23:30
12.00; 17.06; 18.25; 17.56; 17.62; 2020/05/11 00:00
11.43; 17.06; 18.18; 17.56; 17.56; 2020/05/11 00:30
10.87; 17.00; 18.18; 17.50; 17.50; 2020/05/11 01:00
10.81; 16.93; 18.18; 17.50; 17.43; 2020/05/11 01:30
10.62; 16.93; 18.18; 17.43; 17.43; 2020/05/11 02:00
10.25; 16.93; 18.12; 17.43; 17.37; 2020/05/11 02:30
10.00; 16.87; 18.12; 17.37; 17.37; 2020/05/11 03:00
9.56; 16.87; 18.12; 17.37; 17.31; 2020/05/11 03:30
9.75; 16.87; 18.06; 17.31; 17.31; 2020/05/11 04:00
9.43; 16.81; 18.06; 17.25; 17.25; 2020/05/11 04:30
9.75; 16.81; 18.00; 17.25; 17.25; 2020/05/11 05:00
9.50; 16.75; 18.00; 17.18; 17.18; 2020/05/11 05:30
9.31; 16.75; 17.93; 17.12; 17.12; 2020/05/11 06:00
8.93; 16.68; 17.87; 17.12; 17.12; 2020/05/11 06:30
8.75; 16.68; 17.87; 17.06; 17.06; 2020/05/11 07:00
8.75; 16.68; 17.87; 17.00; 17.06; 2020/05/11 07:30
8.68; 16.62; 17.75; 17.00; 17.00; 2020/05/11 08:00
9.06; 16.62; 17.75; 16.93; 16.93; 2020/05/11 08:30
9.06; 16.56; 17.75; 16.93; 16.87; 2020/05/11 09:00
9.37; 16.56; 17.75; 16.87; 16.87; 2020/05/11 09:30
9.06; 16.56; 17.68; 16.87; 16.81; 2020/05/11 10:00
10.43; 16.56; 17.75; 16.87; 16.87; 2020/05/11 10:30
10.62; 16.56; 17.75; 16.81; 16.87; 2020/05/11 11:00
11.43; 16.56; 17.75; 16.81; 17.06; 2020/05/11 11:30
10.87; 16.50; 17.68; 16.81; 17.00; 2020/05/11 12:00
11.87; 16.56; 17.68; 16.81; 17.06; 2020/05/11 12:30
12.18; 16.56; 17.68; 16.81; 17.00; 2020/05/11 13:00
12.00; 16.50; 17.62; 16.75; 17.00; 2020/05/11 13:30
12.25; 16.50; 17.62; 16.75; 17.00; 2020/05/11 14:00
12.93; 16.50; 17.68; 16.75; 17.06; 2020/05/11 14:30
12.93; 16.50; 17.56; 16.75; 16.93; 2020/05/11 15:00
13.62; 16.50; 17.68; 16.75; 17.00; 2020/05/11 15:30
14.62; 16.50; 17.75; 16.75; 16.93; 2020/05/11 16:00
14.00; 16.56; 17.81; 16.75; 16.93; 2020/05/11 16:30
14.43; 16.56; 18.18; 16.81; 16.93; 2020/05/11 17:00
14.25; 16.56; 18.31; 16.81; 16.93; 2020/05/11 17:30
14.62; 16.62; 18.31; 16.81; 16.87; 2020/05/11 18:00
15.56; 16.62; 18.37; 16.81; 16.87; 2020/05/11 18:30
14.00; 16.62; 18.00; 16.75; 16.81; 2020/05/11 19:00
13.62; 16.56; 17.81; 16.75; 16.81; 2020/05/11 19:30
13.37; 16.50; 17.68; 16.68; 16.75; 2020/05/11 20:00
12.93; 16.50; 17.56; 16.68; 16.68; 2020/05/11 20:30
12.18; 16.43; 17.50; 16.62; 16.68; 2020/05/11 21:00
11.75; 16.43; 17.43; 16.62; 16.62; 2020/05/11 21:30
11.12; 16.37; 17.37; 16.62; 16.56; 2020/05/11 22:00
10.56; 16.37; 17.37; 16.62; 16.56; 2020/05/11 22:30
10.06; 16.31; 17.31; 16.56; 16.50; 2020/05/11 23:00
9.87; 16.31; 17.25; 16.56; 16.50; 2020/05/11 23:30
9.12; 16.25; 17.25; 16.50; 16.43; 2020/05/12 00:00
9.18; 16.18; 17.18; 16.50; 16.37; 2020/05/12 00:30
8.68; 16.18; 17.12; 16.50; 16.31; 2020/05/12 01:00
8.37; 16.12; 17.12; 16.43; 16.31; 2020/05/12 01:30
7.87; 16.12; 17.06; 16.37; 16.25; 2020/05/12 02:00
7.25; 16.06; 17.06; 16.37; 16.25; 2020/05/12 02:30
6.62; 16.00; 17.00; 16.31; 16.18; 2020/05/12 03:00
6.06; 16.00; 16.93; 16.31; 16.12; 2020/05/12 03:30
5.87; 15.93; 16.87; 16.25; 16.06; 2020/05/12 04:00
5.31; 15.87; 16.81; 16.18; 16.00; 2020/05/12 04:30
5.18; 15.81; 16.75; 16.12; 15.93; 2020/05/12 05:00
4.93; 15.81; 16.68; 16.12; 15.87; 2020/05/12 05:30
4.62; 15.75; 16.68; 16.06; 15.87; 2020/05/12 06:00
4.25; 15.68; 16.56; 16.00; 15.81; 2020/05/12 06:30
4.37; 15.62; 16.56; 15.93; 15.75; 2020/05/12 07:00
4.75; 15.62; 16.50; 15.87; 15.68; 2020/05/12 07:30
5.37; 15.56; 16.50; 15.87; 15.62; 2020/05/12 08:00
6.43; 15.56; 16.43; 15.81; 15.62; 2020/05/12 08:30
7.75; 15.56; 16.43; 15.81; 15.56; 2020/05/12 09:00
8.62; 15.56; 16.50; 15.81; 15.62; 2020/05/12 09:30
8.81; 15.56; 16.43; 15.75; 15.75; 2020/05/12 10:00
9.43; 15.56; 16.50; 15.75; 15.87; 2020/05/12 10:30
9.50; 15.56; 16.37; 15.75; 15.81; 2020/05/12 11:00
10.12; 15.56; 16.37; 15.68; 15.87; 2020/05/12 11:30
10.06; 15.56; 16.25; 15.68; 15.87; 2020/05/12 12:00
10.12; 15.56; 16.25; 15.62; 15.87; 2020/05/12 12:30
11.75; 15.56; 16.50; 15.68; 16.12; 2020/05/12 13:00
11.25; 15.56; 16.25; 15.62; 15.93; 2020/05/12 13:30
12.50; 15.62; 16.50; 15.68; 16.25; 2020/05/12 14:00
11.93; 15.62; 16.25; 15.56; 16.12; 2020/05/12 14:30
12.56; 15.62; 16.31; 15.62; 16.06; 2020/05/12 15:00
12.43; 15.56; 16.18; 15.56; 16.00; 2020/05/12 15:30
12.25; 15.56; 16.25; 15.56; 15.93; 2020/05/12 16:00
12.18; 15.56; 16.12; 15.56; 15.87; 2020/05/12 16:30
12.87; 15.56; 16.31; 15.56; 15.87; 2020/05/12 17:00
12.56; 15.50; 16.25; 15.56; 15.87; 2020/05/12 17:30
12.37; 15.50; 16.12; 15.56; 15.81; 2020/05/12 18:00
12.68; 15.50; 16.18; 15.56; 15.87; 2020/05/12 18:30
12.43; 15.50; 16.12; 15.50; 15.81; 2020/05/12 19:00
12.37; 15.43; 16.06; 15.50; 15.81; 2020/05/12 19:30
11.81; 15.43; 16.00; 15.50; 15.75; 2020/05/12 20:00
12.06; 15.43; 15.93; 15.50; 15.75; 2020/05/12 20:30
11.25; 15.37; 15.93; 15.50; 15.68; 2020/05/12 21:00
10.50; 15.37; 15.87; 15.50; 15.68; 2020/05/12 21:30
9.50; 15.31; 15.87; 15.50; 15.62; 2020/05/12 22:00
9.12; 15.31; 15.81; 15.50; 15.62; 2020/05/12 22:30
8.93; 15.25; 15.81; 15.50; 15.56; 2020/05/12 23:00
8.75; 15.25; 15.81; 15.50; 15.50; 2020/05/12 23:30
8.37; 15.18; 15.75; 15.43; 15.50; 2020/05/13 00:00
8.62; 15.18; 15.75; 15.43; 15.43; 2020/05/13 00:30
8.12; 15.18; 15.68; 15.43; 15.43; 2020/05/13 01:00
7.81; 15.12; 15.68; 15.37; 15.43; 2020/05/13 01:30
7.50; 15.12; 15.62; 15.37; 15.37; 2020/05/13 02:00
6.87; 15.06; 15.62; 15.31; 15.31; 2020/05/13 02:30
6.25; 15.06; 15.56; 15.31; 15.31; 2020/05/13 03:00
6.00; 15.00; 15.56; 15.25; 15.25; 2020/05/13 03:30
5.62; 14.93; 15.50; 15.25; 15.18; 2020/05/13 04:00
5.56; 14.93; 15.43; 15.18; 15.12; 2020/05/13 04:30
5.18; 14.87; 15.43; 15.12; 15.12; 2020/05/13 05:00
4.81; 14.87; 15.37; 15.12; 15.06; 2020/05/13 05:30
4.37; 14.81; 15.31; 15.06; 15.00; 2020/05/13 06:00
4.37; 14.75; 15.31; 15.06; 14.93; 2020/05/13 06:30
4.43; 14.75; 15.25; 15.00; 14.87; 2020/05/13 07:00
4.93; 14.68; 15.18; 14.93; 14.87; 2020/05/13 07:30
5.43; 14.62; 15.18; 14.93; 14.81; 2020/05/13 08:00
6.56; 14.62; 15.18; 14.87; 14.75; 2020/05/13 08:30
8.00; 14.62; 15.18; 14.87; 14.81; 2020/05/13 09:00
9.56; 14.62; 15.25; 14.87; 14.81; 2020/05/13 09:30
10.12; 14.68; 15.25; 14.87; 14.93; 2020/05/13 10:00
11.06; 14.68; 15.25; 14.81; 15.31; 2020/05/13 10:30
11.50; 14.68; 15.25; 14.81; 15.31; 2020/05/13 11:00
11.37; 14.75; 15.18; 14.75; 15.43; 2020/05/13 11:30
12.62; 14.75; 15.43; 14.81; 15.62; 2020/05/13 12:00
13.00; 14.75; 15.43; 14.81; 15.68; 2020/05/13 12:30
13.25; 14.75; 15.37; 14.75; 15.68; 2020/05/13 13:00
14.18; 14.81; 15.50; 14.81; 15.93; 2020/05/13 13:30
13.81; 14.81; 15.31; 14.81; 15.87; 2020/05/13 14:00
14.18; 14.81; 15.31; 14.81; 15.75; 2020/05/13 14:30
14.00; 14.87; 15.31; 14.81; 15.81; 2020/05/13 15:00
14.87; 14.87; 15.37; 14.87; 15.75; 2020/05/13 15:30
14.06; 14.81; 15.25; 14.87; 15.62; 2020/05/13 16:00
14.18; 14.81; 15.25; 14.87; 15.56; 2020/05/13 16:30
12.43; 14.81; 15.12; 14.87; 15.50; 2020/05/13 17:00
12.12; 14.75; 15.06; 14.81; 15.43; 2020/05/13 17:30
12.75; 14.75; 15.18; 14.87; 15.50; 2020/05/13 18:00
12.31; 14.75; 15.12; 14.87; 15.43; 2020/05/13 18:30
11.93; 14.75; 15.12; 14.87; 15.43; 2020/05/13 19:00
12.00; 14.75; 15.12; 14.87; 15.43; 2020/05/13 19:30
11.56; 14.68; 15.06; 14.87; 15.37; 2020/05/13 20:00
11.31; 14.68; 15.06; 14.87; 15.37; 2020/05/13 20:30
11.12; 14.68; 15.00; 14.87; 15.31; 2020/05/13 21:00
10.68; 14.62; 15.00; 14.93; 15.25; 2020/05/13 21:30
10.12; 14.62; 15.00; 14.87; 15.25; 2020/05/13 22:00
10.00; 14.62; 15.00; 14.93; 15.25; 2020/05/13 22:30
9.56; 14.62; 15.00; 14.93; 15.18; 2020/05/13 23:00
9.62; 14.56; 15.00; 14.93; 15.18; 2020/05/13 23:30
9.31; 14.56; 14.93; 14.87; 15.18; 2020/05/14 00:00
9.31; 14.56; 15.00; 14.87; 15.12; 2020/05/14 00:30
9.37; 14.50; 14.93; 14.87; 15.12; 2020/05/14 01:00
9.31; 14.50; 14.93; 14.87; 15.06; 2020/05/14 01:30
9.50; 14.50; 14.87; 14.81; 15.06; 2020/05/14 02:00
8.93; 14.50; 14.87; 14.81; 15.00; 2020/05/14 02:30
8.68; 14.43; 14.87; 14.81; 14.93; 2020/05/14 03:00
8.43; 14.43; 14.81; 14.75; 14.93; 2020/05/14 03:30
8.37; 14.43; 14.81; 14.75; 14.87; 2020/05/14 04:00
8.06; 14.37; 14.81; 14.68; 14.87; 2020/05/14 04:30
7.31; 14.37; 14.75; 14.68; 14.81; 2020/05/14 05:00
6.75; 14.31; 14.75; 14.62; 14.81; 2020/05/14 05:30
6.25; 14.31; 14.68; 14.62; 14.75; 2020/05/14 06:00
5.68; 14.25; 14.68; 14.56; 14.68; 2020/05/14 06:30
5.81; 14.25; 14.62; 14.56; 14.68; 2020/05/14 07:00
5.81; 14.18; 14.62; 14.50; 14.62; 2020/05/14 07:30
6.68; 14.18; 14.62; 14.50; 14.56; 2020/05/14 08:00
7.81; 14.12; 14.62; 14.43; 14.56; 2020/05/14 08:30
8.62; 14.18; 14.62; 14.43; 14.56; 2020/05/14 09:00
9.18; 14.18; 14.62; 14.43; 14.56; 2020/05/14 09:30
9.87; 14.18; 14.62; 14.43; 14.68; 2020/05/14 10:00
10.50; 14.18; 14.68; 14.43; 14.93; 2020/05/14 10:30
11.25; 14.25; 14.75; 14.43; 15.18; 2020/05/14 11:00
11.62; 14.25; 14.81; 14.43; 15.37; 2020/05/14 11:30
12.31; 14.31; 14.93; 14.43; 15.56; 2020/05/14 12:00
12.37; 14.31; 14.87; 14.43; 15.56; 2020/05/14 12:30
12.62; 14.31; 14.81; 14.43; 15.56; 2020/05/14 13:00
13.43; 14.31; 14.93; 14.43; 15.62; 2020/05/14 13:30
13.75; 14.37; 14.87; 14.50; 15.68; 2020/05/14 14:00
14.25; 14.37; 14.93; 14.50; 15.62; 2020/05/14 14:30
14.25; 14.43; 15.00; 14.56; 15.68; 2020/05/14 15:00
15.50; 14.43; 15.12; 14.62; 15.68; 2020/05/14 15:30
15.00; 14.50; 15.25; 14.68; 15.62; 2020/05/14 16:00
15.50; 14.50; 15.68; 14.75; 15.56; 2020/05/14 16:30
15.50; 14.56; 15.87; 14.75; 15.50; 2020/05/14 17:00
16.06; 14.56; 16.06; 14.81; 15.43; 2020/05/14 17:30
15.81; 14.62; 16.25; 14.81; 15.37; 2020/05/14 18:00
15.81; 14.68; 16.06; 14.81; 15.37; 2020/05/14 18:30
15.37; 14.62; 15.62; 14.81; 15.31; 2020/05/14 19:00
14.68; 14.56; 15.37; 14.75; 15.31; 2020/05/14 19:30
13.81; 14.50; 15.31; 14.75; 15.25; 2020/05/14 20:00
13.37; 14.50; 15.25; 14.75; 15.18; 2020/05/14 20:30
12.62; 14.43; 15.18; 14.75; 15.18; 2020/05/14 21:00
12.25; 14.43; 15.18; 14.75; 15.18; 2020/05/14 21:30
11.50; 14.37; 15.12; 14.75; 15.18; 2020/05/14 22:00
10.68; 14.37; 15.06; 14.75; 15.12; 2020/05/14 22:30
10.18; 14.31; 15.06; 14.68; 15.12; 2020/05/14 23:00
9.81; 14.31; 15.06; 14.68; 15.06; 2020/05/14 23:30
9.50; 14.31; 15.00; 14.68; 15.06; 2020/05/15 00:00
9.31; 14.25; 15.00; 14.68; 15.00; 2020/05/15 00:30
9.06; 14.25; 15.00; 14.62; 15.00; 2020/05/15 01:00
8.31; 14.25; 15.00; 14.62; 14.93; 2020/05/15 01:30
7.93; 14.18; 14.93; 14.62; 14.93; 2020/05/15 02:00
7.87; 14.18; 14.93; 14.56; 14.87; 2020/05/15 02:30
7.06; 14.12; 14.93; 14.56; 14.87; 2020/05/15 03:00
6.87; 14.12; 14.87; 14.50; 14.81; 2020/05/15 03:30
6.43; 14.12; 14.87; 14.50; 14.75; 2020/05/15 04:00
6.56; 14.06; 14.81; 14.50; 14.75; 2020/05/15 04:30
6.31; 14.06; 14.81; 14.43; 14.68; 2020/05/15 05:00
5.93; 14.00; 14.75; 14.37; 14.68; 2020/05/15 05:30
5.25; 14.00; 14.75; 14.37; 14.62; 2020/05/15 06:00
5.25; 13.93; 14.68; 14.31; 14.56; 2020/05/15 06:30
5.12; 13.93; 14.68; 14.31; 14.50; 2020/05/15 07:00
5.25; 13.87; 14.62; 14.25; 14.50; 2020/05/15 07:30
6.50; 13.87; 14.62; 14.25; 14.43; 2020/05/15 08:00
7.81; 13.87; 14.62; 14.25; 14.43; 2020/05/15 08:30
8.75; 13.87; 14.62; 14.25; 14.37; 2020/05/15 09:00
9.31; 13.87; 14.62; 14.18; 14.43; 2020/05/15 09:30
10.06; 13.93; 14.68; 14.18; 14.56; 2020/05/15 10:00
11.00; 13.93; 14.68; 14.18; 14.75; 2020/05/15 10:30
11.68; 14.00; 14.75; 14.18; 15.00; 2020/05/15 11:00
12.37; 14.00; 14.81; 14.25; 15.25; 2020/05/15 11:30
12.68; 14.06; 14.93; 14.25; 15.37; 2020/05/15 12:00
13.18; 14.06; 14.93; 14.25; 15.50; 2020/05/15 12:30
13.81; 14.12; 15.00; 14.31; 15.62; 2020/05/15 13:00
14.12; 14.43; 14.93; 14.56; 15.81; 2020/05/15 13:30
14.81; 14.62; 15.00; 14.68; 15.87; 2020/05/15 14:00
15.25; 14.87; 15.25; 15.06; 16.00; 2020/05/15 14:30
15.68; 14.87; 15.37; 15.06; 16.00; 2020/05/15 15:00
16.62; 14.93; 15.62; 15.12; 15.87; 2020/05/15 15:30
16.25; 15.06; 15.87; 15.25; 15.81; 2020/05/15 16:00
17.00; 15.00; 16.12; 15.18; 15.75; 2020/05/15 16:30
16.81; 15.06; 16.37; 15.25; 15.62; 2020/05/15 17:00
16.43; 15.00; 16.31; 15.18; 15.62; 2020/05/15 17:30
15.43; 14.75; 15.06; 14.87; 15.56; 2020/05/15 18:00
15.50; 14.87; 15.06; 14.93; 15.50; 2020/05/15 18:30
15.25; 16.37; 21.37; 16.06; 15.43; 2020/05/15 19:00
14.56; 14.87; 17.93; 15.12; 15.43; 2020/05/15 19:30
14.56; 14.68; 18.18; 14.93; 15.37; 2020/05/15 20:00
13.75; 14.56; 17.50; 14.93; 15.37; 2020/05/15 20:30
13.68; 14.56; 17.00; 14.87; 15.31; 2020/05/15 21:00
13.50; 14.50; 16.68; 14.87; 15.31; 2020/05/15 21:30
12.56; 14.43; 16.43; 14.87; 15.31; 2020/05/15 22:00
12.50; 14.43; 16.25; 14.81; 15.25; 2020/05/15 22:30
12.18; 14.43; 16.12; 14.81; 15.25; 2020/05/15 23:00
11.93; 14.37; 16.06; 14.81; 15.25; 2020/05/15 23:30
11.31; 14.37; 15.93; 14.81; 15.25; 2020/05/16 00:00
10.50; 14.37; 15.87; 14.81; 15.18; 2020/05/16 00:30
9.93; 14.31; 15.81; 14.81; 15.18; 2020/05/16 01:00
9.43; 14.31; 15.75; 14.81; 15.12; 2020/05/16 01:30
8.75; 14.31; 15.68; 14.81; 15.06; 2020/05/16 02:00
8.18; 14.25; 15.68; 14.75; 15.06; 2020/05/16 02:30
7.75; 14.25; 15.68; 14.75; 15.06; 2020/05/16 03:00
7.37; 14.18; 15.62; 14.68; 15.00; 2020/05/16 03:30
6.81; 14.18; 15.56; 14.68; 15.00; 2020/05/16 04:00
6.50; 14.12; 15.50; 14.62; 14.93; 2020/05/16 04:30
6.25; 14.12; 15.43; 14.56; 14.87; 2020/05/16 05:00
5.93; 14.06; 15.43; 14.56; 14.87; 2020/05/16 05:30
5.68; 14.06; 15.43; 14.50; 14.81; 2020/05/16 06:00
5.68; 14.00; 15.37; 14.50; 14.75; 2020/05/16 06:30
5.56; 14.00; 15.31; 14.43; 14.75; 2020/05/16 07:00
5.93; 13.93; 15.31; 14.43; 14.68; 2020/05/16 07:30
6.68; 13.93; 15.25; 14.37; 14.68; 2020/05/16 08:00
8.12; 13.93; 15.25; 14.37; 14.62; 2020/05/16 08:30
9.56; 13.93; 15.25; 14.37; 14.62; 2020/05/16 09:00
11.18; 13.93; 15.31; 14.31; 14.68; 2020/05/16 09:30
12.00; 14.00; 15.31; 14.31; 14.81; 2020/05/16 10:00
13.00; 14.00; 15.37; 14.31; 15.06; 2020/05/16 10:30
13.56; 14.06; 15.43; 14.31; 15.25; 2020/05/16 11:00
13.43; 14.06; 15.37; 14.37; 15.43; 2020/05/16 11:30
14.00; 14.12; 15.31; 14.37; 15.37; 2020/05/16 12:00
14.00; 14.12; 15.25; 14.37; 15.25; 2020/05/16 12:30
14.62; 14.12; 15.31; 14.37; 15.25; 2020/05/16 13:00
14.81; 14.18; 15.31; 14.37; 15.31; 2020/05/16 13:30
15.43; 14.25; 15.37; 14.43; 15.37; 2020/05/16 14:00
16.12; 14.31; 15.50; 14.56; 15.56; 2020/05/16 14:30
16.37; 14.31; 15.50; 14.56; 15.56; 2020/05/16 15:00
16.68; 14.37; 15.56; 14.56; 15.50; 2020/05/16 15:30
16.12; 14.37; 15.43; 14.56; 15.50; 2020/05/16 16:00
16.25; 14.37; 15.43; 14.62; 15.43; 2020/05/16 16:30
16.68; 14.37; 15.50; 14.62; 15.50; 2020/05/16 17:00
16.50; 14.43; 15.75; 14.68; 15.50; 2020/05/16 17:30
16.56; 14.43; 15.68; 14.68; 15.50; 2020/05/16 18:00
17.06; 14.50; 15.81; 14.75; 15.50; 2020/05/16 18:30
17.06; 14.50; 15.62; 14.75; 15.50; 2020/05/16 19:00
16.12; 14.50; 15.56; 14.75; 15.50; 2020/05/16 19:30
15.56; 14.43; 15.50; 14.75; 15.43; 2020/05/16 20:00
15.68; 14.43; 15.50; 14.75; 15.43; 2020/05/16 20:30
14.93; 14.43; 15.50; 14.75; 15.43; 2020/05/16 21:00
14.31; 14.43; 15.43; 14.75; 15.43; 2020/05/16 21:30
13.81; 14.37; 15.43; 14.75; 15.37; 2020/05/16 22:00
13.31; 14.37; 15.37; 14.75; 15.37; 2020/05/16 22:30
13.06; 14.37; 15.37; 14.68; 15.31; 2020/05/16 23:00
12.50; 14.31; 15.37; 14.68; 15.31; 2020/05/16 23:30
12.06; 14.31; 15.37; 14.68; 15.31; 2020/05/17 00:00
11.31; 14.31; 15.37; 14.68; 15.25; 2020/05/17 00:30
10.93; 14.31; 15.37; 14.68; 15.25; 2020/05/17 01:00
10.50; 14.25; 15.37; 14.68; 15.25; 2020/05/17 01:30
9.81; 14.25; 15.37; 14.68; 15.18; 2020/05/17 02:00
9.50; 14.25; 15.31; 14.68; 15.18; 2020/05/17 02:30
9.00; 14.18; 15.31; 14.62; 15.12; 2020/05/17 03:00
8.50; 14.18; 15.31; 14.62; 15.12; 2020/05/17 03:30
8.12; 14.18; 15.31; 14.62; 15.06; 2020/05/17 04:00
7.87; 14.12; 15.25; 14.56; 15.06; 2020/05/17 04:30
7.50; 14.12; 15.25; 14.50; 15.00; 2020/05/17 05:00
7.12; 14.06; 15.18; 14.50; 15.00; 2020/05/17 05:30
6.81; 14.06; 15.18; 14.50; 14.93; 2020/05/17 06:00
6.56; 14.06; 15.18; 14.43; 14.87; 2020/05/17 06:30
6.43; 14.00; 15.12; 14.37; 14.87; 2020/05/17 07:00
6.87; 13.93; 15.12; 14.37; 14.81; 2020/05/17 07:30
7.56; 13.93; 15.12; 14.37; 14.81; 2020/05/17 08:00
9.87; 13.93; 15.12; 14.31; 14.81; 2020/05/17 08:30
9.87; 13.93; 15.18; 14.31; 14.81; 2020/05/17 09:00
10.68; 14.00; 15.18; 14.31; 14.81; 2020/05/17 09:30
11.93; 14.00; 15.18; 14.31; 15.00; 2020/05/17 10:00
12.68; 14.06; 15.25; 14.31; 15.25; 2020/05/17 10:30
13.12; 14.06; 15.31; 14.31; 15.50; 2020/05/17 11:00
13.75; 14.12; 15.37; 14.37; 15.62; 2020/05/17 11:30
14.81; 14.12; 15.50; 14.37; 15.81; 2020/05/17 12:00
14.93; 14.18; 15.50; 14.43; 16.06; 2020/05/17 12:30
15.87; 14.31; 15.56; 14.50; 16.12; 2020/05/17 13:00
16.06; 14.31; 15.50; 14.56; 16.06; 2020/05/17 13:30
16.62; 14.37; 15.56; 14.56; 16.18; 2020/05/17 14:00
16.12; 14.43; 15.43; 14.56; 16.06; 2020/05/17 14:30
16.25; 14.43; 15.43; 14.62; 16.00; 2020/05/17 15:00
16.37; 14.43; 15.50; 14.62; 15.93; 2020/05/17 15:30
16.93; 14.43; 15.50; 14.62; 15.93; 2020/05/17 16:00
17.43; 14.50; 15.93; 14.75; 15.93; 2020/05/17 16:30
17.50; 14.56; 15.93; 14.75; 15.93; 2020/05/17 17:00
17.50; 14.56; 15.81; 14.81; 15.93; 2020/05/17 17:30
18.06; 14.56; 15.93; 14.87; 15.93; 2020/05/17 18:00
17.37; 14.56; 15.93; 14.87; 15.93; 2020/05/17 18:30
16.87; 14.56; 15.81; 14.81; 15.93; 2020/05/17 19:00
16.75; 14.68; 15.75; 14.93; 15.93; 2020/05/17 19:30
16.43; 14.56; 15.75; 14.87; 15.93; 2020/05/17 20:00
16.31; 14.56; 15.68; 14.87; 15.87; 2020/05/17 20:30
15.37; 14.56; 15.68; 14.87; 15.87; 2020/05/17 21:00
14.81; 14.56; 15.62; 14.87; 15.87; 2020/05/17 21:30
14.12; 14.56; 15.62; 14.87; 15.87; 2020/05/17 22:00
13.37; 14.50; 15.62; 14.87; 15.81; 2020/05/17 22:30
12.68; 14.50; 15.62; 14.87; 15.81; 2020/05/17 23:00
12.25; 14.50; 15.62; 14.87; 15.81; 2020/05/17 23:30
11.56; 14.43; 15.62; 14.87; 15.75; 2020/05/18 00:00
11.18; 14.43; 15.62; 14.87; 15.68; 2020/05/18 00:30
10.62; 14.43; 15.56; 14.87; 15.68; 2020/05/18 01:00
10.25; 14.37; 15.56; 14.87; 15.68; 2020/05/18 01:30
10.18; 14.37; 15.56; 14.87; 15.62; 2020/05/18 02:00
9.68; 14.37; 15.56; 14.81; 15.56; 2020/05/18 02:30
9.31; 14.31; 15.56; 14.81; 15.56; 2020/05/18 03:00
9.18; 14.31; 15.56; 14.81; 15.50; 2020/05/18 03:30
8.81; 14.25; 15.50; 14.75; 15.50; 2020/05/18 04:00
8.75; 14.25; 15.50; 14.75; 15.43; 2020/05/18 04:30
8.50; 14.25; 15.50; 14.75; 15.37; 2020/05/18 05:00
8.12; 14.18; 15.43; 14.68; 15.31; 2020/05/18 05:30
8.25; 14.18; 15.43; 14.62; 15.31; 2020/05/18 06:00
7.93; 14.18; 15.43; 14.62; 15.25; 2020/05/18 06:30
8.12; 14.18; 15.43; 14.56; 15.25; 2020/05/18 07:00
8.75; 14.12; 15.37; 14.56; 15.18; 2020/05/18 07:30
9.62; 14.12; 15.37; 14.56; 15.18; 2020/05/18 08:00
10.81; 14.12; 15.37; 14.56; 15.12; 2020/05/18 08:30
12.18; 14.12; 15.43; 14.50; 15.18; 2020/05/18 09:00
13.18; 14.18; 15.50; 14.50; 15.25; 2020/05/18 09:30
14.00; 14.18; 15.56; 14.50; 15.37; 2020/05/18 10:00
14.50; 14.25; 15.62; 14.56; 15.56; 2020/05/18 10:30
15.43; 14.31; 15.68; 14.56; 15.81; 2020/05/18 11:00
16.18; 14.37; 15.68; 14.62; 15.93; 2020/05/18 11:30
17.18; 14.43; 15.75; 14.68; 16.06; 2020/05/18 12:00
17.87; 14.50; 15.81; 14.75; 16.18; 2020/05/18 12:30
18.37; 14.62; 15.87; 14.81; 16.37; 2020/05/18 13:00
19.12; 14.68; 15.93; 14.87; 16.50; 2020/05/18 13:30
19.56; 14.75; 16.00; 14.93; 16.68; 2020/05/18 14:00
20.18; 14.81; 16.00; 15.00; 16.75; 2020/05/18 14:30
20.37; 14.93; 16.12; 15.12; 16.75; 2020/05/18 15:00
20.75; 15.00; 16.31; 15.12; 16.75; 2020/05/18 15:30
21.75; 15.00; 16.56; 15.25; 16.68; 2020/05/18 16:00
22.12; 15.06; 16.87; 15.37; 16.75; 2020/05/18 16:30
21.93; 15.12; 17.06; 15.43; 16.68; 2020/05/18 17:00
22.12; 15.25; 17.25; 15.50; 16.68; 2020/05/18 17:30
22.00; 15.25; 17.18; 15.50; 16.68; 2020/05/18 18:00
22.25; 15.37; 17.12; 15.56; 16.68; 2020/05/18 18:30
21.75; 15.31; 16.87; 15.56; 16.75; 2020/05/18 19:00
20.62; 15.31; 16.68; 15.56; 16.75; 2020/05/18 19:30
21.06; 15.31; 16.68; 15.56; 16.75; 2020/05/18 20:00
19.93; 15.31; 16.62; 15.62; 16.75; 2020/05/18 20:30
19.00; 15.31; 16.62; 15.68; 16.68; 2020/05/18 21:00
18.37; 15.31; 16.62; 15.68; 16.68; 2020/05/18 21:30
17.50; 15.25; 16.56; 15.75; 16.68; 2020/05/18 22:00
16.81; 15.25; 16.56; 15.75; 16.68; 2020/05/18 22:30
16.25; 15.25; 16.56; 15.75; 16.68; 2020/05/18 23:00
15.62; 15.25; 16.56; 15.75; 16.75; 2020/05/18 23:30
15.00; 15.25; 16.56; 15.75; 16.68; 2020/05/19 00:00
14.31; 15.25; 16.56; 15.75; 16.68; 2020/05/19 00:30
13.75; 15.25; 16.56; 15.75; 16.62; 2020/05/19 01:00
13.06; 15.25; 16.56; 15.75; 16.56; 2020/05/19 01:30
12.37; 15.25; 16.56; 15.75; 16.50; 2020/05/19 02:00
12.06; 15.18; 16.56; 15.75; 16.43; 2020/05/19 02:30
11.56; 15.18; 16.56; 15.75; 16.43; 2020/05/19 03:00
10.87; 15.18; 16.56; 15.75; 16.37; 2020/05/19 03:30
10.62; 15.12; 16.50; 15.75; 16.37; 2020/05/19 04:00
10.18; 15.12; 16.50; 15.68; 16.31; 2020/05/19 04:30
9.87; 15.06; 16.50; 15.68; 16.31; 2020/05/19 05:00
9.93; 15.06; 16.50; 15.62; 16.25; 2020/05/19 05:30
9.93; 15.00; 16.50; 15.62; 16.18; 2020/05/19 06:00
10.50; 15.00; 16.50; 15.62; 16.18; 2020/05/19 06:30
10.43; 15.00; 16.50; 15.56; 16.12; 2020/05/19 07:00
10.87; 15.00; 16.43; 15.56; 16.12; 2020/05/19 07:30
11.06; 15.00; 16.43; 15.50; 16.06; 2020/05/19 08:00
12.06; 15.00; 16.43; 15.50; 16.06; 2020/05/19 08:30
13.25; 15.00; 16.50; 15.50; 16.06; 2020/05/19 09:00
14.31; 15.06; 16.56; 15.50; 16.12; 2020/05/19 09:30
14.87; 15.06; 16.56; 15.50; 16.12; 2020/05/19 10:00
15.37; 15.12; 16.62; 15.50; 16.18; 2020/05/19 10:30
16.50; 15.12; 16.75; 15.50; 16.50; 2020/05/19 11:00
17.50; 15.25; 16.81; 15.56; 16.81; 2020/05/19 11:30
18.00; 15.25; 16.81; 15.62; 16.87; 2020/05/19 12:00
19.06; 15.31; 16.93; 15.68; 17.12; 2020/05/19 12:30
19.62; 15.43; 16.87; 15.68; 17.25; 2020/05/19 13:00
20.50; 15.50; 17.06; 15.81; 17.31; 2020/05/19 13:30
21.00; 15.56; 17.12; 15.93; 17.43; 2020/05/19 14:00
21.25; 15.62; 17.12; 16.00; 17.50; 2020/05/19 14:30
21.37; 15.68; 17.18; 16.06; 17.50; 2020/05/19 15:00
21.43; 15.75; 17.25; 16.12; 17.56; 2020/05/19 15:30
21.43; 15.75; 17.18; 16.06; 17.50; 2020/05/19 16:00
21.87; 15.81; 17.31; 16.12; 17.50; 2020/05/19 16:30
21.43; 15.81; 17.31; 16.12; 17.43; 2020/05/19 17:00
21.68; 15.87; 17.31; 16.18; 17.43; 2020/05/19 17:30
21.56; 15.87; 17.43; 16.25; 17.43; 2020/05/19 18:00
21.00; 15.87; 17.31; 16.25; 17.50; 2020/05/19 18:30
20.62; 15.87; 17.25; 16.31; 17.43; 2020/05/19 19:00
20.37; 15.93; 17.25; 16.31; 17.43; 2020/05/19 19:30
20.75; 15.93; 17.31; 16.37; 17.43; 2020/05/19 20:00
19.62; 15.93; 17.31; 16.43; 17.50; 2020/05/19 20:30
19.18; 16.00; 17.31; 16.50; 17.43; 2020/05/19 21:00
18.81; 16.00; 17.31; 16.50; 17.43; 2020/05/19 21:30
18.62; 16.00; 17.31; 16.56; 17.43; 2020/05/19 22:00
18.37; 16.00; 17.31; 16.56; 17.43; 2020/05/19 22:30
18.37; 16.06; 17.37; 16.56; 17.43; 2020/05/19 23:00
18.25; 16.06; 17.37; 16.62; 17.50; 2020/05/19 23:30
18.00; 16.06; 17.37; 16.62; 17.50; 2020/05/20 00:00
17.56; 16.06; 17.43; 16.62; 17.50; 2020/05/20 00:30
17.43; 16.06; 17.43; 16.62; 17.50; 2020/05/20 01:00
17.18; 16.06; 17.43; 16.68; 17.50; 2020/05/20 01:30
16.75; 16.06; 17.43; 16.68; 17.50; 2020/05/20 02:00
16.37; 16.06; 17.43; 16.68; 17.50; 2020/05/20 02:30
16.37; 16.06; 17.43; 16.68; 17.50; 2020/05/20 03:00
16.12; 16.06; 17.50; 16.68; 17.50; 2020/05/20 03:30
16.00; 16.12; 17.50; 16.68; 17.50; 2020/05/20 04:00
15.87; 16.12; 17.50; 16.68; 17.50; 2020/05/20 04:30
15.68; 16.12; 17.50; 16.75; 17.50; 2020/05/20 05:00
15.43; 16.12; 17.50; 16.75; 17.43; 2020/05/20 05:30
15.06; 16.12; 17.50; 16.68; 17.43; 2020/05/20 06:00
14.62; 16.12; 17.50; 16.68; 17.43; 2020/05/20 06:30
14.62; 16.12; 17.50; 16.75; 17.43; 2020/05/20 07:00
14.62; 16.12; 17.50; 16.68; 17.37; 2020/05/20 07:30
14.81; 16.12; 17.56; 16.68; 17.37; 2020/05/20 08:00
15.62; 16.12; 17.56; 16.68; 17.43; 2020/05/20 08:30
16.50; 16.18; 17.56; 16.75; 17.43; 2020/05/20 09:00
16.50; 16.18; 17.62; 16.75; 17.43; 2020/05/20 09:30
16.75; 16.25; 17.62; 16.75; 17.43; 2020/05/20 10:00
16.93; 16.25; 17.62; 16.75; 17.43; 2020/05/20 10:30
17.06; 16.31; 17.68; 16.75; 17.43; 2020/05/20 11:00
17.50; 16.31; 17.68; 16.75; 17.50; 2020/05/20 11:30
17.50; 16.31; 17.68; 16.75; 17.50; 2020/05/20 12:00
17.62; 16.37; 17.68; 16.75; 17.50; 2020/05/20 12:30
18.12; 16.37; 17.75; 16.81; 17.56; 2020/05/20 13:00
18.50; 16.43; 17.81; 16.81; 17.56; 2020/05/20 13:30
18.62; 16.50; 17.87; 16.87; 17.68; 2020/05/20 14:00
19.31; 16.56; 18.00; 16.87; 17.75; 2020/05/20 14:30
19.56; 16.56; 18.06; 16.93; 17.87; 2020/05/20 15:00
19.43; 16.62; 18.06; 17.00; 17.93; 2020/05/20 15:30
19.56; 16.62; 18.06; 17.00; 17.87; 2020/05/20 16:00
19.43; 16.62; 18.00; 17.00; 17.87; 2020/05/20 16:30
19.43; 16.68; 18.06; 17.00; 17.93; 2020/05/20 17:00
19.43; 16.68; 18.00; 17.00; 17.87; 2020/05/20 17:30
19.75; 16.68; 18.12; 17.06; 17.87; 2020/05/20 18:00
19.81; 16.75; 18.12; 17.06; 17.93; 2020/05/20 18:30
19.81; 16.75; 18.12; 17.12; 17.93; 2020/05/20 19:00
19.25; 16.81; 18.12; 17.12; 17.93; 2020/05/20 19:30
19.31; 16.81; 18.12; 17.18; 17.93; 2020/05/20 20:00
18.93; 16.81; 18.12; 17.18; 17.93; 2020/05/20 20:30
18.31; 16.81; 18.06; 17.18; 17.93; 2020/05/20 21:00
17.81; 16.81; 18.06; 17.18; 17.87; 2020/05/20 21:30
17.25; 16.81; 18.00; 17.25; 17.81; 2020/05/20 22:00
16.68; 16.75; 18.00; 17.25; 17.87; 2020/05/20 22:30
16.18; 16.75; 18.00; 17.25; 17.87; 2020/05/20 23:00
15.56; 16.75; 18.00; 17.25; 17.87; 2020/05/20 23:30
15.12; 16.75; 18.00; 17.25; 17.81; 2020/05/21 00:00
14.50; 16.68; 18.00; 17.25; 17.81; 2020/05/21 00:30
14.25; 16.68; 18.00; 17.25; 17.81; 2020/05/21 01:00
13.75; 16.68; 18.00; 17.25; 17.75; 2020/05/21 01:30
13.31; 16.68; 17.93; 17.18; 17.75; 2020/05/21 02:00
13.06; 16.68; 17.93; 17.18; 17.68; 2020/05/21 02:30
12.62; 16.62; 17.93; 17.18; 17.62; 2020/05/21 03:00
12.37; 16.62; 17.93; 17.12; 17.62; 2020/05/21 03:30
12.06; 16.62; 17.93; 17.12; 17.56; 2020/05/21 04:00
11.87; 16.62; 17.87; 17.12; 17.50; 2020/05/21 04:30
11.50; 16.56; 17.87; 17.06; 17.50; 2020/05/21 05:00
11.18; 16.56; 17.87; 17.06; 17.37; 2020/05/21 05:30
11.12; 16.56; 17.87; 17.00; 17.37; 2020/05/21 06:00
10.81; 16.56; 17.81; 17.00; 17.37; 2020/05/21 06:30
10.87; 16.50; 17.81; 17.00; 17.31; 2020/05/21 07:00
11.18; 16.50; 17.81; 16.93; 17.31; 2020/05/21 07:30
12.06; 16.50; 17.81; 16.93; 17.31; 2020/05/21 08:00
12.93; 16.50; 17.81; 16.87; 17.31; 2020/05/21 08:30
14.31; 16.50; 17.93; 16.87; 17.31; 2020/05/21 09:00
15.75; 16.56; 17.93; 16.87; 17.37; 2020/05/21 09:30
17.18; 16.56; 18.00; 16.87; 17.62; 2020/05/21 10:00
18.31; 16.62; 18.06; 16.87; 17.87; 2020/05/21 10:30
19.18; 16.68; 18.12; 16.93; 18.12; 2020/05/21 11:00
19.87; 16.75; 18.18; 17.00; 18.31; 2020/05/21 11:30
20.62; 16.81; 18.25; 17.06; 18.50; 2020/05/21 12:00
21.18; 16.87; 18.31; 17.12; 18.68; 2020/05/21 12:30
21.68; 16.93; 18.31; 17.25; 18.81; 2020/05/21 13:00
22.37; 17.06; 18.43; 17.31; 19.12; 2020/05/21 13:30
23.06; 17.12; 18.43; 17.37; 19.12; 2020/05/21 14:00
23.81; 17.18; 18.50; 17.50; 19.12; 2020/05/21 14:30
23.81; 17.25; 18.62; 17.56; 19.18; 2020/05/21 15:00
24.81; 17.31; 18.81; 17.62; 19.12; 2020/05/21 15:30
25.06; 17.37; 19.06; 17.75; 19.18; 2020/05/21 16:00
25.75; 17.43; 19.37; 17.87; 19.18; 2020/05/21 16:30
25.31; 17.50; 19.56; 17.93; 19.12; 2020/05/21 17:00
25.87; 17.56; 19.62; 17.87; 19.12; 2020/05/21 17:30
26.00; 17.62; 19.93; 17.93; 19.12; 2020/05/21 18:00
25.87; 17.75; 19.81; 18.00; 19.12; 2020/05/21 18:30
25.00; 17.75; 19.43; 18.06; 19.12; 2020/05/21 19:00
23.93; 17.68; 19.31; 18.06; 19.12; 2020/05/21 19:30
22.93; 17.75; 19.25; 18.12; 19.12; 2020/05/21 20:00
22.31; 17.75; 19.18; 18.12; 19.12; 2020/05/21 20:30
21.62; 17.75; 19.18; 18.18; 19.06; 2020/05/21 21:00
20.87; 17.75; 19.18; 18.18; 19.06; 2020/05/21 21:30
20.12; 17.75; 19.18; 18.25; 19.12; 2020/05/21 22:00
19.62; 17.75; 19.18; 18.25; 19.18; 2020/05/21 22:30
18.75; 17.75; 19.18; 18.31; 19.18; 2020/05/21 23:00
18.12; 17.75; 19.18; 18.31; 19.25; 2020/05/21 23:30
17.62; 17.75; 19.18; 18.31; 19.18; 2020/05/22 00:00
17.06; 17.68; 19.18; 18.31; 19.18; 2020/05/22 00:30
16.68; 17.68; 19.25; 18.37; 19.12; 2020/05/22 01:00
16.18; 17.68; 19.25; 18.31; 19.06; 2020/05/22 01:30
15.75; 17.68; 19.25; 18.37; 19.06; 2020/05/22 02:00
15.50; 17.68; 19.25; 18.37; 19.06; 2020/05/22 02:30
15.25; 17.62; 19.25; 18.37; 19.00; 2020/05/22 03:00
15.06; 17.62; 19.25; 18.37; 19.00; 2020/05/22 03:30
14.75; 17.62; 19.25; 18.31; 18.93; 2020/05/22 04:00
14.37; 17.62; 19.25; 18.31; 18.87; 2020/05/22 04:30
14.18; 17.62; 19.25; 18.31; 18.87; 2020/05/22 05:00
14.06; 17.62; 19.25; 18.25; 18.81; 2020/05/22 05:30
13.93; 17.62; 19.18; 18.25; 18.75; 2020/05/22 06:00
13.56; 17.62; 19.18; 18.25; 18.75; 2020/05/22 06:30
14.31; 17.62; 19.18; 18.18; 18.68; 2020/05/22 07:00
14.25; 17.56; 19.18; 18.18; 18.68; 2020/05/22 07:30
15.12; 17.62; 19.25; 18.18; 18.62; 2020/05/22 08:00
16.00; 17.62; 19.25; 18.18; 18.68; 2020/05/22 08:30
16.81; 17.62; 19.25; 18.18; 18.68; 2020/05/22 09:00
18.68; 17.62; 19.25; 18.18; 18.68; 2020/05/22 09:30
18.68; 17.68; 19.25; 18.18; 18.68; 2020/05/22 10:00
19.00; 17.68; 19.31; 18.18; 18.68; 2020/05/22 10:30
19.81; 17.75; 19.31; 18.18; 18.68; 2020/05/22 11:00
19.93; 17.75; 19.31; 18.18; 18.75; 2020/05/22 11:30
20.75; 17.81; 19.31; 18.18; 18.75; 2020/05/22 12:00
21.37; 17.87; 19.37; 18.25; 18.75; 2020/05/22 12:30
22.68; 17.93; 19.50; 18.31; 18.87; 2020/05/22 13:00
23.62; 18.06; 19.56; 18.37; 19.12; 2020/05/22 13:30
23.56; 18.12; 19.50; 18.43; 19.12; 2020/05/22 14:00
24.00; 18.12; 19.56; 18.43; 19.12; 2020/05/22 14:30
24.62; 18.18; 19.62; 18.50; 19.18; 2020/05/22 15:00
24.93; 18.25; 19.68; 18.56; 19.25; 2020/05/22 15:30
25.31; 18.37; 19.81; 18.62; 19.37; 2020/05/22 16:00
25.25; 18.43; 19.68; 18.68; 19.31; 2020/05/22 16:30
24.81; 18.43; 19.68; 18.68; 19.31; 2020/05/22 17:00
23.56; 18.43; 19.62; 18.68; 19.37; 2020/05/22 17:30
22.56; 19.18; 20.00; 19.50; 19.37; 2020/05/22 18:00
21.56; 20.56; 26.37; 20.31; 19.56; 2020/05/22 18:30
21.31; 20.43; 30.93; 20.43; 19.93; 2020/05/22 19:00
20.93; 20.31; 32.81; 20.37; 20.31; 2020/05/22 19:30
20.62; 21.12; 28.37; 20.68; 20.12; 2020/05/22 20:00
19.87; 19.43; 26.62; 19.75; 19.68; 2020/05/22 20:30
19.25; 19.18; 25.06; 19.50; 19.62; 2020/05/22 21:00
18.81; 19.00; 24.12; 19.43; 19.56; 2020/05/22 21:30
18.37; 18.87; 23.43; 19.31; 19.56; 2020/05/22 22:00
18.56; 18.81; 23.00; 19.31; 19.56; 2020/05/22 22:30
18.43; 18.81; 22.62; 19.31; 19.56; 2020/05/22 23:00
17.81; 18.75; 22.37; 19.25; 19.56; 2020/05/22 23:30
17.75; 18.75; 22.18; 19.25; 19.56; 2020/05/23 00:00
17.50; 18.68; 22.06; 19.25; 19.56; 2020/05/23 00:30
17.43; 18.68; 21.93; 19.18; 19.56; 2020/05/23 01:00
17.25; 18.68; 21.87; 19.18; 19.56; 2020/05/23 01:30
17.12; 18.68; 21.75; 19.12; 19.50; 2020/05/23 02:00
17.12; 18.68; 21.62; 19.18; 19.50; 2020/05/23 02:30
16.93; 18.68; 21.56; 19.18; 19.50; 2020/05/23 03:00
16.68; 18.62; 21.50; 19.12; 19.43; 2020/05/23 03:30
16.43; 18.68; 21.43; 19.12; 19.43; 2020/05/23 04:00
16.18; 18.62; 21.37; 19.12; 19.37; 2020/05/23 04:30
15.87; 18.62; 21.31; 19.06; 19.37; 2020/05/23 05:00
16.00; 18.56; 21.25; 19.00; 19.31; 2020/05/23 05:30
15.25; 18.56; 21.18; 18.93; 19.31; 2020/05/23 06:00
15.56; 18.50; 21.12; 18.93; 19.31; 2020/05/23 06:30
15.56; 18.50; 21.12; 18.87; 19.25; 2020/05/23 07:00
15.56; 18.50; 21.06; 18.87; 19.25; 2020/05/23 07:30
15.68; 18.50; 21.00; 18.87; 19.18; 2020/05/23 08:00
15.56; 18.50; 21.00; 18.87; 19.18; 2020/05/23 08:30
15.37; 18.50; 20.93; 18.87; 19.18; 2020/05/23 09:00
15.81; 18.50; 20.93; 18.87; 19.18; 2020/05/23 09:30
15.75; 18.50; 20.93; 18.81; 19.18; 2020/05/23 10:00
15.68; 18.43; 20.87; 18.81; 19.18; 2020/05/23 10:30
16.18; 18.50; 20.87; 18.81; 19.18; 2020/05/23 11:00
16.06; 18.50; 20.81; 18.81; 19.25; 2020/05/23 11:30
16.31; 18.50; 20.81; 18.81; 19.25; 2020/05/23 12:00
16.50; 18.50; 20.81; 18.75; 19.25; 2020/05/23 12:30
16.18; 18.43; 20.81; 18.75; 19.25; 2020/05/23 13:00
16.62; 18.50; 20.81; 18.81; 19.25; 2020/05/23 13:30
16.93; 18.50; 20.87; 18.81; 19.37; 2020/05/23 14:00
17.37; 18.56; 20.87; 18.81; 19.43; 2020/05/23 14:30
17.68; 18.62; 20.93; 18.87; 19.50; 2020/05/23 15:00
18.25; 18.68; 21.00; 18.87; 19.50; 2020/05/23 15:30
19.06; 18.81; 21.06; 19.00; 19.56; 2020/05/23 16:00
19.25; 18.81; 21.12; 19.06; 19.56; 2020/05/23 16:30
19.37; 18.87; 21.12; 19.06; 19.50; 2020/05/23 17:00
20.31; 18.93; 21.43; 19.18; 19.50; 2020/05/23 17:30
20.43; 19.00; 21.50; 19.18; 19.43; 2020/05/23 18:00
19.93; 18.87; 21.18; 19.06; 19.43; 2020/05/23 18:30
19.37; 18.87; 21.00; 19.06; 19.43; 2020/05/23 19:00
19.00; 18.81; 20.93; 19.06; 19.43; 2020/05/23 19:30
18.75; 18.75; 20.87; 19.00; 19.37; 2020/05/23 20:00
18.00; 18.75; 20.81; 19.00; 19.37; 2020/05/23 20:30
18.25; 18.68; 20.75; 19.00; 19.31; 2020/05/23 21:00
17.43; 18.68; 20.68; 19.06; 19.31; 2020/05/23 21:30
17.12; 18.68; 20.62; 19.00; 19.31; 2020/05/23 22:00
16.93; 18.62; 20.62; 19.00; 19.25; 2020/05/23 22:30
16.37; 18.62; 20.56; 19.00; 19.25; 2020/05/23 23:00
15.68; 18.62; 20.56; 19.00; 19.25; 2020/05/23 23:30
15.56; 18.56; 20.50; 18.93; 19.25; 2020/05/24 00:00
15.00; 18.56; 20.50; 18.93; 19.25; 2020/05/24 00:30
15.12; 18.56; 20.50; 18.93; 19.25; 2020/05/24 01:00
14.81; 18.50; 20.43; 18.87; 19.18; 2020/05/24 01:30
14.81; 18.50; 20.43; 18.87; 19.18; 2020/05/24 02:00
14.31; 18.50; 20.43; 18.87; 19.12; 2020/05/24 02:30
13.93; 18.50; 20.37; 18.87; 19.12; 2020/05/24 03:00
14.00; 18.43; 20.37; 18.81; 19.12; 2020/05/24 03:30
14.00; 18.43; 20.31; 18.81; 19.12; 2020/05/24 04:00
13.62; 18.37; 20.31; 18.75; 19.06; 2020/05/24 04:30
13.25; 18.37; 20.25; 18.75; 19.06; 2020/05/24 05:00
13.18; 18.37; 20.18; 18.75; 19.00; 2020/05/24 05:30
12.87; 18.37; 20.18; 18.68; 19.00; 2020/05/24 06:00
13.00; 18.31; 20.12; 18.68; 19.00; 2020/05/24 06:30
12.75; 18.31; 20.12; 18.68; 18.93; 2020/05/24 07:00
13.06; 18.31; 20.12; 18.68; 18.93; 2020/05/24 07:30
13.00; 18.25; 20.06; 18.62; 18.93; 2020/05/24 08:00
13.00; 18.25; 20.06; 18.62; 18.93; 2020/05/24 08:30
13.56; 18.25; 20.06; 18.56; 18.93; 2020/05/24 09:00
13.68; 18.18; 20.06; 18.56; 18.93; 2020/05/24 09:30
14.31; 18.18; 20.00; 18.56; 18.93; 2020/05/24 10:00
14.87; 18.25; 20.12; 18.56; 18.93; 2020/05/24 10:30
15.18; 18.25; 20.06; 18.56; 19.00; 2020/05/24 11:00
16.00; 18.25; 20.06; 18.56; 19.06; 2020/05/24 11:30
15.75; 18.25; 19.93; 18.50; 19.06; 2020/05/24 12:00
16.00; 18.25; 19.87; 18.50; 19.00; 2020/05/24 12:30
16.18; 18.25; 19.87; 18.50; 18.93; 2020/05/24 13:00
16.56; 18.25; 19.93; 18.50; 19.00; 2020/05/24 13:30
16.62; 18.25; 19.87; 18.50; 19.00; 2020/05/24 14:00
15.93; 18.18; 19.81; 18.50; 18.93; 2020/05/24 14:30
16.00; 18.18; 19.81; 18.43; 18.93; 2020/05/24 15:00
16.00; 18.18; 19.81; 18.43; 18.93; 2020/05/24 15:30
15.81; 18.12; 19.75; 18.50; 18.93; 2020/05/24 16:00
15.68; 18.18; 19.75; 18.43; 18.93; 2020/05/24 16:30
15.06; 18.12; 19.68; 18.43; 18.93; 2020/05/24 17:00
15.31; 18.12; 19.68; 18.43; 18.87; 2020/05/24 17:30
15.37; 18.18; 19.68; 18.50; 18.93; 2020/05/24 18:00
15.37; 18.12; 19.62; 18.43; 18.87; 2020/05/24 18:30
15.62; 18.12; 19.62; 18.43; 18.87; 2020/05/24 19:00
15.81; 18.18; 19.56; 18.43; 18.87; 2020/05/24 19:30
15.56; 18.12; 19.56; 18.43; 18.87; 2020/05/24 20:00
15.75; 18.18; 19.50; 18.43; 18.87; 2020/05/24 20:30
15.43; 18.12; 19.50; 18.43; 18.81; 2020/05/24 21:00
15.31; 18.12; 19.43; 18.43; 18.81; 2020/05/24 21:30
14.75; 18.12; 19.43; 18.43; 18.81; 2020/05/24 22:00
14.93; 18.06; 19.43; 18.43; 18.81; 2020/05/24 22:30
14.87; 18.12; 19.37; 18.43; 18.81; 2020/05/24 23:00
14.93; 18.06; 19.37; 18.37; 18.75; 2020/05/24 23:30
14.75; 18.06; 19.37; 18.37; 18.75; 2020/05/25 00:00
14.75; 18.06; 19.31; 18.37; 18.75; 2020/05/25 00:30
14.50; 18.06; 19.31; 18.37; 18.75; 2020/05/25 01:00
14.50; 18.00; 19.31; 18.37; 18.68; 2020/05/25 01:30
14.31; 18.00; 19.25; 18.37; 18.68; 2020/05/25 02:00
14.25; 18.00; 19.25; 18.31; 18.68; 2020/05/25 02:30
14.18; 18.00; 19.25; 18.31; 18.68; 2020/05/25 03:00
13.93; 18.00; 19.18; 18.31; 18.68; 2020/05/25 03:30
14.06; 17.93; 19.18; 18.31; 18.62; 2020/05/25 04:00
13.87; 17.93; 19.12; 18.25; 18.62; 2020/05/25 04:30
14.18; 17.93; 19.12; 18.25; 18.62; 2020/05/25 05:00
14.06; 17.93; 19.12; 18.25; 18.62; 2020/05/25 05:30
13.87; 17.87; 19.12; 18.18; 18.56; 2020/05/25 06:00
14.00; 17.87; 19.06; 18.18; 18.56; 2020/05/25 06:30
13.87; 17.87; 19.06; 18.18; 18.56; 2020/05/25 07:00
14.00; 17.87; 19.00; 18.18; 18.50; 2020/05/25 07:30
14.18; 17.81; 19.00; 18.12; 18.50; 2020/05/25 08:00
14.37; 17.81; 19.00; 18.12; 18.50; 2020/05/25 08:30
14.43; 17.81; 19.00; 18.12; 18.50; 2020/05/25 09:00
14.62; 17.75; 19.00; 18.12; 18.50; 2020/05/25 09:30
14.68; 17.75; 18.93; 18.06; 18.50; 2020/05/25 10:00
15.12; 17.75; 19.00; 18.06; 18.50; 2020/05/25 10:30
15.25; 17.75; 19.00; 18.06; 18.50; 2020/05/25 11:00
16.12; 17.68; 19.12; 18.00; 18.56; 2020/05/25 11:30
16.31; 17.75; 19.06; 18.00; 18.62; 2020/05/25 12:00
16.31; 17.81; 19.00; 18.06; 18.62; 2020/05/25 12:30
16.93; 17.81; 19.06; 18.06; 18.62; 2020/05/25 13:00
16.87; 17.87; 19.00; 18.06; 18.62; 2020/05/25 13:30
17.56; 17.93; 19.06; 18.12; 18.62; 2020/05/25 14:00
17.31; 17.93; 19.00; 18.12; 18.62; 2020/05/25 14:30
17.50; 17.93; 19.00; 18.12; 18.62; 2020/05/25 15:00
17.50; 17.93; 19.00; 18.12; 18.62; 2020/05/25 15:30
17.93; 18.06; 19.06; 18.18; 18.68; 2020/05/25 16:00
18.68; 18.25; 19.25; 18.37; 18.68; 2020/05/25 16:30
18.62; 18.25; 19.18; 18.37; 18.68; 2020/05/25 17:00
19.62; 18.37; 19.43; 18.50; 18.75; 2020/05/25 17:30
20.12; 18.43; 19.68; 18.50; 18.68; 2020/05/25 18:00
20.31; 18.50; 19.68; 18.62; 18.68; 2020/05/25 18:30
19.62; 18.43; 19.43; 18.50; 18.68; 2020/05/25 19:00
19.37; 18.43; 19.31; 18.50; 18.68; 2020/05/25 19:30
18.87; 18.31; 19.18; 18.43; 18.68; 2020/05/25 20:00
18.50; 18.25; 19.18; 18.37; 18.62; 2020/05/25 20:30
18.00; 18.18; 19.12; 18.37; 18.62; 2020/05/25 21:00
17.43; 18.12; 19.12; 18.31; 18.62; 2020/05/25 21:30
16.81; 18.06; 19.06; 18.31; 18.62; 2020/05/25 22:00
16.25; 18.06; 19.00; 18.31; 18.62; 2020/05/25 22:30
15.68; 18.00; 19.00; 18.31; 18.56; 2020/05/25 23:00
15.06; 17.93; 19.00; 18.31; 18.56; 2020/05/25 23:30
14.68; 17.93; 18.93; 18.25; 18.56; 2020/05/26 00:00
14.37; 17.93; 18.93; 18.25; 18.56; 2020/05/26 00:30
13.68; 17.87; 18.93; 18.25; 18.50; 2020/05/26 01:00
13.12; 17.87; 18.93; 18.18; 18.50; 2020/05/26 01:30
12.56; 17.81; 18.87; 18.18; 18.50; 2020/05/26 02:00
12.25; 17.81; 18.87; 18.12; 18.50; 2020/05/26 02:30
11.93; 17.75; 18.87; 18.12; 18.43; 2020/05/26 03:00
11.31; 17.75; 18.87; 18.06; 18.43; 2020/05/26 03:30
11.06; 17.68; 18.81; 18.06; 18.43; 2020/05/26 04:00
10.62; 17.62; 18.81; 18.00; 18.37; 2020/05/26 04:30
10.56; 17.62; 18.75; 17.93; 18.37; 2020/05/26 05:00
10.18; 17.56; 18.75; 17.93; 18.31; 2020/05/26 05:30
9.93; 17.56; 18.75; 17.87; 18.31; 2020/05/26 06:00
9.62; 17.50; 18.68; 17.81; 18.25; 2020/05/26 06:30
9.75; 17.50; 18.68; 17.81; 18.25; 2020/05/26 07:00
10.18; 17.43; 18.68; 17.75; 18.18; 2020/05/26 07:30
11.06; 17.43; 18.68; 17.75; 18.18; 2020/05/26 08:00
12.06; 17.43; 18.68; 17.68; 18.18; 2020/05/26 08:30
13.37; 17.37; 18.68; 17.75; 18.18; 2020/05/26 09:00
14.18; 17.37; 18.75; 17.68; 18.18; 2020/05/26 09:30
14.87; 17.31; 18.75; 17.68; 18.25; 2020/05/26 10:00
15.31; 17.37; 18.81; 17.68; 18.25; 2020/05/26 10:30
16.12; 17.31; 18.87; 17.62; 18.25; 2020/05/26 11:00
16.56; 17.43; 18.87; 17.68; 18.31; 2020/05/26 11:30
17.31; 17.50; 18.93; 17.75; 18.37; 2020/05/26 12:00
17.81; 17.68; 18.93; 17.81; 18.37; 2020/05/26 12:30
18.81; 18.00; 19.00; 18.12; 18.50; 2020/05/26 13:00
19.31; 18.43; 19.00; 18.43; 18.56; 2020/05/26 13:30
19.56; 18.56; 19.00; 18.56; 18.56; 2020/05/26 14:00
20.81; 18.81; 19.06; 18.81; 18.62; 2020/05/26 14:30
20.87; 18.93; 19.12; 19.00; 18.68; 2020/05/26 15:00
21.25; 19.06; 19.25; 19.06; 18.68; 2020/05/26 15:30
21.62; 19.18; 19.43; 19.25; 18.75; 2020/05/26 16:00
21.75; 19.06; 20.00; 19.18; 18.75; 2020/05/26 16:30
22.06; 19.12; 20.00; 19.18; 18.75; 2020/05/26 17:00
22.62; 18.93; 20.12; 19.12; 18.75; 2020/05/26 17:30
22.62; 19.00; 20.18; 19.12; 18.75; 2020/05/26 18:00
22.37; 18.93; 20.06; 19.12; 18.75; 2020/05/26 18:30
21.75; 18.75; 19.68; 19.06; 18.81; 2020/05/26 19:00
20.75; 18.81; 19.56; 19.06; 18.75; 2020/05/26 19:30
20.06; 18.62; 19.43; 18.93; 18.75; 2020/05/26 20:00
19.50; 18.43; 19.37; 18.75; 18.75; 2020/05/26 20:30
19.06; 18.31; 19.37; 18.68; 18.68; 2020/05/26 21:00
18.68; 18.31; 19.31; 18.62; 18.68; 2020/05/26 21:30
18.18; 18.18; 19.31; 18.56; 18.68; 2020/05/26 22:00
17.37; 18.12; 19.25; 18.56; 18.68; 2020/05/26 22:30
16.50; 18.06; 19.25; 18.56; 18.75; 2020/05/26 23:00
15.93; 18.00; 19.25; 18.50; 18.68; 2020/05/26 23:30
15.12; 18.00; 19.18; 18.43; 18.68; 2020/05/27 00:00
14.56; 17.93; 19.18; 18.43; 18.68; 2020/05/27 00:30
13.93; 17.93; 19.18; 18.37; 18.62; 2020/05/27 01:00
13.56; 17.87; 19.18; 18.31; 18.62; 2020/05/27 01:30
13.18; 17.81; 19.18; 18.31; 18.62; 2020/05/27 02:00
12.37; 17.81; 19.18; 18.25; 18.62; 2020/05/27 02:30
12.25; 17.75; 19.12; 18.18; 18.56; 2020/05/27 03:00
12.18; 17.75; 19.12; 18.18; 18.56; 2020/05/27 03:30
11.75; 17.68; 19.12; 18.12; 18.50; 2020/05/27 04:00
11.12; 17.62; 19.12; 18.12; 18.50; 2020/05/27 04:30
11.18; 17.62; 19.06; 18.06; 18.50; 2020/05/27 05:00
10.75; 17.56; 19.06; 18.06; 18.43; 2020/05/27 05:30
10.75; 17.50; 19.06; 18.06; 18.43; 2020/05/27 06:00
10.75; 17.50; 19.00; 18.00; 18.37; 2020/05/27 06:30
10.68; 17.43; 19.00; 17.93; 18.37; 2020/05/27 07:00
11.25; 17.43; 18.93; 17.93; 18.37; 2020/05/27 07:30
11.75; 17.43; 19.00; 17.87; 18.31; 2020/05/27 08:00
13.31; 17.43; 19.00; 17.87; 18.31; 2020/05/27 08:30
14.68; 17.50; 19.00; 17.87; 18.31; 2020/05/27 09:00
16.37; 17.56; 19.06; 17.93; 18.37; 2020/05/27 09:30
17.68; 17.62; 19.12; 17.93; 18.37; 2020/05/27 10:00
18.37; 17.68; 19.12; 18.00; 18.43; 2020/05/27 10:30
19.12; 17.81; 19.18; 18.06; 18.50; 2020/05/27 11:00
19.93; 17.93; 19.31; 18.18; 18.56; 2020/05/27 11:30
20.25; 18.06; 19.31; 18.31; 18.62; 2020/05/27 12:00
21.25; 18.18; 19.37; 18.43; 18.75; 2020/05/27 12:30
21.62; 18.25; 19.43; 18.50; 18.75; 2020/05/27 13:00
21.31; 18.50; 19.37; 18.81; 18.81; 2020/05/27 13:30
22.06; 18.87; 19.43; 19.18; 18.87; 2020/05/27 14:00
22.68; 18.93; 19.50; 19.50; 18.87; 2020/05/27 14:30
22.62; 18.93; 19.62; 19.50; 19.00; 2020/05/27 15:00
22.68; 18.87; 19.50; 19.18; 18.93; 2020/05/27 15:30
22.93; 18.93; 19.68; 19.31; 19.00; 2020/05/27 16:00
22.93; 19.06; 19.68; 19.50; 19.06; 2020/05/27 16:30
22.56; 19.25; 19.62; 19.56; 19.06; 2020/05/27 17:00
22.68; 19.25; 19.87; 19.62; 19.06; 2020/05/27 17:30
22.37; 18.87; 19.75; 19.43; 19.12; 2020/05/27 18:00
23.06; 19.12; 19.81; 19.56; 19.12; 2020/05/27 18:30
23.31; 19.18; 19.75; 19.56; 19.18; 2020/05/27 19:00
21.93; 19.06; 19.68; 19.37; 19.18; 2020/05/27 19:30
21.81; 19.00; 19.62; 19.25; 19.25; 2020/05/27 20:00
21.18; 18.87; 19.62; 19.12; 19.25; 2020/05/27 20:30
20.62; 18.68; 19.56; 19.06; 19.18; 2020/05/27 21:00
20.18; 18.75; 19.56; 19.06; 19.18; 2020/05/27 21:30
19.50; 18.68; 19.50; 19.00; 19.18; 2020/05/27 22:00
19.06; 18.68; 19.50; 19.00; 19.18; 2020/05/27 22:30
18.81; 18.56; 19.50; 18.93; 19.18; 2020/05/27 23:00
18.18; 18.43; 19.50; 18.87; 19.18; 2020/05/27 23:30
17.93; 18.31; 19.50; 18.87; 19.18; 2020/05/28 00:00
17.68; 18.31; 19.50; 18.81; 19.18; 2020/05/28 00:30
17.37; 18.25; 19.50; 18.81; 19.18; 2020/05/28 01:00
17.25; 18.25; 19.50; 18.81; 19.18; 2020/05/28 01:30
16.43; 18.18; 19.50; 18.81; 19.12; 2020/05/28 02:00
15.93; 18.06; 19.50; 18.68; 19.12; 2020/05/28 02:30
15.50; 18.06; 19.50; 18.68; 19.12; 2020/05/28 03:00
14.75; 18.06; 19.50; 18.62; 19.12; 2020/05/28 03:30
14.37; 18.00; 19.43; 18.56; 19.06; 2020/05/28 04:00
14.00; 18.00; 19.43; 18.56; 19.06; 2020/05/28 04:30
13.68; 18.00; 19.43; 18.50; 19.06; 2020/05/28 05:00
13.81; 17.81; 19.43; 18.43; 19.00; 2020/05/28 05:30
13.12; 17.68; 19.43; 18.31; 18.93; 2020/05/28 06:00
13.06; 17.68; 19.37; 18.31; 18.93; 2020/05/28 06:30
13.25; 17.62; 19.37; 18.25; 18.87; 2020/05/28 07:00
12.93; 17.62; 19.37; 18.18; 18.87; 2020/05/28 07:30
13.62; 17.62; 19.37; 18.12; 18.81; 2020/05/28 08:00
13.75; 17.56; 19.43; 18.12; 18.81; 2020/05/28 08:30
14.56; 17.56; 19.43; 18.06; 18.81; 2020/05/28 09:00
15.06; 17.56; 19.43; 18.06; 18.81; 2020/05/28 09:30
15.56; 17.62; 19.50; 18.12; 18.81; 2020/05/28 10:00
15.93; 17.62; 19.50; 18.12; 18.87; 2020/05/28 10:30
16.81; 17.68; 19.56; 18.12; 18.93; 2020/05/28 11:00
17.31; 17.81; 19.62; 18.12; 19.00; 2020/05/28 11:30
18.18; 17.87; 19.68; 18.12; 19.06; 2020/05/28 12:00
18.93; 18.06; 19.75; 18.25; 19.12; 2020/05/28 12:30
19.50; 18.43; 19.75; 18.68; 19.12; 2020/05/28 13:00
19.87; 18.75; 19.81; 18.93; 19.18; 2020/05/28 13:30
20.25; 19.00; 19.81; 19.12; 19.25; 2020/05/28 14:00
21.18; 19.06; 19.81; 19.25; 19.31; 2020/05/28 14:30
21.25; 19.25; 19.93; 19.43; 19.37; 2020/05/28 15:00
22.00; 19.37; 20.06; 19.56; 19.43; 2020/05/28 15:30
21.93; 19.31; 20.31; 19.56; 19.43; 2020/05/28 16:00
22.31; 19.43; 20.56; 19.62; 19.43; 2020/05/28 16:30
22.50; 19.43; 20.81; 19.68; 19.43; 2020/05/28 17:00
22.68; 19.43; 21.00; 19.68; 19.43; 2020/05/28 17:30
22.93; 19.43; 21.12; 19.62; 19.43; 2020/05/28 18:00
23.00; 19.43; 20.93; 19.62; 19.43; 2020/05/28 18:30
21.93; 19.31; 20.50; 19.43; 19.50; 2020/05/28 19:00
21.06; 19.18; 20.31; 19.31; 19.50; 2020/05/28 19:30
20.93; 19.06; 20.25; 19.31; 19.43; 2020/05/28 20:00
20.18; 19.00; 20.18; 19.25; 19.43; 2020/05/28 20:30
19.43; 18.81; 20.12; 19.18; 19.37; 2020/05/28 21:00
18.75; 18.75; 20.12; 19.12; 19.37; 2020/05/28 21:30
18.31; 18.62; 20.06; 19.12; 19.37; 2020/05/28 22:00
17.56; 18.56; 20.00; 19.12; 19.37; 2020/05/28 22:30
16.81; 18.56; 20.00; 19.06; 19.37; 2020/05/28 23:00
16.12; 18.50; 20.00; 19.00; 19.37; 2020/05/28 23:30
15.31; 18.43; 19.93; 18.93; 19.37; 2020/05/29 00:00
14.75; 18.37; 19.93; 18.87; 19.31; 2020/05/29 00:30
14.12; 18.37; 19.93; 18.87; 19.31; 2020/05/29 01:00
13.87; 18.31; 19.93; 18.87; 19.25; 2020/05/29 01:30
13.00; 18.31; 19.87; 18.75; 19.25; 2020/05/29 02:00
12.25; 18.25; 19.87; 18.75; 19.18; 2020/05/29 02:30
12.12; 18.18; 19.87; 18.75; 19.18; 2020/05/29 03:00
11.62; 18.18; 19.81; 18.68; 19.12; 2020/05/29 03:30
11.00; 18.12; 19.81; 18.56; 19.12; 2020/05/29 04:00
11.18; 18.06; 19.81; 18.62; 19.06; 2020/05/29 04:30
10.81; 18.06; 19.75; 18.56; 19.00; 2020/05/29 05:00
10.56; 18.00; 19.75; 18.50; 19.00; 2020/05/29 05:30
10.12; 17.93; 19.68; 18.50; 18.93; 2020/05/29 06:00
10.18; 17.93; 19.68; 18.43; 18.93; 2020/05/29 06:30
10.00; 17.87; 19.68; 18.37; 18.87; 2020/05/29 07:00
10.68; 17.81; 19.62; 18.37; 18.87; 2020/05/29 07:30
11.43; 17.81; 19.62; 18.31; 18.81; 2020/05/29 08:00
12.81; 17.75; 19.62; 18.31; 18.81; 2020/05/29 08:30
13.87; 17.68; 19.68; 18.25; 18.81; 2020/05/29 09:00
14.87; 17.68; 19.68; 18.25; 18.81; 2020/05/29 09:30
16.12; 17.81; 19.68; 18.25; 18.87; 2020/05/29 10:00
17.25; 17.87; 19.75; 18.25; 18.87; 2020/05/29 10:30
18.43; 18.06; 19.75; 18.31; 18.93; 2020/05/29 11:00
19.00; 18.25; 19.81; 18.50; 19.00; 2020/05/29 11:30
19.37; 18.37; 19.87; 18.62; 19.06; 2020/05/29 12:00
20.43; 18.62; 19.93; 18.81; 19.18; 2020/05/29 12:30
20.75; 18.93; 19.93; 19.06; 19.25; 2020/05/29 13:00
20.87; 19.18; 20.00; 19.37; 19.31; 2020/05/29 13:30
22.00; 19.43; 20.00; 19.50; 19.31; 2020/05/29 14:00
21.93; 19.43; 20.00; 19.62; 19.37; 2020/05/29 14:30
22.25; 19.68; 20.12; 19.75; 19.43; 2020/05/29 15:00
22.50; 19.62; 20.25; 19.81; 19.43; 2020/05/29 15:30
22.68; 19.75; 20.43; 19.87; 19.56; 2020/05/29 16:00
23.00; 19.87; 20.75; 20.00; 19.56; 2020/05/29 16:30
23.31; 19.87; 21.00; 20.06; 19.56; 2020/05/29 17:00
23.43; 19.81; 21.43; 20.06; 19.56; 2020/05/29 17:30
23.93; 19.68; 21.68; 20.06; 19.56; 2020/05/29 18:00
23.62; 20.25; 21.43; 20.06; 19.56; 2020/05/29 18:30
22.62; 21.62; 26.93; 20.62; 19.62; 2020/05/29 19:00
21.81; 22.37; 28.56; 21.50; 19.75; 2020/05/29 19:30
21.75; 22.81; 29.43; 21.81; 19.81; 2020/05/29 20:00
20.68; 20.68; 27.18; 20.50; 19.62; 2020/05/29 20:30
20.12; 19.93; 25.18; 20.12; 19.56; 2020/05/29 21:00
19.81; 19.62; 24.12; 19.93; 19.56; 2020/05/29 21:30
19.25; 19.43; 23.43; 19.75; 19.56; 2020/05/29 22:00
18.31; 19.31; 22.93; 19.75; 19.56; 2020/05/29 22:30
17.68; 19.25; 22.56; 19.68; 19.56; 2020/05/29 23:00
17.12; 19.12; 22.25; 19.62; 19.56; 2020/05/29 23:30
16.43; 19.06; 22.06; 19.56; 19.56; 2020/05/30 00:00
15.75; 19.00; 21.87; 19.43; 19.56; 2020/05/30 00:30
15.06; 18.93; 21.75; 19.37; 19.56; 2020/05/30 01:00
14.50; 18.87; 21.62; 19.37; 19.56; 2020/05/30 01:30
13.81; 18.81; 21.56; 19.25; 19.50; 2020/05/30 02:00
13.31; 18.81; 21.43; 19.25; 19.50; 2020/05/30 02:30
12.87; 18.75; 21.37; 19.18; 19.50; 2020/05/30 03:00
12.56; 18.75; 21.31; 19.18; 19.43; 2020/05/30 03:30
12.00; 18.62; 21.25; 19.12; 19.43; 2020/05/30 04:00
11.43; 18.62; 21.18; 19.06; 19.37; 2020/05/30 04:30
11.25; 18.56; 21.12; 19.06; 19.31; 2020/05/30 05:00
10.68; 18.50; 21.06; 19.00; 19.31; 2020/05/30 05:30
10.75; 18.50; 21.00; 19.00; 19.31; 2020/05/30 06:00
10.50; 18.43; 20.93; 18.93; 19.25; 2020/05/30 06:30
10.56; 18.37; 20.87; 18.87; 19.25; 2020/05/30 07:00
11.00; 18.31; 20.87; 18.81; 19.25; 2020/05/30 07:30
11.75; 18.25; 20.81; 18.81; 19.18; 2020/05/30 08:00
13.06; 18.31; 20.81; 18.81; 19.18; 2020/05/30 08:30
14.43; 18.31; 20.81; 18.81; 19.18; 2020/05/30 09:00
16.25; 18.37; 20.81; 18.75; 19.18; 2020/05/30 09:30
17.50; 18.37; 20.87; 18.75; 19.25; 2020/05/30 10:00
18.62; 18.50; 20.87; 18.81; 19.25; 2020/05/30 10:30
19.43; 18.68; 20.87; 19.00; 19.31; 2020/05/30 11:00
20.37; 18.87; 20.87; 19.06; 19.37; 2020/05/30 11:30
20.68; 19.06; 20.93; 19.25; 19.43; 2020/05/30 12:00
20.87; 19.56; 20.93; 19.43; 19.62; 2020/05/30 12:30
21.68; 19.62; 21.00; 19.68; 19.62; 2020/05/30 13:00
21.31; 19.75; 20.93; 19.87; 19.62; 2020/05/30 13:30
22.43; 19.87; 21.00; 20.00; 19.68; 2020/05/30 14:00
22.56; 20.06; 21.00; 20.18; 19.75; 2020/05/30 14:30
22.68; 20.12; 21.06; 20.31; 19.75; 2020/05/30 15:00
23.31; 20.18; 21.25; 20.43; 19.81; 2020/05/30 15:30
23.43; 20.37; 21.43; 20.50; 19.87; 2020/05/30 16:00
23.87; 20.37; 21.68; 20.62; 19.87; 2020/05/30 16:30
23.68; 20.31; 21.93; 20.56; 19.93; 2020/05/30 17:00
23.68; 20.25; 22.00; 20.43; 19.93; 2020/05/30 17:30
23.50; 20.12; 22.00; 20.37; 19.93; 2020/05/30 18:00
23.18; 20.06; 21.81; 20.31; 19.93; 2020/05/30 18:30
22.75; 20.06; 21.50; 20.25; 20.00; 2020/05/30 19:00
21.50; 19.81; 21.31; 20.06; 20.00; 2020/05/30 19:30
20.93; 19.75; 21.25; 20.00; 19.93; 2020/05/30 20:00
20.50; 19.56; 21.18; 19.87; 19.93; 2020/05/30 20:30
19.81; 19.50; 21.12; 19.81; 19.93; 2020/05/30 21:00
19.50; 19.43; 21.12; 19.68; 19.93; 2020/05/30 21:30
18.87; 19.31; 21.06; 19.75; 19.93; 2020/05/30 22:00
18.37; 19.25; 21.06; 19.75; 19.93; 2020/05/30 22:30
17.43; 19.18; 21.00; 19.68; 19.87; 2020/05/30 23:00
16.68; 19.12; 21.00; 19.62; 19.87; 2020/05/30 23:30
16.00; 19.06; 21.00; 19.56; 19.87; 2020/05/31 00:00
15.37; 19.00; 21.00; 19.50; 19.87; 2020/05/31 00:30
14.75; 18.93; 20.93; 19.43; 19.87; 2020/05/31 01:00
14.06; 18.93; 20.93; 19.43; 19.81; 2020/05/31 01:30
13.56; 18.87; 20.93; 19.37; 19.81; 2020/05/31 02:00
13.12; 18.87; 20.87; 19.31; 19.81; 2020/05/31 02:30
12.56; 18.81; 20.87; 19.31; 19.75; 2020/05/31 03:00
12.06; 18.81; 20.87; 19.25; 19.75; 2020/05/31 03:30
11.93; 18.75; 20.81; 19.18; 19.68; 2020/05/31 04:00
11.37; 18.68; 20.81; 19.18; 19.62; 2020/05/31 04:30
11.31; 18.68; 20.75; 19.12; 19.56; 2020/05/31 05:00
10.81; 18.62; 20.75; 19.06; 19.56; 2020/05/31 05:30
10.50; 18.56; 20.68; 19.06; 19.56; 2020/05/31 06:00
10.50; 18.50; 20.68; 19.00; 19.50; 2020/05/31 06:30
10.43; 18.50; 20.62; 19.00; 19.43; 2020/05/31 07:00
10.62; 18.43; 20.62; 18.93; 19.43; 2020/05/31 07:30
11.62; 18.43; 20.62; 18.87; 19.37; 2020/05/31 08:00
12.25; 18.37; 20.62; 18.87; 19.37; 2020/05/31 08:30
14.31; 18.25; 20.62; 18.81; 19.37; 2020/05/31 09:00
15.43; 18.12; 20.62; 18.75; 19.37; 2020/05/31 09:30
15.87; 18.18; 20.68; 18.68; 19.37; 2020/05/31 10:00
16.12; 18.18; 20.68; 18.62; 19.43; 2020/05/31 10:30
17.00; 18.25; 20.68; 18.68; 19.43; 2020/05/31 11:00
17.62; 18.31; 20.75; 18.62; 19.50; 2020/05/31 11:30
18.56; 18.43; 20.81; 18.68; 19.50; 2020/05/31 12:00
19.43; 18.62; 20.87; 18.87; 19.56; 2020/05/31 12:30
19.87; 18.93; 20.87; 19.18; 19.62; 2020/05/31 13:00
20.12; 19.18; 20.87; 19.37; 19.68; 2020/05/31 13:30
20.37; 19.37; 20.87; 19.50; 19.75; 2020/05/31 14:00
21.00; 19.50; 20.87; 19.62; 19.75; 2020/05/31 14:30
21.06; 19.62; 20.93; 19.81; 19.81; 2020/05/31 15:00
21.31; 19.68; 21.06; 19.87; 19.81; 2020/05/31 15:30
21.31; 19.68; 21.18; 19.87; 19.81; 2020/05/31 16:00
21.56; 19.75; 21.43; 19.93; 19.81; 2020/05/31 16:30
21.93; 19.68; 21.68; 20.00; 19.81; 2020/05/31 17:00
21.75; 19.75; 21.81; 20.00; 19.81; 2020/05/31 17:30
22.43; 19.68; 21.87; 20.00; 19.81; 2020/05/31 18:00
22.06; 19.75; 21.68; 19.93; 19.81; 2020/05/31 18:30
21.62; 19.68; 21.37; 19.87; 19.81; 2020/05/31 19:00
20.81; 19.56; 21.18; 19.81; 19.81; 2020/05/31 19:30
20.31; 19.50; 21.12; 19.75; 19.81; 2020/05/31 20:00
19.87; 19.43; 21.06; 19.68; 19.81; 2020/05/31 20:30
19.43; 19.31; 21.00; 19.62; 19.75; 2020/05/31 21:00
18.81; 19.25; 20.93; 19.56; 19.75; 2020/05/31 21:30
18.56; 19.18; 20.87; 19.56; 19.75; 2020/05/31 22:00
17.81; 19.12; 20.87; 19.56; 19.75; 2020/05/31 22:30
17.18; 19.06; 20.87; 19.56; 19.75; 2020/05/31 23:00
16.62; 19.06; 20.81; 19.50; 19.75; 2020/05/31 23:30
