6.18; 12.25; 9.37; 11.87; 12.50; 2020/03/01 00:00
6.37; 12.18; 9.37; 11.81; 12.43; 2020/03/01 00:30
5.93; 12.18; 9.37; 11.75; 12.50; 2020/03/01 01:00
5.75; 12.12; 9.37; 11.62; 12.50; 2020/03/01 01:30
5.62; 12.06; 9.37; 11.62; 12.43; 2020/03/01 02:00
5.62; 12.12; 9.31; 11.62; 12.50; 2020/03/01 02:30
5.56; 12.06; 9.31; 11.56; 12.50; 2020/03/01 03:00
5.56; 12.06; 9.31; 11.56; 12.43; 2020/03/01 03:30
5.50; 12.00; 9.25; 11.50; 12.43; 2020/03/01 04:00
5.50; 12.06; 9.31; 11.50; 12.43; 2020/03/01 04:30
5.43; 12.00; 9.25; 11.56; 12.43; 2020/03/01 05:00
5.62; 12.00; 9.18; 11.50; 12.43; 2020/03/01 05:30
5.62; 11.93; 9.25; 11.43; 12.43; 2020/03/01 06:00
5.87; 11.93; 9.25; 11.50; 12.50; 2020/03/01 06:30
6.06; 11.87; 9.18; 11.37; 12.43; 2020/03/01 07:00
5.75; 11.87; 9.18; 11.31; 12.43; 2020/03/01 07:30
5.93; 11.93; 9.18; 11.37; 12.50; 2020/03/01 08:00
6.25; 11.87; 9.18; 11.37; 12.43; 2020/03/01 08:30
6.18; 11.87; 9.18; 11.37; 12.37; 2020/03/01 09:00
6.31; 11.81; 9.12; 11.18; 12.37; 2020/03/01 09:30
6.56; 11.87; 9.12; 11.25; 12.50; 2020/03/01 10:00
6.62; 11.87; 9.12; 11.25; 12.37; 2020/03/01 10:30
6.81; 11.81; 9.12; 11.25; 12.43; 2020/03/01 11:00
6.87; 11.81; 9.12; 11.12; 12.43; 2020/03/01 11:30
8.12; 11.81; 9.12; 11.25; 12.43; 2020/03/01 12:00
8.12; 11.81; 9.12; 11.25; 12.43; 2020/03/01 12:30
8.00; 11.81; 9.12; 11.25; 12.43; 2020/03/01 13:00
9.00; 11.87; 9.12; 11.31; 12.43; 2020/03/01 13:30
8.81; 11.87; 9.12; 11.18; 12.43; 2020/03/01 14:00
8.93; 11.93; 9.12; 11.31; 12.31; 2020/03/01 14:30
8.87; 11.93; 9.12; 11.25; 12.43; 2020/03/01 15:00
9.18; 11.87; 9.12; 11.25; 12.43; 2020/03/01 15:30
9.06; 11.93; 9.12; 11.25; 12.37; 2020/03/01 16:00
9.12; 11.93; 9.12; 11.31; 12.37; 2020/03/01 16:30
8.93; 11.93; 9.12; 11.31; 12.37; 2020/03/01 17:00
8.87; 11.87; 9.12; 11.31; 12.37; 2020/03/01 17:30
8.68; 11.87; 9.12; 11.25; 12.37; 2020/03/01 18:00
8.50; 11.81; 9.12; 11.25; 12.43; 2020/03/01 18:30
8.31; 11.87; 9.12; 11.25; 12.37; 2020/03/01 19:00
8.00; 11.87; 9.12; 11.37; 12.37; 2020/03/01 19:30
7.81; 11.81; 9.12; 11.37; 12.37; 2020/03/01 20:00
7.43; 11.81; 9.12; 11.31; 12.37; 2020/03/01 20:30
7.25; 11.81; 9.12; 11.31; 12.37; 2020/03/01 21:00
6.68; 11.81; 9.12; 11.37; 12.37; 2020/03/01 21:30
5.81; 11.81; 9.12; 11.37; 12.37; 2020/03/01 22:00
5.81; 11.81; 9.12; 11.37; 12.37; 2020/03/01 22:30
6.37; 11.75; 9.12; 11.37; 12.37; 2020/03/01 23:00
6.25; 11.75; 9.12; 11.37; 12.37; 2020/03/01 23:30
6.12; 11.75; 9.12; 11.31; 12.37; 2020/03/02 00:00
6.06; 11.75; 9.12; 11.37; 12.43; 2020/03/02 00:30
5.81; 11.75; 9.12; 11.37; 12.37; 2020/03/02 01:00
5.75; 11.81; 9.12; 11.37; 12.37; 2020/03/02 01:30
5.87; 11.75; 9.12; 11.31; 12.37; 2020/03/02 02:00
5.87; 11.81; 9.12; 11.31; 12.37; 2020/03/02 02:30
5.68; 11.75; 9.12; 11.31; 12.37; 2020/03/02 03:00
5.56; 11.75; 9.12; 11.31; 12.37; 2020/03/02 03:30
5.37; 11.75; 9.12; 11.18; 12.37; 2020/03/02 04:00
5.31; 11.75; 9.06; 11.25; 12.37; 2020/03/02 04:30
5.06; 11.75; 9.06; 11.25; 12.37; 2020/03/02 05:00
4.68; 11.75; 9.06; 11.25; 12.37; 2020/03/02 05:30
4.68; 11.75; 9.06; 11.31; 12.37; 2020/03/02 06:00
4.56; 11.75; 9.00; 11.25; 12.37; 2020/03/02 06:30
4.43; 11.75; 9.00; 11.31; 12.37; 2020/03/02 07:00
4.37; 11.68; 9.00; 11.31; 12.37; 2020/03/02 07:30
4.68; 11.62; 9.00; 11.18; 12.43; 2020/03/02 08:00
4.75; 11.68; 9.00; 11.25; 12.37; 2020/03/02 08:30
5.06; 11.62; 9.00; 11.18; 12.43; 2020/03/02 09:00
5.43; 11.62; 9.00; 11.12; 12.43; 2020/03/02 09:30
6.00; 11.68; 8.93; 11.12; 12.31; 2020/03/02 10:00
6.37; 11.62; 9.31; 11.18; 12.43; 2020/03/02 10:30
6.56; 11.62; 9.00; 11.06; 12.37; 2020/03/02 11:00
6.81; 11.68; 8.93; 11.12; 12.43; 2020/03/02 11:30
7.18; 11.68; 8.93; 11.12; 12.43; 2020/03/02 12:00
8.31; 11.68; 8.93; 11.12; 12.43; 2020/03/02 12:30
8.56; 11.75; 9.00; 11.18; 12.43; 2020/03/02 13:00
8.50; 11.81; 9.00; 11.18; 12.43; 2020/03/02 13:30
8.62; 11.81; 9.00; 11.18; 12.43; 2020/03/02 14:00
8.75; 11.75; 9.00; 11.18; 12.43; 2020/03/02 14:30
9.18; 11.75; 9.00; 11.18; 12.37; 2020/03/02 15:00
9.12; 11.75; 9.00; 11.12; 12.37; 2020/03/02 15:30
9.18; 11.81; 9.00; 11.12; 12.43; 2020/03/02 16:00
9.12; 11.75; 9.06; 11.12; 12.37; 2020/03/02 16:30
8.93; 11.81; 9.06; 11.25; 12.37; 2020/03/02 17:00
8.81; 11.81; 9.06; 11.18; 12.37; 2020/03/02 17:30
8.81; 11.81; 9.06; 11.25; 12.37; 2020/03/02 18:00
8.31; 11.81; 9.06; 11.25; 12.37; 2020/03/02 18:30
7.93; 11.81; 9.06; 11.31; 12.37; 2020/03/02 19:00
7.68; 11.75; 9.06; 11.31; 12.37; 2020/03/02 19:30
7.68; 11.75; 9.06; 11.31; 12.31; 2020/03/02 20:00
7.37; 11.75; 9.06; 11.31; 12.37; 2020/03/02 20:30
7.25; 11.68; 9.06; 11.25; 12.37; 2020/03/02 21:00
7.25; 11.75; 9.06; 11.31; 12.37; 2020/03/02 21:30
7.12; 11.75; 9.06; 11.31; 12.37; 2020/03/02 22:00
7.00; 11.75; 9.06; 11.31; 12.37; 2020/03/02 22:30
6.87; 11.68; 9.06; 11.31; 12.37; 2020/03/02 23:00
6.75; 11.68; 9.12; 11.31; 12.37; 2020/03/02 23:30
6.87; 11.75; 9.12; 11.31; 12.37; 2020/03/03 00:00
6.68; 11.75; 9.12; 11.37; 12.37; 2020/03/03 00:30
6.31; 11.75; 9.12; 11.31; 12.31; 2020/03/03 01:00
6.37; 11.75; 9.06; 11.37; 12.37; 2020/03/03 01:30
6.25; 11.75; 9.12; 11.31; 12.37; 2020/03/03 02:00
6.12; 11.75; 9.12; 11.31; 12.37; 2020/03/03 02:30
5.81; 11.75; 9.06; 11.37; 12.31; 2020/03/03 03:00
5.62; 11.75; 9.06; 11.31; 12.37; 2020/03/03 03:30
5.43; 11.68; 9.06; 11.25; 12.37; 2020/03/03 04:00
5.25; 11.75; 9.06; 11.31; 12.37; 2020/03/03 04:30
4.75; 11.75; 9.06; 11.31; 12.37; 2020/03/03 05:00
4.56; 11.75; 9.06; 11.25; 12.37; 2020/03/03 05:30
4.43; 11.68; 9.06; 11.25; 12.37; 2020/03/03 06:00
4.43; 11.68; 9.06; 11.25; 12.37; 2020/03/03 06:30
4.00; 11.68; 9.00; 11.25; 12.43; 2020/03/03 07:00
4.00; 11.75; 9.00; 11.25; 12.37; 2020/03/03 07:30
3.87; 11.75; 9.00; 11.25; 12.37; 2020/03/03 08:00
4.00; 11.62; 9.00; 11.25; 12.37; 2020/03/03 08:30
4.31; 11.62; 9.00; 11.25; 12.37; 2020/03/03 09:00
4.68; 11.68; 8.93; 11.12; 12.37; 2020/03/03 09:30
4.75; 11.62; 9.00; 11.18; 12.37; 2020/03/03 10:00
5.06; 11.68; 9.00; 11.18; 12.37; 2020/03/03 10:30
5.93; 11.75; 9.00; 11.25; 12.43; 2020/03/03 11:00
6.00; 11.75; 9.00; 11.18; 12.43; 2020/03/03 11:30
6.31; 11.81; 9.00; 11.31; 12.37; 2020/03/03 12:00
6.75; 11.81; 9.00; 11.31; 12.37; 2020/03/03 12:30
7.68; 11.87; 9.00; 11.31; 12.43; 2020/03/03 13:00
7.81; 11.93; 9.00; 11.50; 12.43; 2020/03/03 13:30
7.75; 11.93; 9.00; 11.43; 12.37; 2020/03/03 14:00
7.18; 11.81; 9.06; 11.31; 12.37; 2020/03/03 14:30
7.50; 11.93; 9.06; 11.50; 12.31; 2020/03/03 15:00
8.00; 11.93; 9.12; 11.43; 12.37; 2020/03/03 15:30
7.68; 11.93; 9.18; 11.43; 12.37; 2020/03/03 16:00
8.00; 11.93; 9.18; 11.50; 12.37; 2020/03/03 16:30
7.87; 11.87; 9.25; 11.31; 12.31; 2020/03/03 17:00
7.62; 11.87; 9.31; 11.43; 12.25; 2020/03/03 17:30
7.37; 11.81; 9.31; 11.56; 12.31; 2020/03/03 18:00
6.87; 11.81; 9.31; 11.56; 12.31; 2020/03/03 18:30
6.25; 11.87; 9.25; 11.56; 12.31; 2020/03/03 19:00
6.06; 12.93; 18.75; 12.50; 12.37; 2020/03/03 19:30
5.43; 14.31; 14.12; 13.43; 12.68; 2020/03/03 20:00
5.31; 14.56; 12.56; 13.81; 12.87; 2020/03/03 20:30
4.81; 14.93; 11.75; 14.12; 12.93; 2020/03/03 21:00
4.68; 13.68; 11.37; 13.25; 12.68; 2020/03/03 21:30
4.87; 13.37; 10.93; 13.06; 12.56; 2020/03/03 22:00
4.75; 13.31; 10.68; 13.18; 12.50; 2020/03/03 22:30
4.43; 13.31; 10.43; 13.18; 12.56; 2020/03/03 23:00
4.25; 12.43; 10.31; 12.12; 12.37; 2020/03/03 23:30
3.68; 12.31; 10.18; 12.06; 12.37; 2020/03/04 00:00
3.50; 12.25; 10.06; 12.06; 12.37; 2020/03/04 00:30
3.43; 12.12; 10.00; 11.93; 12.37; 2020/03/04 01:00
3.50; 12.12; 9.93; 11.87; 12.37; 2020/03/04 01:30
3.87; 12.06; 9.87; 11.87; 12.37; 2020/03/04 02:00
4.50; 12.06; 9.81; 11.81; 12.37; 2020/03/04 02:30
4.68; 12.06; 9.81; 11.75; 12.43; 2020/03/04 03:00
4.75; 12.06; 9.75; 11.75; 12.43; 2020/03/04 03:30
4.62; 12.00; 9.68; 11.68; 12.43; 2020/03/04 04:00
4.75; 12.00; 9.68; 11.68; 12.43; 2020/03/04 04:30
4.93; 12.00; 9.68; 11.68; 12.43; 2020/03/04 05:00
5.00; 12.00; 9.62; 11.75; 12.43; 2020/03/04 05:30
5.00; 11.93; 9.62; 11.56; 12.43; 2020/03/04 06:00
5.00; 11.93; 9.62; 11.62; 12.50; 2020/03/04 06:30
5.06; 12.00; 9.56; 11.62; 12.50; 2020/03/04 07:00
5.12; 11.93; 9.56; 11.62; 12.43; 2020/03/04 07:30
5.18; 11.87; 9.56; 11.56; 12.50; 2020/03/04 08:00
5.31; 11.87; 9.50; 11.50; 12.50; 2020/03/04 08:30
5.56; 11.93; 9.50; 11.56; 12.50; 2020/03/04 09:00
5.50; 11.93; 9.50; 11.56; 12.50; 2020/03/04 09:30
6.06; 11.87; 9.50; 11.43; 12.50; 2020/03/04 10:00
6.06; 11.87; 9.43; 11.50; 12.50; 2020/03/04 10:30
6.37; 11.87; 9.43; 11.50; 12.50; 2020/03/04 11:00
6.62; 11.93; 9.43; 11.50; 12.50; 2020/03/04 11:30
7.12; 11.93; 9.43; 11.50; 12.43; 2020/03/04 12:00
7.75; 11.93; 9.43; 11.43; 12.43; 2020/03/04 12:30
8.18; 11.93; 9.43; 11.56; 12.43; 2020/03/04 13:00
8.37; 12.00; 9.43; 11.50; 12.50; 2020/03/04 13:30
9.12; 12.06; 9.43; 11.68; 12.50; 2020/03/04 14:00
8.56; 12.06; 9.43; 11.62; 12.43; 2020/03/04 14:30
8.50; 12.00; 9.43; 11.62; 12.43; 2020/03/04 15:00
8.93; 12.06; 9.43; 11.68; 12.43; 2020/03/04 15:30
9.18; 12.06; 9.50; 11.68; 12.43; 2020/03/04 16:00
9.62; 12.12; 9.50; 11.81; 12.43; 2020/03/04 16:30
9.18; 12.06; 9.56; 11.62; 12.43; 2020/03/04 17:00
8.62; 12.06; 9.56; 11.68; 12.43; 2020/03/04 17:30
8.06; 12.00; 9.56; 11.75; 12.37; 2020/03/04 18:00
8.06; 12.06; 9.56; 11.62; 12.37; 2020/03/04 18:30
7.68; 12.06; 9.56; 11.62; 12.37; 2020/03/04 19:00
7.43; 12.00; 9.56; 11.68; 12.37; 2020/03/04 19:30
7.31; 12.00; 9.56; 11.68; 12.31; 2020/03/04 20:00
7.18; 11.93; 9.56; 11.62; 12.37; 2020/03/04 20:30
6.93; 11.93; 9.56; 11.68; 12.37; 2020/03/04 21:00
6.93; 11.93; 9.56; 11.68; 12.37; 2020/03/04 21:30
6.62; 12.00; 9.56; 11.68; 12.37; 2020/03/04 22:00
6.31; 11.93; 9.56; 11.75; 12.37; 2020/03/04 22:30
5.75; 11.93; 9.56; 11.68; 12.37; 2020/03/04 23:00
5.50; 11.93; 9.50; 11.68; 12.37; 2020/03/04 23:30
5.25; 11.93; 9.50; 11.68; 12.37; 2020/03/05 00:00
5.18; 11.93; 9.50; 11.68; 12.37; 2020/03/05 00:30
5.06; 11.87; 9.50; 11.62; 12.37; 2020/03/05 01:00
5.31; 11.87; 9.50; 11.62; 12.37; 2020/03/05 01:30
5.62; 11.93; 9.50; 11.62; 12.43; 2020/03/05 02:00
5.75; 11.93; 9.50; 11.68; 12.43; 2020/03/05 02:30
5.68; 11.87; 9.50; 11.62; 12.43; 2020/03/05 03:00
5.62; 11.87; 9.50; 11.56; 12.37; 2020/03/05 03:30
5.37; 11.81; 9.50; 11.56; 12.43; 2020/03/05 04:00
5.50; 11.87; 9.50; 11.56; 12.43; 2020/03/05 04:30
5.25; 11.87; 9.43; 11.50; 12.43; 2020/03/05 05:00
5.31; 11.87; 9.43; 11.56; 12.43; 2020/03/05 05:30
5.50; 11.81; 9.43; 11.50; 12.43; 2020/03/05 06:00
5.43; 11.87; 9.43; 11.50; 12.43; 2020/03/05 06:30
5.37; 11.87; 9.43; 11.56; 12.43; 2020/03/05 07:00
5.37; 11.87; 9.37; 11.56; 12.43; 2020/03/05 07:30
5.43; 11.81; 9.37; 11.50; 12.43; 2020/03/05 08:00
5.37; 11.81; 9.37; 11.50; 12.43; 2020/03/05 08:30
5.37; 11.81; 9.37; 11.43; 12.37; 2020/03/05 09:00
5.50; 11.81; 9.37; 11.43; 12.43; 2020/03/05 09:30
5.75; 11.81; 9.37; 11.50; 12.43; 2020/03/05 10:00
5.81; 11.87; 9.31; 11.43; 12.43; 2020/03/05 10:30
6.12; 11.81; 9.31; 11.50; 12.43; 2020/03/05 11:00
6.25; 11.87; 9.31; 11.43; 12.43; 2020/03/05 11:30
6.62; 11.81; 9.31; 11.43; 12.43; 2020/03/05 12:00
6.81; 11.81; 9.31; 11.37; 12.43; 2020/03/05 12:30
7.00; 11.81; 9.31; 11.43; 12.43; 2020/03/05 13:00
7.25; 11.87; 9.31; 11.43; 12.43; 2020/03/05 13:30
7.31; 11.87; 9.31; 11.43; 12.43; 2020/03/05 14:00
7.43; 11.87; 9.31; 11.43; 12.43; 2020/03/05 14:30
7.62; 11.93; 9.31; 11.43; 12.50; 2020/03/05 15:00
7.56; 11.81; 9.31; 11.37; 12.43; 2020/03/05 15:30
7.25; 11.81; 9.25; 11.37; 12.43; 2020/03/05 16:00
7.25; 11.87; 9.25; 11.50; 12.43; 2020/03/05 16:30
7.18; 11.87; 9.25; 11.43; 12.43; 2020/03/05 17:00
7.06; 11.81; 9.25; 11.37; 12.43; 2020/03/05 17:30
6.93; 11.81; 9.25; 11.37; 12.43; 2020/03/05 18:00
6.93; 11.87; 9.25; 11.37; 12.43; 2020/03/05 18:30
6.81; 11.87; 9.25; 11.37; 12.43; 2020/03/05 19:00
6.62; 11.87; 9.25; 11.37; 12.43; 2020/03/05 19:30
6.50; 11.81; 9.25; 11.43; 12.43; 2020/03/05 20:00
6.31; 11.81; 9.25; 11.37; 12.43; 2020/03/05 20:30
6.43; 11.81; 9.25; 11.37; 12.43; 2020/03/05 21:00
6.12; 11.87; 9.25; 11.37; 12.43; 2020/03/05 21:30
6.12; 11.81; 9.25; 11.37; 12.43; 2020/03/05 22:00
6.12; 11.75; 9.18; 11.37; 12.43; 2020/03/05 22:30
5.81; 11.81; 9.25; 11.31; 12.43; 2020/03/05 23:00
5.87; 11.81; 9.18; 11.37; 12.43; 2020/03/05 23:30
5.87; 11.81; 9.18; 11.37; 12.43; 2020/03/06 00:00
5.87; 11.81; 9.18; 11.43; 12.43; 2020/03/06 00:30
5.87; 11.81; 9.18; 11.31; 12.43; 2020/03/06 01:00
5.87; 11.81; 9.18; 11.37; 12.43; 2020/03/06 01:30
5.87; 11.81; 9.18; 11.37; 12.43; 2020/03/06 02:00
5.81; 11.81; 9.18; 11.37; 12.43; 2020/03/06 02:30
5.75; 11.75; 9.18; 11.31; 12.43; 2020/03/06 03:00
5.75; 11.75; 9.12; 11.31; 12.43; 2020/03/06 03:30
5.56; 11.75; 9.12; 11.37; 12.37; 2020/03/06 04:00
5.75; 11.75; 9.12; 11.31; 12.43; 2020/03/06 04:30
5.75; 11.75; 9.12; 11.25; 12.43; 2020/03/06 05:00
5.75; 11.75; 9.12; 11.25; 12.43; 2020/03/06 05:30
5.75; 11.75; 9.12; 11.25; 12.43; 2020/03/06 06:00
5.62; 11.75; 9.12; 11.31; 12.43; 2020/03/06 06:30
5.50; 11.81; 9.12; 11.31; 12.37; 2020/03/06 07:00
5.37; 11.81; 9.06; 11.31; 12.37; 2020/03/06 07:30
5.43; 11.81; 9.06; 11.31; 12.43; 2020/03/06 08:00
5.18; 11.81; 9.06; 11.37; 12.43; 2020/03/06 08:30
4.93; 11.81; 9.06; 11.31; 12.37; 2020/03/06 09:00
4.87; 11.75; 9.00; 11.25; 12.37; 2020/03/06 09:30
5.06; 11.75; 9.00; 11.25; 12.43; 2020/03/06 10:00
4.87; 11.75; 9.00; 11.25; 12.43; 2020/03/06 10:30
4.93; 11.75; 9.00; 11.25; 12.37; 2020/03/06 11:00
5.00; 11.81; 9.00; 11.25; 12.43; 2020/03/06 11:30
5.25; 11.81; 9.00; 11.25; 12.43; 2020/03/06 12:00
5.62; 11.75; 9.00; 11.31; 12.43; 2020/03/06 12:30
5.43; 11.81; 8.93; 11.31; 12.37; 2020/03/06 13:00
5.56; 11.75; 8.93; 11.25; 12.43; 2020/03/06 13:30
5.56; 11.75; 8.93; 11.25; 12.43; 2020/03/06 14:00
5.68; 11.75; 8.93; 11.31; 12.43; 2020/03/06 14:30
6.00; 11.75; 8.93; 11.25; 12.43; 2020/03/06 15:00
5.93; 11.75; 8.93; 11.25; 12.43; 2020/03/06 15:30
5.93; 11.75; 8.93; 11.25; 12.43; 2020/03/06 16:00
5.93; 11.75; 8.93; 11.25; 12.43; 2020/03/06 16:30
6.06; 11.75; 8.87; 11.25; 12.43; 2020/03/06 17:00
6.00; 11.75; 8.93; 11.18; 12.50; 2020/03/06 17:30
6.06; 11.68; 8.87; 11.18; 12.50; 2020/03/06 18:00
6.12; 11.93; 10.25; 11.43; 12.62; 2020/03/06 18:30
6.56; 11.93; 9.50; 11.43; 13.06; 2020/03/06 19:00
6.25; 14.56; 18.43; 13.37; 13.56; 2020/03/06 19:30
6.25; 14.56; 20.62; 13.43; 13.25; 2020/03/06 20:00
6.00; 14.68; 15.25; 13.43; 14.75; 2020/03/06 20:30
6.06; 16.37; 13.56; 15.00; 15.06; 2020/03/06 21:00
6.06; 16.50; 12.56; 15.43; 14.43; 2020/03/06 21:30
6.12; 18.25; 11.93; 16.56; 13.68; 2020/03/06 22:00
6.31; 17.43; 11.50; 16.00; 13.81; 2020/03/06 22:30
6.37; 16.93; 11.93; 15.50; 15.56; 2020/03/06 23:00
5.62; 14.43; 11.00; 13.62; 12.93; 2020/03/06 23:30
5.68; 13.56; 10.75; 12.75; 12.62; 2020/03/07 00:00
5.43; 13.18; 10.62; 12.62; 12.62; 2020/03/07 00:30
5.56; 12.93; 10.50; 12.37; 12.75; 2020/03/07 01:00
5.37; 12.81; 10.37; 12.18; 12.62; 2020/03/07 01:30
5.31; 12.75; 10.25; 12.18; 12.62; 2020/03/07 02:00
5.37; 12.62; 10.12; 11.93; 12.62; 2020/03/07 02:30
5.37; 12.56; 10.06; 12.00; 12.62; 2020/03/07 03:00
5.43; 12.50; 10.00; 11.87; 12.56; 2020/03/07 03:30
5.31; 12.43; 9.93; 11.81; 12.56; 2020/03/07 04:00
5.31; 12.37; 9.87; 11.75; 12.62; 2020/03/07 04:30
5.12; 12.31; 9.81; 11.75; 12.56; 2020/03/07 05:00
5.31; 12.31; 9.81; 11.68; 12.62; 2020/03/07 05:30
5.25; 12.25; 9.75; 11.68; 12.62; 2020/03/07 06:00
5.12; 12.18; 9.75; 11.56; 12.56; 2020/03/07 06:30
5.06; 12.18; 9.68; 11.50; 12.56; 2020/03/07 07:00
4.50; 12.18; 9.68; 11.50; 12.56; 2020/03/07 07:30
3.87; 12.18; 9.62; 11.50; 12.56; 2020/03/07 08:00
4.06; 12.06; 9.56; 11.50; 12.56; 2020/03/07 08:30
4.62; 12.06; 9.56; 11.37; 12.56; 2020/03/07 09:00
4.93; 12.06; 9.56; 11.43; 12.56; 2020/03/07 09:30
5.50; 12.06; 9.56; 11.43; 12.56; 2020/03/07 10:00
6.00; 12.06; 9.56; 11.37; 12.56; 2020/03/07 10:30
6.56; 12.06; 9.50; 11.43; 12.56; 2020/03/07 11:00
7.31; 12.06; 9.50; 11.50; 12.56; 2020/03/07 11:30
6.87; 12.00; 9.50; 11.43; 12.56; 2020/03/07 12:00
6.62; 12.06; 9.50; 11.43; 12.56; 2020/03/07 12:30
7.00; 12.00; 9.50; 11.37; 12.50; 2020/03/07 13:00
7.31; 12.06; 9.50; 11.37; 12.50; 2020/03/07 13:30
8.18; 12.12; 9.50; 11.56; 12.50; 2020/03/07 14:00
8.12; 12.12; 9.50; 11.43; 12.50; 2020/03/07 14:30
8.31; 12.06; 9.50; 11.43; 12.43; 2020/03/07 15:00
8.93; 12.18; 9.50; 11.75; 12.43; 2020/03/07 15:30
8.68; 12.12; 9.56; 11.56; 12.43; 2020/03/07 16:00
8.75; 12.06; 9.56; 11.50; 12.50; 2020/03/07 16:30
8.81; 12.06; 9.56; 11.50; 12.43; 2020/03/07 17:00
8.62; 12.06; 9.62; 11.50; 12.43; 2020/03/07 17:30
8.12; 12.00; 9.62; 11.43; 12.43; 2020/03/07 18:00
7.75; 12.06; 9.56; 11.50; 12.43; 2020/03/07 18:30
7.68; 12.00; 9.56; 11.50; 12.43; 2020/03/07 19:00
7.68; 12.00; 9.56; 11.50; 12.43; 2020/03/07 19:30
7.62; 12.00; 9.56; 11.56; 12.43; 2020/03/07 20:00
7.62; 12.06; 9.56; 11.56; 12.37; 2020/03/07 20:30
7.62; 12.00; 9.56; 11.56; 12.37; 2020/03/07 21:00
7.62; 12.06; 9.62; 11.62; 12.43; 2020/03/07 21:30
7.62; 12.00; 9.62; 11.62; 12.37; 2020/03/07 22:00
7.56; 12.00; 9.62; 11.56; 12.43; 2020/03/07 22:30
7.68; 12.00; 9.62; 11.50; 12.37; 2020/03/07 23:00
7.62; 12.00; 9.56; 11.62; 12.37; 2020/03/07 23:30
7.62; 12.00; 9.62; 11.56; 12.43; 2020/03/08 00:00
7.62; 12.00; 9.62; 11.50; 12.43; 2020/03/08 00:30
7.56; 12.00; 9.62; 11.62; 12.37; 2020/03/08 01:00
7.56; 12.00; 9.62; 11.62; 12.37; 2020/03/08 01:30
7.43; 12.00; 9.62; 11.56; 12.37; 2020/03/08 02:00
7.50; 12.00; 9.62; 11.56; 12.37; 2020/03/08 02:30
7.43; 12.00; 9.62; 11.56; 12.43; 2020/03/08 03:00
7.31; 12.00; 9.56; 11.56; 12.37; 2020/03/08 03:30
7.25; 12.00; 9.56; 11.56; 12.43; 2020/03/08 04:00
7.18; 12.00; 9.56; 11.56; 12.37; 2020/03/08 04:30
7.25; 12.00; 9.62; 11.56; 12.43; 2020/03/08 05:00
7.37; 11.93; 9.56; 11.56; 12.43; 2020/03/08 05:30
7.31; 11.87; 9.56; 11.50; 12.43; 2020/03/08 06:00
7.31; 11.93; 9.62; 11.50; 12.43; 2020/03/08 06:30
7.37; 11.93; 9.56; 11.50; 12.43; 2020/03/08 07:00
7.43; 11.93; 9.56; 11.50; 12.37; 2020/03/08 07:30
7.43; 11.93; 9.56; 11.50; 12.37; 2020/03/08 08:00
7.56; 11.87; 9.56; 11.50; 12.37; 2020/03/08 08:30
7.68; 11.87; 9.56; 11.43; 12.37; 2020/03/08 09:00
7.93; 11.87; 9.56; 11.50; 12.37; 2020/03/08 09:30
8.37; 12.75; 9.62; 12.43; 12.43; 2020/03/08 10:00
; ; ; ; ; 2020/03/08 10:30
; ; ; ; ; 2020/03/08 11:00
; ; ; ; ; 2020/03/08 11:30
; ; ; ; ; 2020/03/08 12:00
; ; ; ; ; 2020/03/08 12:30
; ; ; ; ; 2020/03/08 13:00
; ; ; ; ; 2020/03/08 13:30
; ; ; ; ; 2020/03/08 14:00
9.00; 14.00; 9.81; 13.12; 12.62; 2020/03/08 14:30
10.87; 15.00; 10.31; 14.12; 12.87; 2020/03/08 15:00
10.50; 15.87; 9.87; 14.75; 12.87; 2020/03/08 15:30
9.68; 17.62; 10.12; 15.81; 12.68; 2020/03/08 16:00
9.31; 19.37; 10.06; 17.68; 12.81; 2020/03/08 16:30
9.68; 19.00; 10.06; 17.62; 12.75; 2020/03/08 17:00
9.06; 19.06; 10.06; 17.37; 12.68; 2020/03/08 17:30
9.25; 18.81; 10.06; 17.31; 12.68; 2020/03/08 18:00
9.12; 18.81; 10.12; 16.81; 12.75; 2020/03/08 18:30
10.06; 17.12; 10.18; 16.06; 12.68; 2020/03/08 19:00
8.75; 15.87; 10.12; 15.06; 12.56; 2020/03/08 19:30
8.75; 14.93; 10.06; 14.37; 12.50; 2020/03/08 20:00
8.68; 14.43; 10.06; 14.06; 12.43; 2020/03/08 20:30
8.68; 14.12; 10.06; 13.81; 12.43; 2020/03/08 21:00
8.75; 13.87; 10.06; 13.62; 12.43; 2020/03/08 21:30
8.37; 13.68; 10.06; 13.43; 12.37; 2020/03/08 22:00
8.12; 13.62; 10.06; 13.37; 12.37; 2020/03/08 22:30
8.06; 13.56; 10.06; 13.37; 12.31; 2020/03/08 23:00
8.06; 13.43; 10.06; 13.25; 12.31; 2020/03/08 23:30
7.93; 13.37; 10.06; 13.18; 12.43; 2020/03/09 00:00
8.00; 13.31; 10.06; 13.00; 12.43; 2020/03/09 00:30
7.81; 13.18; 10.06; 12.93; 12.50; 2020/03/09 01:00
7.87; 13.25; 10.06; 12.87; 12.50; 2020/03/09 01:30
7.62; 13.12; 10.06; 12.87; 12.50; 2020/03/09 02:00
7.68; 13.06; 10.06; 12.87; 12.56; 2020/03/09 02:30
7.68; 13.06; 10.06; 12.68; 12.56; 2020/03/09 03:00
7.50; 13.00; 10.06; 12.68; 12.50; 2020/03/09 03:30
7.43; 12.93; 10.06; 12.68; 12.56; 2020/03/09 04:00
7.50; 12.93; 10.06; 12.62; 12.56; 2020/03/09 04:30
7.43; 12.87; 10.06; 12.56; 12.56; 2020/03/09 05:00
7.37; 12.87; 10.06; 12.50; 12.56; 2020/03/09 05:30
7.18; 12.81; 10.06; 12.43; 12.56; 2020/03/09 06:00
7.31; 12.87; 10.06; 12.50; 12.56; 2020/03/09 06:30
7.31; 12.81; 10.06; 12.43; 12.56; 2020/03/09 07:00
7.31; 12.81; 10.06; 12.37; 12.56; 2020/03/09 07:30
7.31; 12.75; 10.06; 12.37; 12.56; 2020/03/09 08:00
7.25; 12.75; 10.06; 12.31; 12.56; 2020/03/09 08:30
7.31; 12.68; 10.06; 12.25; 12.50; 2020/03/09 09:00
7.12; 12.75; 10.06; 12.31; 12.56; 2020/03/09 09:30
7.37; 12.62; 10.06; 12.25; 12.50; 2020/03/09 10:00
7.62; 12.68; 10.06; 12.31; 12.56; 2020/03/09 10:30
7.62; 12.62; 10.06; 12.25; 12.50; 2020/03/09 11:00
7.75; 12.68; 10.06; 12.25; 12.50; 2020/03/09 11:30
8.12; 12.62; 10.06; 12.25; 12.43; 2020/03/09 12:00
8.43; 12.62; 10.06; 12.25; 12.50; 2020/03/09 12:30
8.62; 12.68; 10.06; 12.25; 12.50; 2020/03/09 13:00
8.37; 12.62; 10.06; 12.18; 12.50; 2020/03/09 13:30
6.93; 12.68; 10.06; 12.18; 12.43; 2020/03/09 14:00
7.93; 12.62; 10.06; 12.25; 12.50; 2020/03/09 14:30
9.18; 12.68; 10.06; 12.25; 12.43; 2020/03/09 15:00
9.00; 12.68; 10.06; 12.31; 12.50; 2020/03/09 15:30
9.00; 12.62; 10.06; 12.31; 12.43; 2020/03/09 16:00
9.31; 12.68; 10.12; 12.25; 12.43; 2020/03/09 16:30
9.12; 12.62; 10.12; 12.25; 12.43; 2020/03/09 17:00
9.18; 12.62; 10.12; 12.18; 12.43; 2020/03/09 17:30
9.00; 12.62; 10.12; 12.18; 12.43; 2020/03/09 18:00
8.75; 12.56; 10.12; 12.12; 12.43; 2020/03/09 18:30
8.31; 12.56; 10.12; 12.18; 12.43; 2020/03/09 19:00
7.87; 12.56; 10.12; 12.18; 12.43; 2020/03/09 19:30
7.50; 12.50; 10.12; 12.12; 12.37; 2020/03/09 20:00
7.68; 12.50; 10.12; 12.18; 12.37; 2020/03/09 20:30
7.62; 12.56; 10.12; 12.25; 12.37; 2020/03/09 21:00
7.62; 12.56; 10.12; 12.25; 12.37; 2020/03/09 21:30
7.56; 12.43; 10.12; 12.12; 12.37; 2020/03/09 22:00
7.62; 12.50; 10.12; 12.18; 12.43; 2020/03/09 22:30
7.75; 12.50; 10.12; 12.18; 12.37; 2020/03/09 23:00
7.56; 12.50; 10.12; 12.18; 12.43; 2020/03/09 23:30
7.31; 12.43; 10.12; 12.12; 12.37; 2020/03/10 00:00
7.31; 12.43; 10.06; 12.18; 12.31; 2020/03/10 00:30
7.56; 12.43; 10.12; 12.12; 12.31; 2020/03/10 01:00
7.25; 12.43; 10.12; 12.12; 12.37; 2020/03/10 01:30
7.18; 12.37; 10.12; 12.12; 12.37; 2020/03/10 02:00
6.93; 12.43; 10.12; 12.12; 12.31; 2020/03/10 02:30
6.75; 12.43; 10.06; 12.06; 12.37; 2020/03/10 03:00
6.50; 12.37; 10.06; 12.06; 12.25; 2020/03/10 03:30
6.37; 12.31; 10.00; 12.00; 12.31; 2020/03/10 04:00
6.31; 12.37; 10.06; 12.06; 12.31; 2020/03/10 04:30
6.31; 12.37; 10.00; 12.06; 12.31; 2020/03/10 05:00
6.18; 12.31; 10.00; 12.06; 12.25; 2020/03/10 05:30
6.18; 12.31; 10.06; 12.06; 12.31; 2020/03/10 06:00
5.93; 12.31; 10.00; 12.00; 12.31; 2020/03/10 06:30
6.00; 12.25; 10.00; 12.00; 12.31; 2020/03/10 07:00
6.18; 12.37; 10.00; 12.00; 12.37; 2020/03/10 07:30
6.31; 12.25; 10.00; 11.93; 12.37; 2020/03/10 08:00
6.56; 12.31; 10.00; 12.00; 12.43; 2020/03/10 08:30
6.93; 12.31; 10.00; 12.00; 12.37; 2020/03/10 09:00
7.43; 12.31; 10.00; 11.87; 12.37; 2020/03/10 09:30
7.93; 12.31; 10.00; 11.93; 12.37; 2020/03/10 10:00
8.18; 12.31; 10.00; 11.87; 12.37; 2020/03/10 10:30
8.43; 12.25; 10.00; 11.87; 12.37; 2020/03/10 11:00
8.75; 12.25; 10.00; 11.81; 12.37; 2020/03/10 11:30
8.93; 12.37; 9.93; 11.87; 12.37; 2020/03/10 12:00
9.06; 12.31; 9.93; 11.81; 12.37; 2020/03/10 12:30
9.37; 12.25; 9.93; 11.75; 12.37; 2020/03/10 13:00
9.62; 12.31; 9.93; 11.87; 12.37; 2020/03/10 13:30
9.87; 12.37; 9.93; 11.87; 12.43; 2020/03/10 14:00
10.12; 12.31; 9.93; 11.75; 12.37; 2020/03/10 14:30
10.37; 12.37; 9.93; 11.81; 12.37; 2020/03/10 15:00
10.56; 12.31; 9.93; 11.81; 12.43; 2020/03/10 15:30
10.75; 12.31; 10.00; 11.81; 12.37; 2020/03/10 16:00
10.93; 12.31; 10.00; 11.81; 12.37; 2020/03/10 16:30
11.18; 12.31; 10.00; 11.81; 12.37; 2020/03/10 17:00
11.25; 12.37; 10.00; 11.87; 12.37; 2020/03/10 17:30
11.25; 12.37; 10.00; 11.81; 12.37; 2020/03/10 18:00
11.37; 12.37; 10.00; 11.87; 12.43; 2020/03/10 18:30
11.43; 12.43; 10.00; 11.87; 12.43; 2020/03/10 19:00
11.43; 12.37; 10.00; 11.87; 12.43; 2020/03/10 19:30
11.43; 12.43; 10.00; 11.87; 12.37; 2020/03/10 20:00
11.56; 12.37; 10.06; 11.93; 12.37; 2020/03/10 20:30
11.43; 12.43; 10.06; 11.87; 12.43; 2020/03/10 21:00
11.37; 12.43; 10.06; 11.87; 12.37; 2020/03/10 21:30
11.43; 12.43; 10.06; 11.87; 12.37; 2020/03/10 22:00
11.50; 12.43; 10.06; 11.93; 12.31; 2020/03/10 22:30
11.56; 12.37; 10.06; 11.93; 12.37; 2020/03/10 23:00
11.43; 12.43; 10.12; 12.00; 12.37; 2020/03/10 23:30
11.37; 12.43; 10.12; 12.00; 12.37; 2020/03/11 00:00
11.56; 12.43; 10.12; 11.93; 12.37; 2020/03/11 00:30
11.50; 12.43; 10.12; 11.93; 12.37; 2020/03/11 01:00
11.31; 12.43; 10.12; 12.06; 12.37; 2020/03/11 01:30
11.25; 12.50; 10.12; 12.06; 12.37; 2020/03/11 02:00
11.31; 12.43; 10.18; 12.06; 12.37; 2020/03/11 02:30
11.18; 12.43; 10.18; 12.06; 12.37; 2020/03/11 03:00
10.06; 12.50; 10.18; 12.06; 12.31; 2020/03/11 03:30
9.75; 12.50; 10.18; 12.06; 12.37; 2020/03/11 04:00
9.43; 12.43; 10.18; 12.06; 12.25; 2020/03/11 04:30
9.43; 12.43; 10.12; 12.06; 12.31; 2020/03/11 05:00
9.18; 12.50; 10.18; 12.06; 12.31; 2020/03/11 05:30
9.12; 12.43; 10.18; 12.06; 12.31; 2020/03/11 06:00
9.18; 12.43; 10.18; 12.06; 12.31; 2020/03/11 06:30
9.31; 12.43; 10.18; 12.06; 12.31; 2020/03/11 07:00
9.25; 12.43; 10.18; 12.12; 12.31; 2020/03/11 07:30
9.31; 12.43; 10.18; 12.06; 12.31; 2020/03/11 08:00
9.68; 12.43; 10.18; 12.12; 12.31; 2020/03/11 08:30
9.87; 12.50; 10.25; 12.06; 12.31; 2020/03/11 09:00
10.00; 12.50; 10.25; 12.12; 12.37; 2020/03/11 09:30
10.06; 12.50; 10.25; 12.12; 12.31; 2020/03/11 10:00
10.12; 12.50; 10.25; 12.12; 12.37; 2020/03/11 10:30
10.18; 12.43; 10.50; 12.18; 12.37; 2020/03/11 11:00
10.31; 12.56; 10.37; 12.12; 12.37; 2020/03/11 11:30
10.31; 12.50; 10.31; 12.12; 12.37; 2020/03/11 12:00
10.43; 12.50; 10.31; 12.12; 12.31; 2020/03/11 12:30
10.43; 12.56; 10.31; 12.12; 12.31; 2020/03/11 13:00
10.62; 12.56; 10.31; 12.12; 12.31; 2020/03/11 13:30
10.68; 12.56; 10.31; 12.18; 12.37; 2020/03/11 14:00
10.87; 12.56; 10.37; 12.18; 12.31; 2020/03/11 14:30
11.12; 12.56; 10.37; 12.18; 12.31; 2020/03/11 15:00
11.43; 12.56; 10.37; 12.18; 12.31; 2020/03/11 15:30
11.81; 12.56; 10.37; 12.25; 12.37; 2020/03/11 16:00
12.31; 12.56; 11.62; 12.68; 12.37; 2020/03/11 16:30
12.25; 12.93; 12.37; 13.50; 12.62; 2020/03/11 17:00
12.75; 12.93; 12.50; 13.43; 12.62; 2020/03/11 17:30
12.43; 13.12; 12.31; 13.75; 12.68; 2020/03/11 18:00
12.31; 13.18; 12.56; 13.06; 13.00; 2020/03/11 18:30
12.12; 13.00; 12.37; 13.12; 12.93; 2020/03/11 19:00
11.93; 13.25; 11.43; 13.18; 12.81; 2020/03/11 19:30
11.93; 13.00; 11.12; 12.68; 12.37; 2020/03/11 20:00
11.75; 12.81; 11.00; 12.56; 12.31; 2020/03/11 20:30
11.43; 12.75; 10.93; 12.56; 12.31; 2020/03/11 21:00
11.56; 12.81; 10.93; 12.50; 12.25; 2020/03/11 21:30
11.68; 12.68; 10.93; 12.50; 12.25; 2020/03/11 22:00
11.81; 12.75; 10.93; 12.56; 12.31; 2020/03/11 22:30
12.18; 12.75; 10.93; 12.43; 12.31; 2020/03/11 23:00
12.43; 12.75; 10.93; 12.50; 12.31; 2020/03/11 23:30
12.56; 12.75; 10.93; 12.50; 12.25; 2020/03/12 00:00
12.75; 12.75; 10.93; 12.50; 12.31; 2020/03/12 00:30
12.56; 12.81; 10.93; 12.50; 12.31; 2020/03/12 01:00
12.50; 12.75; 10.93; 12.56; 12.18; 2020/03/12 01:30
12.56; 12.81; 10.93; 12.50; 12.25; 2020/03/12 02:00
12.56; 12.75; 10.93; 12.56; 12.25; 2020/03/12 02:30
12.06; 12.81; 10.93; 12.50; 12.31; 2020/03/12 03:00
12.06; 12.75; 10.93; 12.50; 12.25; 2020/03/12 03:30
12.00; 12.75; 10.93; 12.56; 12.25; 2020/03/12 04:00
11.81; 12.75; 11.00; 12.56; 12.31; 2020/03/12 04:30
11.87; 12.75; 11.00; 12.50; 12.31; 2020/03/12 05:00
11.93; 12.81; 11.00; 12.56; 12.25; 2020/03/12 05:30
11.87; 12.75; 11.00; 12.50; 12.25; 2020/03/12 06:00
10.87; 12.81; 11.00; 12.62; 12.25; 2020/03/12 06:30
10.62; 12.75; 11.00; 12.56; 12.31; 2020/03/12 07:00
10.43; 12.81; 11.00; 12.62; 12.25; 2020/03/12 07:30
10.18; 12.75; 11.00; 12.56; 12.25; 2020/03/12 08:00
10.31; 12.81; 11.00; 12.56; 12.25; 2020/03/12 08:30
8.75; 12.68; 11.00; 12.50; 12.18; 2020/03/12 09:00
8.43; 12.75; 11.00; 12.56; 12.18; 2020/03/12 09:30
8.75; 12.68; 11.00; 12.56; 12.18; 2020/03/12 10:00
8.93; 12.75; 11.00; 12.56; 12.25; 2020/03/12 10:30
9.56; 12.75; 11.00; 12.62; 12.25; 2020/03/12 11:00
10.18; 12.81; 11.06; 12.75; 12.25; 2020/03/12 11:30
10.68; 12.93; 11.06; 12.93; 12.31; 2020/03/12 12:00
10.87; 13.00; 11.06; 13.00; 12.37; 2020/03/12 12:30
11.37; 13.06; 11.12; 13.06; 12.43; 2020/03/12 13:00
11.06; 13.18; 11.12; 13.06; 12.56; 2020/03/12 13:30
11.87; 13.18; 11.18; 13.12; 12.56; 2020/03/12 14:00
11.37; 13.18; 11.18; 13.12; 12.56; 2020/03/12 14:30
11.75; 13.25; 11.25; 13.25; 12.50; 2020/03/12 15:00
11.93; 13.18; 11.31; 13.31; 12.50; 2020/03/12 15:30
11.56; 13.18; 11.37; 13.18; 12.43; 2020/03/12 16:00
11.12; 13.12; 11.37; 13.12; 12.43; 2020/03/12 16:30
11.37; 13.06; 11.37; 13.25; 12.37; 2020/03/12 17:00
10.75; 13.12; 11.43; 13.31; 12.31; 2020/03/12 17:30
10.43; 13.00; 11.43; 13.37; 12.31; 2020/03/12 18:00
9.06; 13.12; 11.50; 13.50; 12.31; 2020/03/12 18:30
8.31; 13.00; 11.50; 13.43; 12.31; 2020/03/12 19:00
7.62; 12.93; 11.43; 13.43; 12.31; 2020/03/12 19:30
7.50; 12.93; 11.50; 13.50; 12.25; 2020/03/12 20:00
7.75; 12.87; 11.50; 13.50; 12.25; 2020/03/12 20:30
8.18; 12.93; 11.50; 13.56; 12.25; 2020/03/12 21:00
8.12; 12.87; 11.50; 13.50; 12.18; 2020/03/12 21:30
8.18; 12.87; 11.56; 13.50; 12.25; 2020/03/12 22:00
8.06; 12.87; 11.56; 13.50; 12.25; 2020/03/12 22:30
7.87; 12.87; 11.56; 13.43; 12.18; 2020/03/12 23:00
7.68; 12.87; 11.56; 13.50; 12.18; 2020/03/12 23:30
7.18; 12.81; 11.56; 13.37; 12.25; 2020/03/13 00:00
7.12; 12.87; 11.56; 13.43; 12.25; 2020/03/13 00:30
7.31; 12.81; 11.56; 13.37; 12.25; 2020/03/13 01:00
7.00; 12.81; 11.56; 13.37; 12.25; 2020/03/13 01:30
6.75; 12.81; 11.56; 13.31; 12.25; 2020/03/13 02:00
6.75; 12.75; 11.56; 13.31; 12.25; 2020/03/13 02:30
6.75; 12.75; 11.50; 13.25; 12.25; 2020/03/13 03:00
6.68; 12.75; 11.50; 13.25; 12.18; 2020/03/13 03:30
6.62; 12.75; 11.50; 13.25; 12.25; 2020/03/13 04:00
6.62; 12.75; 11.50; 13.18; 12.25; 2020/03/13 04:30
6.68; 12.75; 11.50; 13.18; 12.31; 2020/03/13 05:00
6.68; 12.68; 11.43; 13.12; 12.25; 2020/03/13 05:30
6.68; 12.68; 11.43; 13.12; 12.25; 2020/03/13 06:00
6.68; 12.68; 11.43; 13.00; 12.25; 2020/03/13 06:30
6.75; 12.68; 11.37; 12.93; 12.25; 2020/03/13 07:00
6.68; 12.68; 11.37; 12.87; 12.25; 2020/03/13 07:30
6.37; 12.62; 11.37; 12.87; 12.25; 2020/03/13 08:00
6.56; 12.68; 11.37; 12.87; 12.25; 2020/03/13 08:30
6.81; 12.62; 11.31; 12.81; 12.25; 2020/03/13 09:00
7.06; 12.68; 11.31; 12.81; 12.25; 2020/03/13 09:30
7.56; 12.68; 11.31; 12.75; 12.25; 2020/03/13 10:00
7.56; 12.68; 11.31; 12.75; 12.25; 2020/03/13 10:30
7.62; 12.62; 11.25; 12.68; 12.31; 2020/03/13 11:00
8.12; 12.68; 11.25; 12.75; 12.31; 2020/03/13 11:30
8.00; 12.62; 11.25; 12.68; 12.31; 2020/03/13 12:00
8.93; 12.75; 11.25; 12.75; 12.37; 2020/03/13 12:30
9.43; 12.68; 11.25; 12.68; 12.31; 2020/03/13 13:00
9.18; 12.81; 11.25; 12.75; 12.31; 2020/03/13 13:30
9.75; 12.81; 11.18; 12.81; 12.37; 2020/03/13 14:00
9.75; 12.81; 11.25; 12.75; 12.37; 2020/03/13 14:30
9.06; 12.68; 11.18; 12.75; 12.31; 2020/03/13 15:00
9.37; 12.81; 11.18; 12.81; 12.31; 2020/03/13 15:30
10.06; 12.81; 11.25; 12.68; 12.31; 2020/03/13 16:00
10.18; 12.81; 11.25; 12.81; 12.31; 2020/03/13 16:30
9.25; 12.75; 11.25; 12.81; 12.25; 2020/03/13 17:00
9.37; 12.75; 11.25; 12.81; 12.31; 2020/03/13 17:30
8.93; 12.68; 11.25; 12.68; 12.31; 2020/03/13 18:00
8.18; 12.75; 11.18; 12.75; 12.31; 2020/03/13 18:30
7.93; 12.68; 11.18; 12.68; 12.25; 2020/03/13 19:00
7.68; 12.75; 11.18; 12.68; 12.31; 2020/03/13 19:30
7.37; 12.81; 12.18; 13.00; 12.37; 2020/03/13 20:00
7.43; 12.87; 12.25; 12.93; 12.62; 2020/03/13 20:30
9.43; 12.87; 12.06; 12.68; 12.43; 2020/03/13 21:00
7.37; 12.87; 12.06; 12.87; 12.62; 2020/03/13 21:30
6.62; 12.62; 11.50; 12.81; 12.37; 2020/03/13 22:00
6.75; 12.37; 11.37; 12.56; 12.25; 2020/03/13 22:30
6.50; 12.25; 11.31; 12.50; 12.18; 2020/03/13 23:00
6.50; 12.18; 11.31; 12.43; 12.18; 2020/03/13 23:30
6.43; 12.18; 11.25; 12.43; 12.18; 2020/03/14 00:00
5.93; 12.18; 11.25; 12.37; 12.18; 2020/03/14 00:30
5.75; 12.12; 11.18; 12.37; 12.18; 2020/03/14 01:00
5.50; 12.12; 11.18; 12.31; 12.18; 2020/03/14 01:30
5.12; 12.06; 11.18; 12.31; 12.18; 2020/03/14 02:00
4.56; 12.06; 11.12; 12.31; 12.18; 2020/03/14 02:30
4.56; 12.06; 11.12; 12.25; 12.18; 2020/03/14 03:00
4.31; 11.93; 11.12; 12.25; 12.18; 2020/03/14 03:30
4.31; 11.93; 11.12; 12.18; 12.18; 2020/03/14 04:00
4.18; 11.93; 11.06; 12.12; 12.18; 2020/03/14 04:30
4.31; 11.87; 11.06; 12.12; 12.18; 2020/03/14 05:00
4.00; 11.81; 11.00; 12.06; 12.18; 2020/03/14 05:30
3.56; 11.81; 11.00; 12.06; 12.18; 2020/03/14 06:00
3.12; 11.75; 10.93; 12.00; 12.18; 2020/03/14 06:30
3.25; 11.81; 10.93; 11.93; 12.12; 2020/03/14 07:00
3.00; 11.75; 10.87; 11.93; 12.18; 2020/03/14 07:30
2.81; 11.75; 10.87; 11.87; 12.18; 2020/03/14 08:00
3.00; 11.75; 10.87; 11.87; 12.18; 2020/03/14 08:30
3.18; 11.68; 10.81; 11.81; 12.18; 2020/03/14 09:00
4.00; 11.68; 10.75; 11.81; 12.18; 2020/03/14 09:30
5.43; 11.75; 10.75; 11.75; 12.18; 2020/03/14 10:00
7.43; 11.75; 10.75; 11.75; 12.31; 2020/03/14 10:30
8.18; 11.75; 10.75; 11.81; 12.37; 2020/03/14 11:00
8.75; 11.81; 10.75; 11.87; 12.37; 2020/03/14 11:30
9.31; 12.00; 10.75; 12.00; 12.37; 2020/03/14 12:00
9.93; 12.00; 10.75; 12.06; 12.43; 2020/03/14 12:30
9.81; 12.00; 10.75; 12.00; 12.43; 2020/03/14 13:00
10.31; 12.06; 10.75; 12.12; 12.43; 2020/03/14 13:30
11.12; 12.12; 10.75; 12.18; 12.43; 2020/03/14 14:00
11.37; 12.12; 10.87; 12.18; 12.43; 2020/03/14 14:30
10.62; 12.06; 10.87; 12.12; 12.37; 2020/03/14 15:00
11.31; 12.12; 10.87; 12.18; 12.31; 2020/03/14 15:30
11.18; 12.12; 10.93; 12.12; 12.31; 2020/03/14 16:00
10.87; 12.06; 10.93; 12.12; 12.25; 2020/03/14 16:30
10.50; 12.00; 10.93; 12.06; 12.18; 2020/03/14 17:00
10.50; 11.93; 11.00; 12.06; 12.18; 2020/03/14 17:30
10.25; 12.00; 11.00; 12.06; 12.18; 2020/03/14 18:00
9.87; 12.00; 11.00; 12.25; 12.18; 2020/03/14 18:30
9.50; 11.93; 11.00; 12.37; 12.12; 2020/03/14 19:00
9.12; 11.93; 11.00; 12.31; 12.12; 2020/03/14 19:30
9.18; 11.87; 11.06; 12.31; 12.12; 2020/03/14 20:00
9.56; 11.93; 11.06; 12.37; 12.12; 2020/03/14 20:30
8.68; 11.93; 11.06; 12.43; 12.06; 2020/03/14 21:00
8.50; 11.93; 11.06; 12.37; 12.06; 2020/03/14 21:30
8.18; 11.87; 11.06; 12.37; 12.06; 2020/03/14 22:00
8.31; 11.87; 11.06; 12.31; 12.06; 2020/03/14 22:30
8.25; 11.93; 11.12; 12.43; 12.12; 2020/03/14 23:00
8.06; 11.87; 11.12; 12.37; 12.12; 2020/03/14 23:30
8.18; 11.87; 11.12; 12.37; 12.12; 2020/03/15 00:00
8.12; 11.87; 11.12; 12.31; 12.12; 2020/03/15 00:30
8.00; 11.87; 11.12; 12.31; 12.12; 2020/03/15 01:00
7.93; 11.87; 11.12; 12.31; 12.12; 2020/03/15 01:30
7.87; 11.87; 11.12; 12.37; 12.12; 2020/03/15 02:00
7.87; 11.87; 11.06; 12.31; 12.12; 2020/03/15 02:30
7.75; 11.87; 11.06; 12.31; 12.12; 2020/03/15 03:00
7.93; 11.81; 11.06; 12.31; 12.12; 2020/03/15 03:30
8.06; 11.81; 11.06; 12.25; 12.12; 2020/03/15 04:00
8.25; 11.75; 11.06; 12.18; 12.12; 2020/03/15 04:30
8.25; 11.75; 11.06; 12.18; 12.12; 2020/03/15 05:00
7.93; 11.81; 11.06; 12.25; 12.18; 2020/03/15 05:30
7.75; 11.87; 11.06; 12.25; 12.12; 2020/03/15 06:00
7.56; 11.87; 11.00; 12.25; 12.18; 2020/03/15 06:30
7.56; 11.81; 11.00; 12.18; 12.18; 2020/03/15 07:00
7.50; 11.81; 11.00; 12.18; 12.18; 2020/03/15 07:30
7.75; 11.75; 11.00; 12.12; 12.12; 2020/03/15 08:00
8.06; 11.81; 10.93; 12.12; 12.12; 2020/03/15 08:30
8.43; 11.81; 10.93; 12.12; 12.12; 2020/03/15 09:00
8.87; 11.87; 10.93; 12.12; 12.12; 2020/03/15 09:30
9.62; 11.87; 10.93; 12.12; 12.12; 2020/03/15 10:00
10.37; 11.87; 10.93; 12.12; 12.25; 2020/03/15 10:30
11.00; 11.93; 10.93; 12.18; 12.25; 2020/03/15 11:00
11.37; 11.93; 10.93; 12.25; 12.25; 2020/03/15 11:30
12.18; 12.00; 10.93; 12.25; 12.25; 2020/03/15 12:00
12.87; 12.06; 11.00; 12.37; 12.25; 2020/03/15 12:30
13.25; 12.18; 11.06; 12.43; 12.25; 2020/03/15 13:00
13.50; 12.25; 11.06; 12.43; 12.31; 2020/03/15 13:30
13.18; 12.18; 11.06; 12.37; 12.31; 2020/03/15 14:00
13.25; 12.18; 11.12; 12.37; 12.25; 2020/03/15 14:30
13.25; 12.18; 11.12; 12.31; 12.18; 2020/03/15 15:00
13.31; 12.12; 11.12; 12.31; 12.12; 2020/03/15 15:30
14.06; 12.18; 11.18; 12.37; 12.12; 2020/03/15 16:00
14.43; 12.25; 11.25; 12.50; 12.18; 2020/03/15 16:30
13.81; 12.25; 11.31; 12.50; 12.18; 2020/03/15 17:00
13.18; 12.18; 11.31; 12.56; 12.12; 2020/03/15 17:30
13.00; 12.18; 11.37; 12.56; 12.12; 2020/03/15 18:00
12.87; 12.12; 11.37; 12.50; 12.12; 2020/03/15 18:30
12.62; 12.12; 11.37; 12.56; 12.12; 2020/03/15 19:00
12.31; 12.12; 11.37; 12.56; 12.12; 2020/03/15 19:30
11.50; 12.12; 11.37; 12.56; 12.12; 2020/03/15 20:00
10.50; 12.12; 11.37; 12.62; 12.18; 2020/03/15 20:30
9.81; 12.18; 11.43; 12.62; 12.12; 2020/03/15 21:00
9.25; 12.18; 11.43; 12.62; 12.12; 2020/03/15 21:30
8.81; 12.12; 11.43; 12.62; 12.12; 2020/03/15 22:00
7.87; 12.06; 11.43; 12.62; 12.06; 2020/03/15 22:30
7.87; 12.06; 11.43; 12.62; 12.06; 2020/03/15 23:00
7.37; 12.00; 11.43; 12.56; 12.06; 2020/03/15 23:30
7.12; 12.00; 11.43; 12.56; 12.06; 2020/03/16 00:00
6.43; 12.00; 11.43; 12.56; 12.06; 2020/03/16 00:30
6.43; 12.00; 11.43; 12.56; 12.06; 2020/03/16 01:00
6.18; 12.00; 11.43; 12.56; 12.06; 2020/03/16 01:30
5.68; 11.93; 11.37; 12.50; 12.06; 2020/03/16 02:00
5.50; 11.93; 11.37; 12.50; 12.06; 2020/03/16 02:30
5.50; 11.93; 11.37; 12.50; 12.06; 2020/03/16 03:00
5.12; 11.87; 11.37; 12.37; 12.06; 2020/03/16 03:30
5.00; 11.87; 11.37; 12.37; 12.06; 2020/03/16 04:00
4.68; 11.93; 11.31; 12.43; 12.06; 2020/03/16 04:30
4.81; 11.93; 11.31; 12.37; 12.06; 2020/03/16 05:00
4.43; 11.81; 11.31; 12.31; 12.06; 2020/03/16 05:30
4.37; 11.81; 11.25; 12.25; 12.06; 2020/03/16 06:00
4.37; 11.81; 11.25; 12.25; 12.06; 2020/03/16 06:30
4.12; 11.81; 11.18; 12.25; 12.06; 2020/03/16 07:00
4.25; 11.81; 11.18; 12.18; 12.06; 2020/03/16 07:30
4.43; 11.75; 11.18; 12.18; 12.12; 2020/03/16 08:00
4.87; 11.75; 11.18; 12.12; 12.06; 2020/03/16 08:30
5.93; 11.81; 11.18; 12.18; 12.12; 2020/03/16 09:00
7.43; 11.75; 11.12; 12.12; 12.12; 2020/03/16 09:30
9.68; 11.75; 11.12; 12.12; 12.18; 2020/03/16 10:00
10.75; 11.87; 11.12; 12.12; 12.31; 2020/03/16 10:30
11.75; 11.87; 11.12; 12.18; 12.37; 2020/03/16 11:00
12.37; 11.93; 11.12; 12.25; 12.31; 2020/03/16 11:30
13.12; 12.06; 11.18; 12.31; 12.31; 2020/03/16 12:00
13.56; 12.12; 11.18; 12.31; 12.37; 2020/03/16 12:30
13.93; 12.18; 11.18; 12.37; 12.37; 2020/03/16 13:00
14.56; 12.25; 11.25; 12.37; 12.43; 2020/03/16 13:30
15.25; 12.31; 11.25; 12.43; 12.56; 2020/03/16 14:00
15.50; 12.37; 11.31; 12.50; 12.56; 2020/03/16 14:30
15.56; 12.43; 11.37; 12.62; 12.62; 2020/03/16 15:00
15.31; 12.37; 11.43; 12.62; 12.56; 2020/03/16 15:30
15.43; 12.37; 11.50; 12.62; 12.50; 2020/03/16 16:00
15.25; 12.31; 11.56; 12.62; 12.43; 2020/03/16 16:30
15.25; 12.37; 11.68; 12.62; 12.43; 2020/03/16 17:00
14.75; 12.50; 11.87; 12.81; 12.43; 2020/03/16 17:30
13.87; 12.37; 11.81; 12.75; 12.43; 2020/03/16 18:00
13.12; 12.25; 11.81; 12.68; 12.43; 2020/03/16 18:30
12.31; 12.31; 11.81; 12.75; 12.43; 2020/03/16 19:00
11.68; 12.31; 11.81; 12.75; 12.37; 2020/03/16 19:30
11.31; 12.31; 11.87; 12.81; 12.37; 2020/03/16 20:00
11.00; 12.25; 11.87; 12.81; 12.37; 2020/03/16 20:30
10.68; 12.31; 11.87; 12.87; 12.37; 2020/03/16 21:00
10.68; 12.25; 11.93; 12.87; 12.37; 2020/03/16 21:30
10.62; 12.25; 11.93; 12.87; 12.37; 2020/03/16 22:00
10.43; 12.25; 12.00; 12.87; 12.37; 2020/03/16 22:30
10.12; 12.25; 12.00; 12.87; 12.37; 2020/03/16 23:00
10.18; 12.25; 12.00; 12.87; 12.37; 2020/03/16 23:30
9.93; 12.25; 12.00; 12.93; 12.37; 2020/03/17 00:00
9.93; 12.25; 12.06; 12.93; 12.37; 2020/03/17 00:30
10.06; 12.25; 12.06; 12.93; 12.37; 2020/03/17 01:00
10.00; 12.25; 12.06; 12.93; 12.37; 2020/03/17 01:30
10.06; 12.25; 12.06; 12.93; 12.31; 2020/03/17 02:00
10.12; 12.25; 12.06; 12.87; 12.31; 2020/03/17 02:30
10.12; 12.25; 12.06; 12.87; 12.31; 2020/03/17 03:00
10.00; 12.25; 12.12; 12.87; 12.31; 2020/03/17 03:30
9.87; 12.25; 12.12; 12.81; 12.25; 2020/03/17 04:00
9.75; 12.18; 12.12; 12.81; 12.25; 2020/03/17 04:30
9.31; 12.25; 12.06; 12.81; 12.25; 2020/03/17 05:00
9.31; 12.25; 12.06; 12.81; 12.25; 2020/03/17 05:30
8.87; 12.18; 12.06; 12.75; 12.25; 2020/03/17 06:00
8.37; 12.12; 12.06; 12.75; 12.25; 2020/03/17 06:30
7.87; 12.18; 12.06; 12.75; 12.25; 2020/03/17 07:00
7.62; 12.18; 12.06; 12.75; 12.25; 2020/03/17 07:30
7.43; 12.18; 12.06; 12.68; 12.18; 2020/03/17 08:00
7.37; 12.12; 12.00; 12.68; 12.18; 2020/03/17 08:30
8.18; 12.12; 12.00; 12.68; 12.18; 2020/03/17 09:00
8.81; 12.18; 12.06; 12.62; 12.18; 2020/03/17 09:30
9.62; 12.18; 12.06; 12.68; 12.18; 2020/03/17 10:00
10.18; 12.25; 12.06; 12.68; 12.37; 2020/03/17 10:30
10.81; 12.25; 12.06; 12.75; 12.50; 2020/03/17 11:00
11.18; 12.31; 12.06; 12.75; 12.62; 2020/03/17 11:30
11.50; 12.50; 12.06; 12.87; 12.75; 2020/03/17 12:00
12.25; 12.50; 12.06; 12.93; 12.81; 2020/03/17 12:30
12.62; 12.56; 12.12; 13.00; 12.87; 2020/03/17 13:00
13.18; 12.62; 12.12; 13.06; 12.93; 2020/03/17 13:30
13.50; 12.68; 12.18; 13.12; 13.06; 2020/03/17 14:00
13.87; 12.75; 12.18; 13.18; 13.06; 2020/03/17 14:30
13.93; 12.68; 12.25; 13.06; 13.06; 2020/03/17 15:00
14.06; 12.75; 12.31; 13.06; 13.06; 2020/03/17 15:30
14.43; 12.75; 12.43; 13.12; 13.06; 2020/03/17 16:00
14.43; 12.75; 12.50; 13.12; 13.06; 2020/03/17 16:30
14.25; 12.75; 12.62; 13.12; 13.06; 2020/03/17 17:00
14.31; 12.75; 12.68; 13.18; 13.06; 2020/03/17 17:30
13.50; 12.75; 12.75; 13.25; 13.00; 2020/03/17 18:00
12.93; 12.68; 12.75; 13.25; 13.06; 2020/03/17 18:30
12.18; 12.68; 12.75; 13.25; 13.00; 2020/03/17 19:00
11.25; 12.68; 12.81; 13.31; 12.93; 2020/03/17 19:30
10.87; 12.62; 12.81; 13.31; 13.00; 2020/03/17 20:00
10.56; 12.62; 12.81; 13.31; 13.00; 2020/03/17 20:30
10.12; 12.62; 12.81; 13.31; 13.00; 2020/03/17 21:00
9.68; 12.62; 12.81; 13.37; 13.00; 2020/03/17 21:30
9.12; 12.62; 12.81; 13.37; 13.00; 2020/03/17 22:00
8.50; 12.62; 12.81; 13.37; 12.93; 2020/03/17 22:30
8.18; 12.56; 12.87; 13.31; 12.87; 2020/03/17 23:00
7.75; 12.56; 12.81; 13.37; 12.87; 2020/03/17 23:30
7.31; 12.50; 12.87; 13.31; 12.87; 2020/03/18 00:00
7.06; 12.50; 12.81; 13.25; 12.81; 2020/03/18 00:30
6.68; 12.50; 12.81; 13.25; 12.75; 2020/03/18 01:00
6.56; 12.43; 12.81; 13.25; 12.68; 2020/03/18 01:30
6.43; 12.43; 12.81; 13.25; 12.62; 2020/03/18 02:00
6.12; 12.43; 12.75; 13.18; 12.56; 2020/03/18 02:30
5.81; 12.37; 12.75; 13.18; 12.62; 2020/03/18 03:00
6.00; 12.37; 12.75; 13.12; 12.56; 2020/03/18 03:30
5.81; 12.31; 12.75; 13.06; 12.56; 2020/03/18 04:00
5.68; 12.31; 12.75; 13.00; 12.50; 2020/03/18 04:30
5.56; 12.25; 12.68; 12.93; 12.50; 2020/03/18 05:00
5.56; 12.25; 12.68; 12.93; 12.43; 2020/03/18 05:30
5.50; 12.18; 12.68; 12.87; 12.43; 2020/03/18 06:00
5.50; 12.18; 12.62; 12.81; 12.37; 2020/03/18 06:30
5.18; 12.18; 12.56; 12.81; 12.37; 2020/03/18 07:00
5.00; 12.25; 12.56; 12.81; 12.37; 2020/03/18 07:30
5.50; 12.18; 12.56; 12.75; 12.31; 2020/03/18 08:00
6.68; 12.18; 12.50; 12.75; 12.31; 2020/03/18 08:30
8.62; 12.18; 12.50; 12.68; 12.31; 2020/03/18 09:00
9.62; 12.25; 12.50; 12.68; 12.31; 2020/03/18 09:30
10.50; 12.25; 12.50; 12.68; 12.31; 2020/03/18 10:00
11.25; 12.31; 12.50; 12.68; 12.50; 2020/03/18 10:30
11.87; 12.31; 12.43; 12.75; 12.62; 2020/03/18 11:00
12.50; 12.43; 12.43; 12.81; 12.68; 2020/03/18 11:30
13.62; 12.50; 12.43; 12.87; 12.87; 2020/03/18 12:00
14.12; 12.62; 12.43; 13.06; 12.93; 2020/03/18 12:30
14.50; 12.75; 12.50; 13.18; 13.06; 2020/03/18 13:00
15.18; 12.75; 12.50; 13.18; 13.12; 2020/03/18 13:30
15.62; 12.87; 12.56; 13.31; 13.18; 2020/03/18 14:00
15.81; 12.87; 12.56; 13.31; 13.25; 2020/03/18 14:30
15.87; 12.93; 12.62; 13.37; 13.25; 2020/03/18 15:00
16.00; 12.93; 12.68; 13.37; 13.25; 2020/03/18 15:30
15.75; 12.93; 12.75; 13.37; 13.25; 2020/03/18 16:00
15.68; 13.00; 12.87; 13.25; 13.18; 2020/03/18 16:30
15.75; 12.93; 13.00; 13.31; 13.18; 2020/03/18 17:00
15.50; 12.93; 13.00; 13.31; 13.18; 2020/03/18 17:30
14.81; 12.93; 13.12; 13.31; 13.18; 2020/03/18 18:00
14.18; 12.87; 13.12; 13.31; 13.18; 2020/03/18 18:30
13.25; 12.81; 13.12; 13.37; 13.18; 2020/03/18 19:00
12.25; 12.87; 13.12; 13.37; 13.18; 2020/03/18 19:30
11.62; 12.81; 13.12; 13.37; 13.18; 2020/03/18 20:00
11.00; 12.81; 13.12; 13.43; 13.18; 2020/03/18 20:30
10.37; 12.81; 13.12; 13.43; 13.12; 2020/03/18 21:00
9.68; 12.81; 13.18; 13.50; 13.12; 2020/03/18 21:30
9.31; 12.81; 13.12; 13.50; 13.12; 2020/03/18 22:00
8.87; 12.75; 13.18; 13.50; 13.12; 2020/03/18 22:30
8.56; 12.75; 13.18; 13.43; 13.12; 2020/03/18 23:00
8.12; 12.68; 13.18; 13.43; 13.12; 2020/03/18 23:30
7.75; 12.68; 13.12; 13.43; 13.06; 2020/03/19 00:00
7.25; 12.68; 13.12; 13.43; 13.06; 2020/03/19 00:30
7.31; 12.68; 13.12; 13.43; 13.00; 2020/03/19 01:00
6.87; 12.62; 13.12; 13.37; 12.93; 2020/03/19 01:30
6.68; 12.62; 13.12; 13.31; 12.87; 2020/03/19 02:00
6.56; 12.56; 13.12; 13.31; 12.81; 2020/03/19 02:30
6.25; 12.56; 13.12; 13.31; 12.81; 2020/03/19 03:00
6.18; 12.50; 13.06; 13.25; 12.81; 2020/03/19 03:30
5.62; 12.50; 13.06; 13.25; 12.75; 2020/03/19 04:00
5.87; 12.43; 13.06; 13.18; 12.75; 2020/03/19 04:30
6.00; 12.43; 13.00; 13.12; 12.68; 2020/03/19 05:00
5.93; 12.43; 13.00; 13.12; 12.68; 2020/03/19 05:30
6.31; 12.43; 13.00; 13.06; 12.62; 2020/03/19 06:00
6.12; 12.37; 13.00; 13.00; 12.62; 2020/03/19 06:30
6.18; 12.37; 12.93; 13.00; 12.62; 2020/03/19 07:00
6.43; 12.37; 12.93; 12.93; 12.56; 2020/03/19 07:30
6.81; 12.37; 12.87; 12.93; 12.56; 2020/03/19 08:00
6.87; 12.37; 12.87; 12.93; 12.56; 2020/03/19 08:30
7.75; 12.37; 12.87; 12.87; 12.50; 2020/03/19 09:00
10.00; 12.37; 12.87; 12.87; 12.56; 2020/03/19 09:30
10.81; 12.37; 12.87; 12.81; 12.56; 2020/03/19 10:00
11.68; 12.43; 12.81; 12.87; 12.56; 2020/03/19 10:30
12.25; 12.50; 12.81; 12.87; 12.56; 2020/03/19 11:00
12.68; 12.43; 12.81; 12.81; 12.56; 2020/03/19 11:30
13.43; 12.43; 12.75; 12.81; 12.56; 2020/03/19 12:00
14.75; 12.56; 12.81; 12.87; 12.62; 2020/03/19 12:30
14.75; 12.75; 12.81; 13.18; 12.87; 2020/03/19 13:00
15.37; 12.75; 12.81; 13.18; 13.00; 2020/03/19 13:30
15.06; 12.81; 12.81; 13.18; 13.06; 2020/03/19 14:00
14.68; 12.75; 12.87; 13.06; 12.93; 2020/03/19 14:30
14.43; 12.68; 12.87; 13.06; 12.87; 2020/03/19 15:00
14.37; 12.68; 12.87; 13.00; 12.87; 2020/03/19 15:30
14.50; 12.68; 12.87; 13.00; 12.81; 2020/03/19 16:00
14.43; 12.68; 12.87; 13.00; 12.81; 2020/03/19 16:30
14.31; 12.68; 12.93; 13.06; 12.81; 2020/03/19 17:00
14.81; 12.68; 12.93; 13.06; 12.87; 2020/03/19 17:30
13.75; 12.75; 12.93; 13.06; 12.87; 2020/03/19 18:00
13.56; 12.68; 13.00; 13.06; 12.87; 2020/03/19 18:30
13.12; 12.68; 13.00; 13.06; 12.87; 2020/03/19 19:00
12.81; 12.68; 13.00; 13.12; 12.87; 2020/03/19 19:30
12.81; 12.68; 13.00; 13.12; 12.87; 2020/03/19 20:00
12.43; 12.68; 13.00; 13.12; 12.87; 2020/03/19 20:30
12.18; 12.75; 13.00; 13.18; 12.87; 2020/03/19 21:00
11.93; 12.68; 13.00; 13.12; 12.87; 2020/03/19 21:30
11.75; 12.75; 13.00; 13.12; 12.87; 2020/03/19 22:00
11.50; 12.68; 13.00; 13.12; 12.87; 2020/03/19 22:30
11.37; 12.68; 13.00; 13.12; 12.87; 2020/03/19 23:00
11.18; 12.68; 13.06; 13.12; 12.87; 2020/03/19 23:30
11.12; 12.68; 13.06; 13.18; 12.87; 2020/03/20 00:00
10.93; 12.68; 13.06; 13.18; 12.87; 2020/03/20 00:30
11.12; 12.62; 13.06; 13.12; 12.87; 2020/03/20 01:00
10.87; 12.68; 13.00; 13.12; 12.87; 2020/03/20 01:30
10.75; 12.68; 13.00; 13.12; 12.87; 2020/03/20 02:00
10.62; 12.68; 13.00; 13.12; 12.87; 2020/03/20 02:30
10.31; 12.62; 13.00; 13.12; 12.93; 2020/03/20 03:00
10.18; 12.62; 13.00; 13.06; 12.87; 2020/03/20 03:30
10.06; 12.62; 13.00; 13.12; 12.87; 2020/03/20 04:00
10.00; 12.62; 13.00; 13.06; 12.87; 2020/03/20 04:30
10.06; 12.62; 12.93; 13.06; 12.87; 2020/03/20 05:00
9.87; 12.62; 12.93; 13.06; 12.87; 2020/03/20 05:30
9.81; 12.62; 12.93; 13.06; 12.87; 2020/03/20 06:00
9.68; 12.62; 12.93; 13.06; 12.81; 2020/03/20 06:30
9.68; 12.56; 12.93; 13.00; 12.81; 2020/03/20 07:00
9.75; 12.62; 12.93; 13.00; 12.81; 2020/03/20 07:30
9.62; 12.62; 12.87; 13.00; 12.81; 2020/03/20 08:00
9.62; 12.56; 12.87; 13.00; 12.81; 2020/03/20 08:30
9.56; 12.62; 12.87; 13.00; 12.81; 2020/03/20 09:00
9.50; 12.56; 12.87; 12.93; 12.81; 2020/03/20 09:30
9.43; 12.56; 12.87; 12.93; 12.75; 2020/03/20 10:00
9.56; 12.56; 12.81; 12.93; 12.75; 2020/03/20 10:30
9.68; 12.56; 12.81; 12.93; 12.75; 2020/03/20 11:00
9.81; 12.56; 12.81; 12.93; 12.75; 2020/03/20 11:30
9.75; 12.56; 12.81; 12.87; 12.75; 2020/03/20 12:00
9.62; 12.56; 12.81; 12.87; 12.75; 2020/03/20 12:30
9.62; 12.62; 12.75; 12.93; 12.68; 2020/03/20 13:00
9.56; 12.56; 12.75; 12.81; 12.68; 2020/03/20 13:30
9.50; 12.56; 12.75; 12.87; 12.68; 2020/03/20 14:00
9.62; 12.56; 12.75; 12.81; 12.68; 2020/03/20 14:30
9.43; 12.56; 12.68; 12.81; 12.68; 2020/03/20 15:00
9.56; 12.56; 12.68; 12.81; 12.62; 2020/03/20 15:30
9.43; 12.56; 12.68; 12.81; 12.62; 2020/03/20 16:00
9.31; 12.56; 12.68; 12.87; 12.62; 2020/03/20 16:30
9.25; 12.50; 12.62; 12.81; 12.62; 2020/03/20 17:00
9.00; 12.50; 12.62; 12.81; 12.62; 2020/03/20 17:30
8.62; 12.50; 12.62; 12.81; 12.56; 2020/03/20 18:00
8.68; 12.56; 12.62; 12.81; 12.56; 2020/03/20 18:30
8.37; 12.43; 12.56; 12.75; 12.50; 2020/03/20 19:00
8.00; 12.43; 12.56; 12.75; 12.50; 2020/03/20 19:30
7.81; 12.43; 12.50; 12.75; 12.50; 2020/03/20 20:00
7.68; 12.43; 12.50; 12.68; 12.43; 2020/03/20 20:30
7.50; 12.43; 12.50; 12.75; 12.43; 2020/03/20 21:00
7.68; 12.43; 12.50; 12.75; 12.37; 2020/03/20 21:30
7.06; 12.37; 12.43; 12.62; 12.37; 2020/03/20 22:00
7.00; 12.37; 12.43; 12.62; 12.37; 2020/03/20 22:30
6.81; 12.37; 12.37; 12.68; 12.37; 2020/03/20 23:00
6.50; 12.37; 12.37; 12.62; 12.31; 2020/03/20 23:30
6.56; 12.37; 12.37; 12.62; 12.31; 2020/03/21 00:00
6.81; 12.31; 12.37; 12.56; 12.31; 2020/03/21 00:30
6.87; 12.31; 12.31; 12.56; 12.25; 2020/03/21 01:00
6.87; 12.31; 12.31; 12.56; 12.25; 2020/03/21 01:30
6.75; 12.31; 12.25; 12.56; 12.25; 2020/03/21 02:00
7.06; 12.31; 12.25; 12.56; 12.25; 2020/03/21 02:30
6.87; 12.31; 12.25; 12.50; 12.25; 2020/03/21 03:00
6.68; 12.31; 12.18; 12.50; 12.25; 2020/03/21 03:30
6.68; 12.25; 12.18; 12.50; 12.25; 2020/03/21 04:00
6.68; 12.25; 12.12; 12.50; 12.18; 2020/03/21 04:30
6.62; 12.25; 12.12; 12.43; 12.18; 2020/03/21 05:00
6.62; 12.25; 12.06; 12.43; 12.18; 2020/03/21 05:30
6.18; 12.18; 12.06; 12.37; 12.18; 2020/03/21 06:00
5.75; 12.18; 12.00; 12.37; 12.18; 2020/03/21 06:30
5.81; 12.12; 12.00; 12.37; 12.18; 2020/03/21 07:00
5.31; 12.12; 11.93; 12.31; 12.18; 2020/03/21 07:30
4.81; 12.12; 11.87; 12.31; 12.18; 2020/03/21 08:00
5.18; 12.06; 11.87; 12.25; 12.18; 2020/03/21 08:30
5.50; 12.12; 11.81; 12.25; 12.18; 2020/03/21 09:00
5.87; 12.12; 11.81; 12.25; 12.18; 2020/03/21 09:30
6.56; 12.12; 11.75; 12.25; 12.25; 2020/03/21 10:00
6.87; 12.12; 11.75; 12.18; 12.37; 2020/03/21 10:30
7.56; 12.18; 11.75; 12.25; 12.37; 2020/03/21 11:00
8.00; 12.25; 11.75; 12.25; 12.37; 2020/03/21 11:30
8.68; 12.25; 11.75; 12.37; 12.43; 2020/03/21 12:00
9.06; 12.31; 11.75; 12.31; 12.43; 2020/03/21 12:30
8.68; 12.25; 11.68; 12.31; 12.43; 2020/03/21 13:00
10.25; 12.37; 11.75; 12.37; 12.43; 2020/03/21 13:30
10.12; 12.43; 11.75; 12.43; 12.43; 2020/03/21 14:00
10.12; 12.50; 11.81; 12.56; 12.43; 2020/03/21 14:30
10.18; 12.50; 11.81; 12.56; 12.43; 2020/03/21 15:00
10.12; 12.37; 11.87; 12.56; 12.43; 2020/03/21 15:30
10.25; 12.50; 11.93; 12.62; 12.37; 2020/03/21 16:00
9.81; 12.50; 11.93; 12.56; 12.37; 2020/03/21 16:30
9.87; 12.50; 12.00; 12.62; 12.37; 2020/03/21 17:00
9.56; 12.43; 12.06; 12.56; 12.31; 2020/03/21 17:30
8.75; 12.37; 12.06; 12.50; 12.31; 2020/03/21 18:00
8.31; 12.31; 12.06; 12.50; 12.31; 2020/03/21 18:30
8.12; 12.31; 12.00; 12.50; 12.25; 2020/03/21 19:00
7.62; 12.31; 12.00; 12.56; 12.25; 2020/03/21 19:30
6.87; 12.25; 11.93; 12.62; 12.18; 2020/03/21 20:00
6.62; 12.25; 11.93; 12.62; 12.18; 2020/03/21 20:30
6.50; 12.18; 11.93; 12.62; 12.18; 2020/03/21 21:00
5.81; 12.18; 11.93; 12.56; 12.18; 2020/03/21 21:30
5.68; 12.12; 11.93; 12.56; 12.18; 2020/03/21 22:00
5.31; 12.06; 11.93; 12.50; 12.18; 2020/03/21 22:30
5.12; 12.06; 11.93; 12.50; 12.18; 2020/03/21 23:00
4.93; 12.06; 11.93; 12.50; 12.18; 2020/03/21 23:30
4.43; 12.06; 11.93; 12.50; 12.18; 2020/03/22 00:00
3.87; 12.06; 11.87; 12.50; 12.25; 2020/03/22 00:30
3.18; 12.00; 11.87; 12.43; 12.18; 2020/03/22 01:00
3.56; 11.93; 11.87; 12.37; 12.18; 2020/03/22 01:30
3.37; 12.00; 11.87; 12.43; 12.18; 2020/03/22 02:00
3.37; 12.00; 11.81; 12.43; 12.18; 2020/03/22 02:30
3.00; 11.93; 11.81; 12.31; 12.18; 2020/03/22 03:00
2.18; 11.87; 11.75; 12.25; 12.18; 2020/03/22 03:30
2.50; 11.87; 11.68; 12.25; 12.18; 2020/03/22 04:00
1.93; 11.81; 11.68; 12.18; 12.18; 2020/03/22 04:30
1.87; 11.81; 11.62; 12.18; 12.18; 2020/03/22 05:00
1.50; 11.75; 11.62; 12.12; 12.18; 2020/03/22 05:30
1.62; 11.68; 11.56; 12.06; 12.18; 2020/03/22 06:00
.87; 11.68; 11.50; 12.06; 12.18; 2020/03/22 06:30
.87; 11.75; 11.50; 12.06; 12.18; 2020/03/22 07:00
1.43; 11.68; 11.43; 12.00; 12.18; 2020/03/22 07:30
1.68; 11.62; 11.37; 11.93; 12.18; 2020/03/22 08:00
2.81; 11.68; 11.37; 11.93; 12.18; 2020/03/22 08:30
3.62; 11.68; 11.31; 11.93; 12.18; 2020/03/22 09:00
4.50; 11.68; 11.25; 11.87; 12.25; 2020/03/22 09:30
5.31; 11.68; 11.25; 11.81; 12.31; 2020/03/22 10:00
6.00; 11.75; 11.25; 11.81; 12.37; 2020/03/22 10:30
7.12; 11.75; 11.18; 11.87; 12.43; 2020/03/22 11:00
8.25; 11.81; 11.25; 12.06; 12.43; 2020/03/22 11:30
8.31; 11.87; 11.25; 12.06; 12.43; 2020/03/22 12:00
9.43; 11.93; 11.25; 12.00; 12.43; 2020/03/22 12:30
9.68; 12.06; 11.25; 12.18; 12.50; 2020/03/22 13:00
10.18; 12.12; 11.25; 12.12; 12.50; 2020/03/22 13:30
10.43; 12.12; 11.25; 12.12; 12.43; 2020/03/22 14:00
11.12; 12.18; 11.31; 12.12; 12.43; 2020/03/22 14:30
10.93; 12.18; 11.37; 12.18; 12.43; 2020/03/22 15:00
11.31; 12.18; 11.43; 12.25; 12.43; 2020/03/22 15:30
10.93; 12.18; 11.50; 12.31; 12.37; 2020/03/22 16:00
10.93; 12.18; 11.56; 12.31; 12.37; 2020/03/22 16:30
11.06; 12.12; 11.62; 12.31; 12.31; 2020/03/22 17:00
10.62; 12.12; 11.68; 12.31; 12.31; 2020/03/22 17:30
9.87; 12.06; 11.75; 12.25; 12.25; 2020/03/22 18:00
9.18; 12.12; 11.75; 12.25; 12.25; 2020/03/22 18:30
8.43; 12.06; 11.68; 12.50; 12.25; 2020/03/22 19:00
7.81; 12.00; 11.68; 12.37; 12.18; 2020/03/22 19:30
7.50; 11.93; 11.62; 12.37; 12.18; 2020/03/22 20:00
6.93; 11.93; 11.62; 12.43; 12.18; 2020/03/22 20:30
6.50; 11.93; 11.62; 12.43; 12.12; 2020/03/22 21:00
6.06; 11.93; 11.68; 12.43; 12.12; 2020/03/22 21:30
5.12; 11.87; 11.68; 12.43; 12.12; 2020/03/22 22:00
5.37; 11.87; 11.62; 12.43; 12.12; 2020/03/22 22:30
4.62; 11.81; 11.62; 12.37; 12.18; 2020/03/22 23:00
4.68; 11.81; 11.62; 12.37; 12.18; 2020/03/22 23:30
4.12; 11.75; 11.62; 12.31; 12.18; 2020/03/23 00:00
3.93; 11.75; 11.62; 12.31; 12.18; 2020/03/23 00:30
3.56; 11.75; 11.62; 12.37; 12.18; 2020/03/23 01:00
3.18; 11.75; 11.62; 12.31; 12.18; 2020/03/23 01:30
3.37; 11.68; 11.56; 12.25; 12.18; 2020/03/23 02:00
3.25; 11.68; 11.56; 12.25; 12.18; 2020/03/23 02:30
3.50; 11.68; 11.56; 12.25; 12.18; 2020/03/23 03:00
3.31; 11.62; 11.50; 12.18; 12.18; 2020/03/23 03:30
2.87; 11.56; 11.50; 12.06; 12.18; 2020/03/23 04:00
2.81; 11.62; 11.50; 12.12; 12.18; 2020/03/23 04:30
2.62; 11.56; 11.43; 12.06; 12.18; 2020/03/23 05:00
2.43; 11.50; 11.43; 12.00; 12.18; 2020/03/23 05:30
2.25; 11.56; 11.37; 12.00; 12.18; 2020/03/23 06:00
2.12; 11.50; 11.37; 11.93; 12.18; 2020/03/23 06:30
1.93; 11.43; 11.31; 11.87; 12.18; 2020/03/23 07:00
1.87; 11.43; 11.31; 11.87; 12.18; 2020/03/23 07:30
2.12; 11.37; 11.25; 11.81; 12.18; 2020/03/23 08:00
2.56; 11.37; 11.18; 11.81; 12.18; 2020/03/23 08:30
3.06; 11.37; 11.18; 11.75; 12.25; 2020/03/23 09:00
3.75; 11.37; 11.12; 11.68; 12.25; 2020/03/23 09:30
3.81; 11.43; 11.12; 11.68; 12.31; 2020/03/23 10:00
4.87; 11.37; 11.06; 11.62; 12.37; 2020/03/23 10:30
5.50; 11.43; 11.06; 11.62; 12.37; 2020/03/23 11:00
6.43; 11.50; 11.06; 11.75; 12.37; 2020/03/23 11:30
7.37; 11.56; 11.06; 11.75; 12.37; 2020/03/23 12:00
8.00; 11.75; 11.06; 11.87; 12.43; 2020/03/23 12:30
8.43; 11.75; 11.06; 12.00; 12.43; 2020/03/23 13:00
8.93; 11.75; 11.06; 11.93; 12.43; 2020/03/23 13:30
9.12; 11.87; 11.12; 12.00; 12.43; 2020/03/23 14:00
9.75; 11.87; 11.12; 11.93; 12.43; 2020/03/23 14:30
9.75; 11.87; 11.18; 11.93; 12.37; 2020/03/23 15:00
10.12; 11.93; 11.25; 12.06; 12.37; 2020/03/23 15:30
10.31; 11.87; 11.37; 12.00; 12.37; 2020/03/23 16:00
10.50; 11.81; 11.43; 12.06; 12.31; 2020/03/23 16:30
10.18; 11.81; 11.50; 12.12; 12.31; 2020/03/23 17:00
10.18; 12.00; 14.43; 12.25; 12.25; 2020/03/23 17:30
9.50; 11.87; 13.43; 12.06; 12.25; 2020/03/23 18:00
9.18; 11.81; 12.87; 12.25; 12.18; 2020/03/23 18:30
8.62; 11.81; 12.56; 12.31; 12.18; 2020/03/23 19:00
7.87; 11.75; 12.37; 12.18; 12.12; 2020/03/23 19:30
6.81; 11.75; 12.18; 12.25; 12.12; 2020/03/23 20:00
5.93; 11.75; 12.06; 12.25; 12.12; 2020/03/23 20:30
5.43; 11.68; 12.00; 12.25; 12.12; 2020/03/23 21:00
4.93; 11.62; 11.93; 12.25; 12.06; 2020/03/23 21:30
4.37; 11.68; 11.87; 12.31; 12.06; 2020/03/23 22:00
4.00; 11.62; 11.81; 12.25; 12.12; 2020/03/23 22:30
3.68; 11.56; 11.75; 12.25; 12.12; 2020/03/23 23:00
3.25; 11.56; 11.75; 12.25; 12.12; 2020/03/23 23:30
2.81; 11.56; 11.68; 12.18; 12.12; 2020/03/24 00:00
2.62; 11.50; 11.68; 12.12; 12.12; 2020/03/24 00:30
2.37; 11.56; 11.62; 12.18; 12.12; 2020/03/24 01:00
2.31; 11.43; 11.62; 12.12; 12.12; 2020/03/24 01:30
2.50; 11.43; 11.62; 12.12; 12.12; 2020/03/24 02:00
2.62; 11.43; 11.56; 12.06; 12.12; 2020/03/24 02:30
3.37; 11.37; 11.56; 12.00; 12.12; 2020/03/24 03:00
3.06; 11.43; 11.50; 12.00; 12.12; 2020/03/24 03:30
3.12; 11.37; 11.50; 11.93; 12.12; 2020/03/24 04:00
2.56; 11.37; 11.43; 11.93; 12.12; 2020/03/24 04:30
2.87; 11.31; 11.43; 11.87; 12.12; 2020/03/24 05:00
2.75; 11.37; 11.37; 11.87; 12.12; 2020/03/24 05:30
3.00; 11.37; 11.37; 11.75; 12.18; 2020/03/24 06:00
3.12; 11.37; 11.31; 11.81; 12.18; 2020/03/24 06:30
3.06; 11.25; 11.25; 11.68; 12.18; 2020/03/24 07:00
3.12; 11.25; 11.25; 11.68; 12.25; 2020/03/24 07:30
3.06; 11.25; 11.18; 11.68; 12.25; 2020/03/24 08:00
3.75; 11.25; 11.18; 11.62; 12.25; 2020/03/24 08:30
4.12; 11.18; 11.12; 11.56; 12.25; 2020/03/24 09:00
4.75; 11.25; 11.06; 11.56; 12.37; 2020/03/24 09:30
5.18; 11.25; 11.06; 11.50; 12.31; 2020/03/24 10:00
5.75; 11.25; 11.00; 11.43; 12.37; 2020/03/24 10:30
6.06; 11.31; 11.00; 11.43; 12.43; 2020/03/24 11:00
7.00; 11.31; 11.00; 11.62; 12.37; 2020/03/24 11:30
7.50; 11.50; 11.00; 11.62; 12.43; 2020/03/24 12:00
8.18; 11.56; 11.00; 11.75; 12.43; 2020/03/24 12:30
8.81; 11.62; 11.00; 11.81; 12.43; 2020/03/24 13:00
9.37; 11.68; 11.00; 11.81; 12.50; 2020/03/24 13:30
9.87; 11.75; 11.06; 11.75; 12.43; 2020/03/24 14:00
10.25; 11.81; 11.12; 11.87; 12.43; 2020/03/24 14:30
10.37; 11.81; 11.18; 11.87; 12.43; 2020/03/24 15:00
10.87; 11.75; 11.25; 11.87; 12.37; 2020/03/24 15:30
11.00; 11.81; 11.31; 12.00; 12.37; 2020/03/24 16:00
11.12; 11.81; 11.43; 12.06; 12.31; 2020/03/24 16:30
11.06; 11.81; 11.50; 12.00; 12.25; 2020/03/24 17:00
10.87; 11.75; 11.50; 12.06; 12.25; 2020/03/24 17:30
10.31; 11.81; 11.56; 12.06; 12.25; 2020/03/24 18:00
9.81; 11.68; 11.62; 12.12; 12.18; 2020/03/24 18:30
9.37; 11.75; 11.56; 12.18; 12.12; 2020/03/24 19:00
8.31; 11.75; 11.56; 12.18; 12.12; 2020/03/24 19:30
7.31; 11.62; 11.56; 12.12; 12.12; 2020/03/24 20:00
6.31; 11.68; 11.56; 12.18; 12.06; 2020/03/24 20:30
5.43; 11.62; 11.50; 12.25; 12.06; 2020/03/24 21:00
4.93; 11.56; 11.50; 12.18; 12.06; 2020/03/24 21:30
4.25; 11.62; 11.50; 12.25; 12.06; 2020/03/24 22:00
3.81; 11.50; 11.50; 12.25; 12.06; 2020/03/24 22:30
3.62; 11.56; 11.50; 12.25; 12.12; 2020/03/24 23:00
3.25; 11.50; 11.50; 12.25; 12.12; 2020/03/24 23:30
3.12; 11.43; 11.50; 12.18; 12.12; 2020/03/25 00:00
3.25; 11.50; 11.50; 12.18; 12.12; 2020/03/25 00:30
3.06; 11.43; 11.50; 12.12; 12.12; 2020/03/25 01:00
2.56; 11.43; 11.43; 12.12; 12.12; 2020/03/25 01:30
2.06; 11.37; 11.43; 12.06; 12.12; 2020/03/25 02:00
2.56; 11.37; 11.43; 12.06; 12.12; 2020/03/25 02:30
3.50; 11.31; 11.43; 11.93; 12.12; 2020/03/25 03:00
3.12; 11.37; 11.37; 12.00; 12.12; 2020/03/25 03:30
3.37; 11.31; 11.37; 11.87; 12.18; 2020/03/25 04:00
2.62; 11.31; 11.31; 11.87; 12.12; 2020/03/25 04:30
2.75; 11.25; 11.31; 11.81; 12.18; 2020/03/25 05:00
3.68; 11.31; 11.31; 11.81; 12.18; 2020/03/25 05:30
3.06; 11.25; 11.25; 11.75; 12.18; 2020/03/25 06:00
3.06; 11.25; 11.18; 11.75; 12.18; 2020/03/25 06:30
2.37; 11.25; 11.18; 11.68; 12.18; 2020/03/25 07:00
1.68; 11.18; 11.12; 11.62; 12.18; 2020/03/25 07:30
2.06; 11.18; 11.06; 11.62; 12.12; 2020/03/25 08:00
3.00; 11.12; 11.06; 11.56; 12.12; 2020/03/25 08:30
4.12; 11.18; 11.00; 11.56; 12.25; 2020/03/25 09:00
5.18; 11.25; 10.93; 11.50; 12.31; 2020/03/25 09:30
6.06; 11.25; 10.93; 11.43; 12.25; 2020/03/25 10:00
6.81; 11.25; 10.93; 11.43; 12.37; 2020/03/25 10:30
7.68; 11.31; 10.93; 11.43; 12.37; 2020/03/25 11:00
8.31; 11.31; 10.93; 11.56; 12.37; 2020/03/25 11:30
8.87; 11.50; 10.93; 11.62; 12.31; 2020/03/25 12:00
9.37; 11.56; 10.93; 11.68; 12.37; 2020/03/25 12:30
10.00; 11.68; 11.00; 11.81; 12.37; 2020/03/25 13:00
10.25; 11.68; 11.00; 11.75; 12.37; 2020/03/25 13:30
11.25; 11.81; 11.06; 11.81; 12.37; 2020/03/25 14:00
11.43; 11.87; 11.12; 11.81; 12.43; 2020/03/25 14:30
11.56; 11.81; 11.18; 11.87; 12.37; 2020/03/25 15:00
11.37; 11.81; 11.25; 11.93; 12.31; 2020/03/25 15:30
11.43; 11.81; 11.25; 11.93; 12.31; 2020/03/25 16:00
11.62; 11.75; 11.37; 12.00; 12.25; 2020/03/25 16:30
11.62; 11.75; 11.37; 12.00; 12.18; 2020/03/25 17:00
11.12; 11.81; 11.43; 11.93; 12.18; 2020/03/25 17:30
10.43; 11.75; 11.43; 12.00; 12.18; 2020/03/25 18:00
10.12; 11.68; 11.43; 12.06; 12.12; 2020/03/25 18:30
9.81; 11.75; 11.43; 12.12; 12.12; 2020/03/25 19:00
9.12; 11.68; 11.43; 12.06; 12.12; 2020/03/25 19:30
8.50; 11.62; 11.43; 12.12; 12.06; 2020/03/25 20:00
8.12; 11.62; 11.43; 12.12; 12.06; 2020/03/25 20:30
7.62; 11.56; 11.43; 12.12; 12.06; 2020/03/25 21:00
7.00; 11.62; 11.50; 12.12; 12.06; 2020/03/25 21:30
6.56; 11.50; 11.43; 12.12; 12.06; 2020/03/25 22:00
6.31; 11.56; 11.43; 12.18; 12.06; 2020/03/25 22:30
6.31; 11.50; 11.43; 12.12; 12.06; 2020/03/25 23:00
5.75; 11.43; 11.43; 12.12; 12.06; 2020/03/25 23:30
5.25; 11.50; 11.43; 12.12; 12.06; 2020/03/26 00:00
4.62; 11.50; 11.43; 12.06; 12.12; 2020/03/26 00:30
3.68; 11.50; 11.43; 12.12; 12.12; 2020/03/26 01:00
3.43; 11.43; 11.43; 12.06; 12.12; 2020/03/26 01:30
2.81; 11.37; 11.43; 12.00; 12.12; 2020/03/26 02:00
2.62; 11.37; 11.37; 12.00; 12.12; 2020/03/26 02:30
2.43; 11.37; 11.37; 11.87; 12.12; 2020/03/26 03:00
2.12; 11.31; 11.31; 11.93; 12.12; 2020/03/26 03:30
1.81; 11.31; 11.31; 11.87; 12.12; 2020/03/26 04:00
1.56; 11.25; 11.31; 11.81; 12.12; 2020/03/26 04:30
.93; 11.25; 11.25; 11.81; 12.12; 2020/03/26 05:00
.87; 11.25; 11.25; 11.75; 12.12; 2020/03/26 05:30
1.06; 11.18; 11.18; 11.75; 12.12; 2020/03/26 06:00
.87; 11.18; 11.18; 11.68; 12.12; 2020/03/26 06:30
.68; 11.12; 11.12; 11.62; 12.12; 2020/03/26 07:00
.56; 11.18; 11.06; 11.62; 12.12; 2020/03/26 07:30
1.12; 11.12; 11.06; 11.56; 12.12; 2020/03/26 08:00
2.87; 11.06; 11.00; 11.50; 12.12; 2020/03/26 08:30
3.75; 11.18; 10.93; 11.56; 12.12; 2020/03/26 09:00
4.62; 11.12; 10.93; 11.50; 12.18; 2020/03/26 09:30
5.75; 11.18; 10.87; 11.43; 12.25; 2020/03/26 10:00
6.56; 11.25; 10.87; 11.43; 12.31; 2020/03/26 10:30
7.18; 11.31; 10.87; 11.43; 12.37; 2020/03/26 11:00
7.93; 11.31; 10.87; 11.56; 12.31; 2020/03/26 11:30
8.93; 11.43; 10.87; 11.56; 12.31; 2020/03/26 12:00
9.81; 11.50; 10.87; 11.62; 12.31; 2020/03/26 12:30
10.18; 11.68; 10.93; 11.75; 12.31; 2020/03/26 13:00
10.68; 11.68; 10.93; 11.75; 12.31; 2020/03/26 13:30
10.62; 11.75; 11.00; 11.81; 12.31; 2020/03/26 14:00
11.06; 11.81; 11.00; 11.75; 12.37; 2020/03/26 14:30
11.25; 11.75; 11.06; 11.81; 12.37; 2020/03/26 15:00
11.25; 11.81; 11.12; 11.87; 12.31; 2020/03/26 15:30
11.56; 11.75; 11.18; 11.87; 12.31; 2020/03/26 16:00
11.50; 11.75; 11.25; 11.87; 12.25; 2020/03/26 16:30
11.62; 11.75; 11.31; 12.00; 12.18; 2020/03/26 17:00
11.37; 11.81; 11.37; 12.00; 12.18; 2020/03/26 17:30
10.56; 11.68; 11.43; 11.87; 12.18; 2020/03/26 18:00
10.06; 11.68; 11.43; 12.00; 12.12; 2020/03/26 18:30
9.43; 11.68; 11.37; 12.12; 12.12; 2020/03/26 19:00
8.81; 11.62; 11.37; 12.00; 12.12; 2020/03/26 19:30
8.37; 11.68; 11.37; 12.12; 12.06; 2020/03/26 20:00
8.00; 11.56; 11.37; 12.06; 12.06; 2020/03/26 20:30
7.75; 11.62; 11.37; 12.12; 12.06; 2020/03/26 21:00
6.68; 11.56; 11.37; 12.12; 12.06; 2020/03/26 21:30
6.18; 11.50; 11.37; 12.06; 12.06; 2020/03/26 22:00
5.87; 11.56; 11.37; 12.18; 12.06; 2020/03/26 22:30
5.25; 11.50; 11.37; 12.12; 12.06; 2020/03/26 23:00
5.00; 11.50; 11.37; 12.12; 12.06; 2020/03/26 23:30
4.87; 11.50; 11.37; 12.12; 12.12; 2020/03/27 00:00
5.43; 11.43; 11.37; 12.06; 12.06; 2020/03/27 00:30
5.68; 11.50; 11.37; 12.06; 12.12; 2020/03/27 01:00
5.00; 11.43; 11.37; 12.00; 12.12; 2020/03/27 01:30
4.25; 11.43; 11.37; 12.06; 12.12; 2020/03/27 02:00
4.12; 11.37; 11.37; 12.00; 12.12; 2020/03/27 02:30
3.31; 11.43; 11.31; 12.00; 12.12; 2020/03/27 03:00
3.50; 11.37; 11.31; 11.93; 12.12; 2020/03/27 03:30
3.56; 11.37; 11.31; 11.93; 12.12; 2020/03/27 04:00
3.81; 11.31; 11.31; 11.87; 12.12; 2020/03/27 04:30
3.62; 11.37; 11.25; 11.87; 12.12; 2020/03/27 05:00
4.12; 11.31; 11.25; 11.81; 12.12; 2020/03/27 05:30
4.12; 11.31; 11.18; 11.81; 12.12; 2020/03/27 06:00
3.75; 11.37; 11.18; 11.81; 12.12; 2020/03/27 06:30
3.50; 11.31; 11.18; 11.81; 12.12; 2020/03/27 07:00
3.56; 11.25; 11.12; 11.68; 12.12; 2020/03/27 07:30
3.93; 11.25; 11.12; 11.68; 12.18; 2020/03/27 08:00
5.06; 11.25; 11.06; 11.68; 12.12; 2020/03/27 08:30
5.62; 11.31; 11.00; 11.62; 12.12; 2020/03/27 09:00
6.37; 11.31; 11.00; 11.56; 12.12; 2020/03/27 09:30
7.31; 11.31; 11.00; 11.56; 12.12; 2020/03/27 10:00
8.25; 11.37; 11.00; 11.56; 12.25; 2020/03/27 10:30
9.18; 11.43; 11.00; 11.56; 12.31; 2020/03/27 11:00
10.18; 11.43; 11.00; 11.68; 12.31; 2020/03/27 11:30
11.25; 11.62; 11.06; 11.68; 12.31; 2020/03/27 12:00
11.56; 11.62; 11.06; 11.81; 12.31; 2020/03/27 12:30
12.43; 11.75; 11.06; 11.87; 12.37; 2020/03/27 13:00
12.93; 11.81; 11.12; 11.87; 12.37; 2020/03/27 13:30
13.75; 11.81; 11.12; 11.93; 12.37; 2020/03/27 14:00
14.50; 11.87; 11.18; 12.00; 12.37; 2020/03/27 14:30
15.00; 11.93; 11.25; 12.06; 12.31; 2020/03/27 15:00
15.12; 11.93; 11.37; 12.12; 12.25; 2020/03/27 15:30
15.25; 11.87; 11.43; 12.12; 12.25; 2020/03/27 16:00
15.62; 11.93; 11.50; 12.18; 12.25; 2020/03/27 16:30
15.56; 11.93; 11.62; 12.25; 12.25; 2020/03/27 17:00
15.37; 11.93; 11.62; 12.25; 12.25; 2020/03/27 17:30
14.68; 12.06; 12.00; 12.37; 12.25; 2020/03/27 18:00
14.06; 13.06; 11.81; 12.93; 12.31; 2020/03/27 18:30
13.31; 12.31; 11.75; 12.62; 12.12; 2020/03/27 19:00
12.50; 11.93; 11.75; 12.31; 12.12; 2020/03/27 19:30
11.87; 11.81; 11.75; 12.25; 12.12; 2020/03/27 20:00
11.31; 11.75; 11.75; 12.31; 12.12; 2020/03/27 20:30
11.12; 11.75; 11.81; 12.25; 12.06; 2020/03/27 21:00
10.87; 11.68; 11.81; 12.25; 12.06; 2020/03/27 21:30
10.43; 11.68; 11.81; 12.25; 12.06; 2020/03/27 22:00
10.18; 11.62; 11.87; 12.25; 12.06; 2020/03/27 22:30
9.75; 11.62; 11.87; 12.25; 12.06; 2020/03/27 23:00
9.12; 11.62; 11.87; 12.25; 12.06; 2020/03/27 23:30
8.93; 11.56; 11.87; 12.18; 12.06; 2020/03/28 00:00
8.06; 11.56; 11.87; 12.18; 12.06; 2020/03/28 00:30
7.75; 11.50; 11.87; 12.18; 12.06; 2020/03/28 01:00
7.43; 11.43; 11.87; 12.12; 12.06; 2020/03/28 01:30
7.31; 11.43; 11.87; 12.12; 12.06; 2020/03/28 02:00
7.00; 11.43; 11.93; 12.12; 12.06; 2020/03/28 02:30
6.62; 11.37; 11.87; 12.06; 12.12; 2020/03/28 03:00
6.18; 11.37; 11.87; 12.06; 12.06; 2020/03/28 03:30
6.25; 11.31; 11.87; 12.00; 12.06; 2020/03/28 04:00
6.25; 11.31; 11.87; 12.00; 12.06; 2020/03/28 04:30
5.93; 11.25; 11.87; 11.93; 12.06; 2020/03/28 05:00
6.06; 11.25; 11.87; 11.87; 12.06; 2020/03/28 05:30
6.18; 11.18; 11.87; 11.87; 12.06; 2020/03/28 06:00
6.00; 11.18; 11.81; 11.81; 12.06; 2020/03/28 06:30
6.06; 11.18; 11.81; 11.81; 12.06; 2020/03/28 07:00
6.25; 11.12; 11.81; 11.75; 12.06; 2020/03/28 07:30
6.81; 11.12; 11.75; 11.68; 12.06; 2020/03/28 08:00
7.43; 11.12; 11.75; 11.68; 12.06; 2020/03/28 08:30
7.81; 11.12; 11.75; 11.68; 12.00; 2020/03/28 09:00
8.37; 11.18; 11.68; 11.68; 12.06; 2020/03/28 09:30
9.06; 11.18; 11.75; 11.62; 12.12; 2020/03/28 10:00
9.75; 11.18; 11.75; 11.62; 12.18; 2020/03/28 10:30
10.62; 11.25; 11.75; 11.68; 12.18; 2020/03/28 11:00
11.43; 11.31; 11.75; 11.75; 12.25; 2020/03/28 11:30
12.37; 11.43; 11.75; 11.93; 12.37; 2020/03/28 12:00
13.12; 11.56; 11.81; 12.06; 12.43; 2020/03/28 12:30
85.00; 11.68; 85.00; 85.00; 85.00; 2020/03/28 13:00
13.87; 11.75; 11.87; 12.18; 12.56; 2020/03/28 13:30
14.12; 11.81; 11.93; 12.25; 12.62; 2020/03/28 14:00
14.25; 11.81; 11.93; 12.31; 12.62; 2020/03/28 14:30
14.56; 11.81; 12.00; 12.31; 12.68; 2020/03/28 15:00
14.43; 11.87; 12.12; 12.31; 12.62; 2020/03/28 15:30
14.25; 11.87; 12.18; 12.25; 12.68; 2020/03/28 16:00
13.93; 11.87; 12.31; 12.18; 12.62; 2020/03/28 16:30
13.93; 11.87; 12.31; 12.25; 12.62; 2020/03/28 17:00
13.62; 11.87; 12.37; 12.25; 12.56; 2020/03/28 17:30
12.93; 11.81; 12.43; 12.25; 12.56; 2020/03/28 18:00
12.25; 11.81; 12.43; 12.25; 12.56; 2020/03/28 18:30
11.43; 11.75; 12.43; 12.25; 12.56; 2020/03/28 19:00
10.75; 11.75; 12.43; 12.31; 12.56; 2020/03/28 19:30
10.12; 11.75; 12.43; 12.31; 12.50; 2020/03/28 20:00
9.50; 11.75; 12.43; 12.31; 12.50; 2020/03/28 20:30
8.87; 11.75; 12.43; 12.31; 12.50; 2020/03/28 21:00
8.62; 11.68; 12.43; 12.37; 12.50; 2020/03/28 21:30
8.12; 11.68; 12.43; 12.37; 12.43; 2020/03/28 22:00
7.75; 11.68; 12.43; 12.37; 12.43; 2020/03/28 22:30
7.06; 11.62; 12.43; 12.31; 12.37; 2020/03/28 23:00
7.12; 11.62; 12.43; 12.31; 12.37; 2020/03/28 23:30
6.50; 11.56; 12.37; 12.31; 12.31; 2020/03/29 00:00
6.56; 11.56; 12.43; 12.25; 12.25; 2020/03/29 00:30
6.37; 11.56; 12.43; 12.25; 12.18; 2020/03/29 01:00
6.62; 11.50; 12.43; 12.18; 12.18; 2020/03/29 01:30
6.31; 11.50; 12.37; 12.18; 12.12; 2020/03/29 03:00
6.18; 11.43; 12.37; 12.12; 12.12; 2020/03/29 03:30
5.68; 11.43; 12.37; 12.12; 12.12; 2020/03/29 04:00
5.75; 11.37; 12.37; 12.06; 12.12; 2020/03/29 04:30
5.37; 11.37; 12.37; 12.00; 12.12; 2020/03/29 05:00
5.56; 11.37; 12.31; 12.00; 12.06; 2020/03/29 05:30
5.50; 11.31; 12.31; 11.93; 12.06; 2020/03/29 06:00
5.37; 11.31; 12.31; 11.87; 12.06; 2020/03/29 06:30
5.43; 11.25; 12.31; 11.87; 12.00; 2020/03/29 07:00
5.25; 11.25; 12.25; 11.81; 12.00; 2020/03/29 07:30
5.25; 11.25; 12.18; 11.75; 12.00; 2020/03/29 08:00
5.12; 11.18; 12.18; 11.75; 12.00; 2020/03/29 08:30
5.12; 11.18; 12.18; 11.68; 12.00; 2020/03/29 09:00
5.25; 11.18; 12.12; 11.68; 12.00; 2020/03/29 09:30
5.56; 11.18; 12.12; 11.62; 12.00; 2020/03/29 10:00
5.93; 11.18; 12.06; 11.62; 12.00; 2020/03/29 10:30
6.00; 11.18; 12.06; 11.56; 12.00; 2020/03/29 11:00
6.18; 11.18; 12.00; 11.56; 12.00; 2020/03/29 11:30
5.93; 11.12; 12.00; 11.56; 12.00; 2020/03/29 12:00
5.50; 11.12; 11.93; 11.50; 12.00; 2020/03/29 12:30
5.06; 11.12; 11.87; 11.50; 12.00; 2020/03/29 13:00
5.25; 11.06; 11.87; 11.43; 12.00; 2020/03/29 13:30
5.12; 11.06; 11.81; 11.43; 12.00; 2020/03/29 14:00
4.75; 11.06; 11.81; 11.43; 12.06; 2020/03/29 14:30
4.56; 11.06; 11.75; 11.37; 12.06; 2020/03/29 15:00
4.43; 11.00; 11.68; 11.37; 12.00; 2020/03/29 15:30
4.12; 11.00; 11.68; 11.31; 12.00; 2020/03/29 16:00
4.18; 11.00; 11.68; 11.31; 12.00; 2020/03/29 16:30
4.06; 10.93; 11.62; 11.31; 12.00; 2020/03/29 17:00
4.50; 10.93; 11.62; 11.25; 12.00; 2020/03/29 17:30
4.75; 10.87; 11.62; 11.25; 12.06; 2020/03/29 18:00
5.18; 10.87; 11.56; 11.18; 12.06; 2020/03/29 18:30
5.18; 10.87; 11.56; 11.18; 12.06; 2020/03/29 19:00
5.31; 10.87; 11.50; 11.18; 12.06; 2020/03/29 19:30
5.25; 10.81; 11.50; 11.12; 12.06; 2020/03/29 20:00
5.00; 10.81; 11.43; 11.12; 12.06; 2020/03/29 20:30
5.00; 10.81; 11.37; 11.06; 12.06; 2020/03/29 21:00
5.00; 10.75; 11.37; 11.06; 12.06; 2020/03/29 21:30
4.56; 10.75; 11.37; 11.00; 12.06; 2020/03/29 22:00
4.37; 10.75; 11.31; 11.00; 12.06; 2020/03/29 22:30
3.37; 10.68; 11.31; 11.00; 12.06; 2020/03/29 23:00
3.37; 10.62; 11.25; 10.93; 12.06; 2020/03/29 23:30
2.75; 10.62; 11.18; 10.87; 12.06; 2020/03/30 00:00
2.62; 10.68; 11.18; 10.93; 12.06; 2020/03/30 00:30
2.31; 10.62; 11.12; 10.87; 12.12; 2020/03/30 01:00
2.00; 10.56; 11.12; 10.81; 12.06; 2020/03/30 01:30
1.68; 10.50; 11.06; 10.81; 12.06; 2020/03/30 02:00
1.31; 10.56; 11.00; 10.81; 12.12; 2020/03/30 02:30
1.18; 10.43; 11.00; 10.75; 12.12; 2020/03/30 03:00
1.00; 10.50; 10.93; 10.75; 12.12; 2020/03/30 03:30
.93; 10.43; 10.87; 10.68; 12.12; 2020/03/30 04:00
.56; 10.37; 10.81; 10.62; 12.12; 2020/03/30 04:30
.31; 10.37; 10.81; 10.62; 12.12; 2020/03/30 05:00
.18; 10.31; 10.75; 10.56; 12.18; 2020/03/30 05:30
.12; 10.37; 10.68; 10.56; 12.12; 2020/03/30 06:00
-.43; 10.31; 10.62; 10.50; 12.12; 2020/03/30 06:30
-.75; 10.25; 10.56; 10.43; 12.18; 2020/03/30 07:00
-1.06; 10.31; 10.50; 10.50; 12.18; 2020/03/30 07:30
-1.06; 10.18; 10.43; 10.37; 12.18; 2020/03/30 08:00
-1.12; 10.18; 10.43; 10.37; 12.18; 2020/03/30 08:30
-.62; 10.18; 10.37; 10.31; 12.18; 2020/03/30 09:00
.06; 10.12; 10.31; 10.25; 12.18; 2020/03/30 09:30
1.25; 10.12; 10.25; 10.25; 12.31; 2020/03/30 10:00
2.68; 10.18; 10.25; 10.25; 12.37; 2020/03/30 10:30
3.43; 10.18; 10.18; 10.12; 12.43; 2020/03/30 11:00
3.87; 10.18; 10.12; 10.25; 12.37; 2020/03/30 11:30
4.68; 10.25; 10.12; 10.25; 12.43; 2020/03/30 12:00
5.25; 10.18; 10.12; 10.31; 12.37; 2020/03/30 12:30
5.87; 10.25; 10.06; 10.25; 12.37; 2020/03/30 13:00
6.93; 10.37; 10.06; 10.18; 12.37; 2020/03/30 13:30
6.37; 10.31; 10.00; 10.25; 12.37; 2020/03/30 14:00
6.31; 10.31; 10.00; 10.18; 12.31; 2020/03/30 14:30
6.56; 10.25; 9.93; 10.12; 12.31; 2020/03/30 15:00
6.75; 10.25; 9.93; 10.18; 12.31; 2020/03/30 15:30
7.87; 10.31; 10.00; 10.25; 12.31; 2020/03/30 16:00
7.37; 10.25; 10.00; 10.18; 12.31; 2020/03/30 16:30
7.37; 10.31; 10.00; 10.25; 12.31; 2020/03/30 17:00
7.37; 10.25; 9.93; 10.18; 12.31; 2020/03/30 17:30
8.31; 10.31; 10.00; 10.31; 12.31; 2020/03/30 18:00
7.87; 10.31; 10.00; 10.25; 12.25; 2020/03/30 18:30
7.62; 10.25; 10.00; 10.25; 12.25; 2020/03/30 19:00
6.25; 10.25; 10.00; 10.25; 12.25; 2020/03/30 19:30
5.87; 10.25; 10.00; 10.18; 12.25; 2020/03/30 20:00
5.68; 10.18; 10.00; 10.18; 12.25; 2020/03/30 20:30
5.75; 10.25; 10.00; 10.25; 12.25; 2020/03/30 21:00
5.62; 10.18; 10.00; 10.12; 12.25; 2020/03/30 21:30
5.56; 10.12; 10.00; 10.25; 12.25; 2020/03/30 22:00
5.31; 10.18; 10.00; 10.25; 12.25; 2020/03/30 22:30
5.25; 10.18; 10.00; 10.18; 12.25; 2020/03/30 23:00
5.25; 10.12; 9.93; 10.18; 12.25; 2020/03/30 23:30
5.18; 10.12; 9.93; 10.25; 12.25; 2020/03/31 00:00
5.06; 10.12; 9.93; 10.25; 12.25; 2020/03/31 00:30
5.06; 10.18; 9.93; 10.18; 12.25; 2020/03/31 01:00
4.81; 10.12; 9.93; 10.18; 12.25; 2020/03/31 01:30
5.18; 10.06; 9.93; 10.18; 12.25; 2020/03/31 02:00
5.06; 10.12; 9.87; 10.18; 12.25; 2020/03/31 02:30
5.06; 10.12; 9.87; 10.12; 12.25; 2020/03/31 03:00
4.68; 10.06; 9.87; 10.12; 12.25; 2020/03/31 03:30
4.75; 10.06; 9.87; 10.18; 12.25; 2020/03/31 04:00
4.43; 10.12; 9.87; 10.18; 12.25; 2020/03/31 04:30
4.12; 10.12; 9.81; 10.06; 12.25; 2020/03/31 05:00
4.18; 10.06; 9.81; 10.06; 12.25; 2020/03/31 05:30
4.12; 10.00; 9.81; 10.12; 12.25; 2020/03/31 06:00
3.93; 10.06; 9.75; 10.06; 12.25; 2020/03/31 06:30
3.93; 10.06; 9.75; 10.06; 12.25; 2020/03/31 07:00
3.87; 10.00; 9.75; 10.06; 12.31; 2020/03/31 07:30
3.50; 10.06; 9.68; 10.06; 12.25; 2020/03/31 08:00
3.87; 10.06; 9.68; 10.00; 12.31; 2020/03/31 08:30
4.18; 9.93; 9.68; 9.93; 12.31; 2020/03/31 09:00
3.93; 10.00; 9.62; 10.06; 12.25; 2020/03/31 09:30
4.37; 10.00; 9.62; 10.00; 12.25; 2020/03/31 10:00
5.00; 10.06; 9.56; 10.00; 12.25; 2020/03/31 10:30
4.75; 10.00; 9.56; 10.06; 12.31; 2020/03/31 11:00
6.12; 10.06; 9.56; 10.06; 12.31; 2020/03/31 11:30
6.18; 10.12; 9.56; 10.00; 12.31; 2020/03/31 12:00
6.93; 10.06; 9.56; 10.06; 12.31; 2020/03/31 12:30
7.62; 10.18; 9.62; 10.25; 12.31; 2020/03/31 13:00
7.93; 10.31; 9.62; 10.18; 12.37; 2020/03/31 13:30
8.31; 10.37; 9.68; 10.25; 12.37; 2020/03/31 14:00
8.87; 10.43; 9.68; 10.37; 12.37; 2020/03/31 14:30
9.50; 10.56; 9.68; 10.50; 12.37; 2020/03/31 15:00
9.68; 10.50; 9.75; 10.43; 12.31; 2020/03/31 15:30
9.25; 10.56; 9.81; 10.56; 12.25; 2020/03/31 16:00
9.87; 10.50; 9.93; 10.56; 12.31; 2020/03/31 16:30
9.81; 10.50; 10.00; 10.56; 12.25; 2020/03/31 17:00
9.56; 10.43; 10.06; 10.56; 12.25; 2020/03/31 17:30
9.56; 10.50; 10.12; 10.62; 12.18; 2020/03/31 18:00
9.87; 10.43; 10.18; 10.62; 12.18; 2020/03/31 18:30
8.87; 10.43; 10.18; 10.56; 12.12; 2020/03/31 19:00
8.37; 10.43; 10.18; 10.56; 12.12; 2020/03/31 19:30
7.75; 10.37; 10.18; 10.75; 12.06; 2020/03/31 20:00
7.18; 10.37; 10.18; 10.75; 12.06; 2020/03/31 20:30
6.56; 10.31; 10.18; 10.75; 12.06; 2020/03/31 21:00
6.00; 10.25; 10.18; 10.68; 12.06; 2020/03/31 21:30
5.31; 10.31; 10.12; 10.75; 12.06; 2020/03/31 22:00
4.87; 10.18; 10.12; 10.68; 12.06; 2020/03/31 22:30
4.18; 10.18; 10.12; 10.75; 12.06; 2020/03/31 23:00
3.62; 10.25; 10.12; 10.75; 12.06; 2020/03/31 23:30
