3.12; 10.18; 10.12; 10.75; 12.00; 2020/04/01 00:00
2.87; 10.12; 10.12; 10.68; 12.06; 2020/04/01 00:30
2.62; 10.12; 10.12; 10.68; 12.06; 2020/04/01 01:00
2.43; 10.12; 10.12; 10.68; 12.12; 2020/04/01 01:30
1.93; 10.12; 10.12; 10.68; 12.06; 2020/04/01 02:00
1.75; 10.00; 10.12; 10.56; 12.12; 2020/04/01 02:30
1.43; 10.00; 10.06; 10.56; 12.12; 2020/04/01 03:00
1.18; 10.00; 10.06; 10.56; 12.12; 2020/04/01 03:30
1.12; 10.06; 10.06; 10.56; 12.12; 2020/04/01 04:00
.87; 10.00; 10.00; 10.56; 12.06; 2020/04/01 04:30
.75; 10.00; 10.00; 10.50; 12.06; 2020/04/01 05:00
.50; 9.87; 10.00; 10.37; 12.06; 2020/04/01 05:30
.37; 9.87; 9.93; 10.37; 12.06; 2020/04/01 06:00
0; 9.87; 9.93; 10.37; 12.12; 2020/04/01 06:30
0; 9.93; 9.87; 10.37; 12.06; 2020/04/01 07:00
-.25; 9.87; 9.87; 10.31; 12.12; 2020/04/01 07:30
-.12; 9.81; 9.81; 10.25; 12.12; 2020/04/01 08:00
0; 9.81; 9.81; 10.25; 12.12; 2020/04/01 08:30
.37; 9.75; 9.75; 10.18; 12.12; 2020/04/01 09:00
1.25; 9.75; 9.75; 10.12; 12.18; 2020/04/01 09:30
2.56; 9.81; 9.68; 10.12; 12.31; 2020/04/01 10:00
4.18; 9.87; 9.68; 10.00; 12.31; 2020/04/01 10:30
5.50; 9.93; 9.68; 10.00; 12.37; 2020/04/01 11:00
6.43; 9.87; 9.62; 10.00; 12.43; 2020/04/01 11:30
7.00; 9.87; 9.62; 10.06; 12.37; 2020/04/01 12:00
7.75; 10.00; 9.62; 10.18; 12.43; 2020/04/01 12:30
8.25; 10.12; 9.62; 10.12; 12.37; 2020/04/01 13:00
9.31; 10.18; 9.68; 10.12; 12.31; 2020/04/01 13:30
9.31; 10.25; 9.68; 10.31; 12.37; 2020/04/01 14:00
9.68; 10.37; 9.68; 10.37; 12.37; 2020/04/01 14:30
10.00; 10.37; 9.75; 10.37; 12.43; 2020/04/01 15:00
10.06; 10.37; 9.87; 10.37; 12.37; 2020/04/01 15:30
10.50; 10.43; 9.87; 10.50; 12.31; 2020/04/01 16:00
10.43; 10.43; 10.00; 10.50; 12.31; 2020/04/01 16:30
10.56; 10.37; 10.06; 10.50; 12.25; 2020/04/01 17:00
10.68; 10.43; 10.12; 10.56; 12.25; 2020/04/01 17:30
10.93; 10.37; 10.18; 10.62; 12.18; 2020/04/01 18:00
10.62; 10.43; 10.31; 10.62; 12.18; 2020/04/01 18:30
10.00; 10.43; 10.31; 10.62; 12.12; 2020/04/01 19:00
9.37; 10.31; 10.31; 10.75; 12.12; 2020/04/01 19:30
8.25; 10.31; 10.31; 10.68; 12.12; 2020/04/01 20:00
8.25; 10.31; 10.31; 10.75; 12.06; 2020/04/01 20:30
7.50; 10.31; 10.31; 10.75; 12.06; 2020/04/01 21:00
6.93; 10.25; 10.31; 10.75; 12.00; 2020/04/01 21:30
6.37; 10.31; 10.31; 10.81; 12.06; 2020/04/01 22:00
5.75; 10.18; 10.31; 10.81; 12.06; 2020/04/01 22:30
5.25; 10.18; 10.31; 10.81; 12.00; 2020/04/01 23:00
4.68; 10.25; 10.31; 10.87; 12.06; 2020/04/01 23:30
4.06; 10.12; 10.31; 10.81; 12.00; 2020/04/02 00:00
3.62; 10.12; 10.31; 10.81; 12.06; 2020/04/02 00:30
3.06; 10.18; 10.31; 10.81; 12.06; 2020/04/02 01:00
2.81; 10.12; 10.31; 10.81; 12.06; 2020/04/02 01:30
2.81; 10.06; 10.31; 10.68; 12.06; 2020/04/02 02:00
2.43; 10.06; 10.31; 10.75; 12.06; 2020/04/02 02:30
2.37; 10.06; 10.25; 10.68; 12.06; 2020/04/02 03:00
1.87; 10.06; 10.25; 10.68; 12.12; 2020/04/02 03:30
1.81; 10.00; 10.25; 10.62; 12.06; 2020/04/02 04:00
1.81; 9.93; 10.18; 10.56; 12.12; 2020/04/02 04:30
1.62; 9.93; 10.18; 10.56; 12.12; 2020/04/02 05:00
1.62; 9.93; 10.18; 10.56; 12.06; 2020/04/02 05:30
1.87; 9.93; 10.18; 10.56; 12.12; 2020/04/02 06:00
2.06; 9.93; 10.12; 10.43; 12.12; 2020/04/02 06:30
2.18; 9.87; 10.12; 10.43; 12.12; 2020/04/02 07:00
2.37; 9.87; 10.12; 10.43; 12.12; 2020/04/02 07:30
2.62; 9.93; 10.06; 10.43; 12.12; 2020/04/02 08:00
2.62; 9.93; 10.06; 10.37; 12.12; 2020/04/02 08:30
2.87; 9.81; 10.00; 10.31; 12.18; 2020/04/02 09:00
3.25; 9.87; 10.00; 10.31; 12.18; 2020/04/02 09:30
3.75; 9.93; 9.93; 10.31; 12.18; 2020/04/02 10:00
4.93; 9.93; 9.93; 10.31; 12.18; 2020/04/02 10:30
5.00; 9.81; 9.93; 10.25; 12.18; 2020/04/02 11:00
5.62; 9.87; 9.87; 10.25; 12.25; 2020/04/02 11:30
6.87; 10.00; 9.87; 10.31; 12.18; 2020/04/02 12:00
7.43; 10.00; 9.87; 10.25; 12.18; 2020/04/02 12:30
7.18; 9.93; 9.87; 10.25; 12.25; 2020/04/02 13:00
7.37; 10.00; 9.81; 10.18; 12.25; 2020/04/02 13:30
8.06; 10.06; 9.81; 10.18; 12.25; 2020/04/02 14:00
8.50; 10.00; 9.81; 10.25; 12.18; 2020/04/02 14:30
8.50; 10.06; 9.81; 10.25; 12.25; 2020/04/02 15:00
8.81; 10.12; 9.81; 10.18; 12.25; 2020/04/02 15:30
9.06; 10.12; 9.81; 10.18; 12.12; 2020/04/02 16:00
9.43; 10.06; 9.81; 10.25; 12.18; 2020/04/02 16:30
9.68; 10.18; 9.87; 10.31; 12.18; 2020/04/02 17:00
9.62; 10.18; 9.87; 10.25; 12.18; 2020/04/02 17:30
9.62; 10.18; 9.87; 10.25; 12.18; 2020/04/02 18:00
9.56; 10.18; 9.87; 10.25; 12.18; 2020/04/02 18:30
9.31; 10.12; 9.87; 10.25; 12.18; 2020/04/02 19:00
9.00; 10.12; 9.87; 10.25; 12.18; 2020/04/02 19:30
8.81; 10.12; 9.87; 10.25; 12.18; 2020/04/02 20:00
8.62; 10.12; 9.87; 10.25; 12.18; 2020/04/02 20:30
8.50; 10.06; 9.87; 10.25; 12.18; 2020/04/02 21:00
8.37; 10.06; 9.87; 10.25; 12.12; 2020/04/02 21:30
8.25; 10.06; 9.87; 10.25; 12.18; 2020/04/02 22:00
7.81; 10.12; 9.87; 10.31; 12.18; 2020/04/02 22:30
7.68; 10.06; 9.87; 10.25; 12.12; 2020/04/02 23:00
7.68; 10.06; 9.87; 10.31; 12.18; 2020/04/02 23:30
7.68; 10.06; 9.87; 10.31; 12.12; 2020/04/03 00:00
7.75; 10.06; 9.87; 10.31; 12.18; 2020/04/03 00:30
8.18; 10.00; 9.87; 10.31; 12.18; 2020/04/03 01:00
7.50; 10.06; 9.87; 10.31; 12.12; 2020/04/03 01:30
7.37; 10.12; 9.87; 10.31; 12.18; 2020/04/03 02:00
7.31; 10.06; 9.87; 10.31; 12.12; 2020/04/03 02:30
7.31; 10.00; 9.87; 10.25; 12.12; 2020/04/03 03:00
7.43; 10.12; 9.87; 10.31; 12.18; 2020/04/03 03:30
7.50; 10.06; 9.87; 10.25; 12.18; 2020/04/03 04:00
7.62; 10.00; 9.87; 10.25; 12.12; 2020/04/03 04:30
7.62; 10.06; 9.87; 10.25; 12.18; 2020/04/03 05:00
7.62; 10.12; 9.87; 10.25; 12.18; 2020/04/03 05:30
7.62; 10.12; 9.87; 10.25; 12.18; 2020/04/03 06:00
7.56; 10.00; 9.87; 10.18; 12.18; 2020/04/03 06:30
7.56; 10.06; 9.87; 10.25; 12.18; 2020/04/03 07:00
7.56; 10.12; 9.87; 10.25; 12.18; 2020/04/03 07:30
7.43; 10.12; 9.87; 10.25; 12.18; 2020/04/03 08:00
7.56; 10.06; 9.87; 10.18; 12.18; 2020/04/03 08:30
7.56; 10.12; 9.87; 10.25; 12.18; 2020/04/03 09:00
7.68; 10.12; 9.81; 10.25; 12.18; 2020/04/03 09:30
7.81; 10.06; 9.81; 10.18; 12.18; 2020/04/03 10:00
8.18; 10.12; 9.81; 10.18; 12.18; 2020/04/03 10:30
8.50; 10.18; 9.81; 10.25; 12.18; 2020/04/03 11:00
9.56; 10.12; 9.87; 10.25; 12.18; 2020/04/03 11:30
9.62; 10.18; 9.87; 10.31; 12.12; 2020/04/03 12:00
9.56; 10.18; 9.87; 10.31; 12.18; 2020/04/03 12:30
9.56; 10.31; 9.81; 10.31; 12.12; 2020/04/03 13:00
10.68; 10.31; 9.87; 10.50; 12.18; 2020/04/03 13:30
10.93; 10.37; 9.93; 10.43; 12.18; 2020/04/03 14:00
10.12; 10.37; 9.93; 10.37; 12.18; 2020/04/03 14:30
9.87; 10.31; 9.93; 10.31; 12.18; 2020/04/03 15:00
10.06; 10.37; 9.93; 10.37; 12.12; 2020/04/03 15:30
9.75; 10.25; 9.93; 10.31; 12.12; 2020/04/03 16:00
9.31; 10.31; 9.93; 10.37; 12.12; 2020/04/03 16:30
10.12; 10.37; 9.93; 10.37; 12.12; 2020/04/03 17:00
10.00; 10.25; 9.93; 10.37; 12.12; 2020/04/03 17:30
10.25; 10.31; 9.93; 10.43; 12.12; 2020/04/03 18:00
9.93; 10.37; 10.00; 10.43; 12.12; 2020/04/03 18:30
9.75; 10.31; 10.00; 10.43; 12.12; 2020/04/03 19:00
9.62; 10.37; 10.00; 10.50; 12.12; 2020/04/03 19:30
9.50; 10.31; 10.00; 10.50; 12.12; 2020/04/03 20:00
9.06; 10.31; 10.00; 10.50; 12.12; 2020/04/03 20:30
8.68; 10.31; 10.00; 10.50; 12.12; 2020/04/03 21:00
8.31; 10.25; 10.00; 10.62; 12.06; 2020/04/03 21:30
8.12; 10.25; 10.00; 10.62; 12.06; 2020/04/03 22:00
7.75; 10.31; 10.06; 10.62; 12.12; 2020/04/03 22:30
6.68; 10.25; 10.00; 10.56; 12.12; 2020/04/03 23:00
6.31; 10.25; 10.00; 10.62; 12.12; 2020/04/03 23:30
5.62; 10.25; 10.00; 10.62; 12.12; 2020/04/04 00:00
5.06; 10.18; 10.00; 10.56; 12.06; 2020/04/04 00:30
4.37; 10.18; 10.00; 10.56; 12.12; 2020/04/04 01:00
4.18; 10.25; 10.00; 10.62; 12.12; 2020/04/04 01:30
3.68; 10.12; 10.00; 10.50; 12.12; 2020/04/04 02:00
3.31; 10.12; 9.93; 10.50; 12.12; 2020/04/04 02:30
3.12; 10.18; 9.93; 10.50; 12.12; 2020/04/04 03:00
2.56; 10.12; 9.93; 10.43; 12.06; 2020/04/04 03:30
2.50; 10.06; 9.93; 10.43; 12.06; 2020/04/04 04:00
2.43; 10.12; 9.93; 10.37; 12.06; 2020/04/04 04:30
2.06; 10.06; 9.87; 10.31; 12.12; 2020/04/04 05:00
2.00; 10.00; 9.87; 10.31; 12.12; 2020/04/04 05:30
1.75; 10.06; 9.81; 10.31; 12.06; 2020/04/04 06:00
1.56; 10.06; 9.81; 10.18; 12.12; 2020/04/04 06:30
1.18; 10.00; 9.75; 10.18; 12.12; 2020/04/04 07:00
1.18; 9.93; 9.75; 10.18; 12.12; 2020/04/04 07:30
1.31; 9.93; 9.75; 10.12; 12.12; 2020/04/04 08:00
1.31; 9.93; 9.68; 10.12; 12.12; 2020/04/04 08:30
1.75; 9.93; 9.68; 10.06; 12.12; 2020/04/04 09:00
2.93; 9.93; 9.62; 10.06; 12.18; 2020/04/04 09:30
4.50; 10.00; 9.62; 10.00; 12.25; 2020/04/04 10:00
6.18; 9.93; 9.62; 10.06; 12.31; 2020/04/04 10:30
7.18; 10.00; 9.62; 10.00; 12.31; 2020/04/04 11:00
8.25; 10.06; 9.56; 10.06; 12.37; 2020/04/04 11:30
9.18; 10.31; 9.56; 10.18; 12.37; 2020/04/04 12:00
9.68; 10.06; 9.56; 10.18; 12.43; 2020/04/04 12:30
10.75; 10.18; 9.62; 10.31; 12.43; 2020/04/04 13:00
11.12; 10.37; 9.62; 10.37; 12.50; 2020/04/04 13:30
11.87; 10.43; 9.68; 10.31; 12.50; 2020/04/04 14:00
12.75; 10.50; 9.68; 10.43; 12.43; 2020/04/04 14:30
12.93; 10.62; 9.81; 10.50; 12.43; 2020/04/04 15:00
13.37; 10.62; 9.87; 10.50; 12.43; 2020/04/04 15:30
13.37; 10.68; 9.93; 10.68; 12.43; 2020/04/04 16:00
14.00; 10.62; 10.00; 10.68; 12.43; 2020/04/04 16:30
14.43; 10.68; 10.18; 10.75; 12.37; 2020/04/04 17:00
14.25; 10.68; 10.25; 10.81; 12.31; 2020/04/04 17:30
14.68; 10.68; 10.37; 10.87; 12.31; 2020/04/04 18:00
14.50; 10.75; 10.43; 10.87; 12.25; 2020/04/04 18:30
13.75; 10.68; 10.50; 10.93; 12.18; 2020/04/04 19:00
12.68; 10.68; 10.50; 11.06; 12.18; 2020/04/04 19:30
12.00; 10.62; 10.50; 11.00; 12.12; 2020/04/04 20:00
11.18; 10.62; 10.50; 11.06; 12.12; 2020/04/04 20:30
10.50; 10.62; 10.56; 11.00; 12.12; 2020/04/04 21:00
9.62; 10.62; 10.56; 11.06; 12.06; 2020/04/04 21:30
8.68; 10.62; 10.56; 11.12; 12.06; 2020/04/04 22:00
8.12; 10.56; 10.56; 11.12; 12.06; 2020/04/04 22:30
7.50; 10.56; 10.62; 11.18; 12.00; 2020/04/04 23:00
6.93; 10.56; 10.62; 11.18; 12.00; 2020/04/04 23:30
6.56; 10.56; 10.62; 11.25; 12.00; 2020/04/05 00:00
6.00; 10.50; 10.62; 11.18; 12.00; 2020/04/05 00:30
5.62; 10.50; 10.62; 11.18; 12.00; 2020/04/05 01:00
5.18; 10.50; 10.62; 11.18; 12.00; 2020/04/05 01:30
4.87; 10.43; 10.62; 11.18; 12.00; 2020/04/05 02:00
4.62; 10.50; 10.62; 11.18; 12.00; 2020/04/05 02:30
4.50; 10.43; 10.62; 11.12; 12.06; 2020/04/05 03:00
4.25; 10.43; 10.62; 11.12; 12.00; 2020/04/05 03:30
4.25; 10.37; 10.62; 11.06; 12.06; 2020/04/05 04:00
4.12; 10.37; 10.62; 11.06; 12.06; 2020/04/05 04:30
4.25; 10.31; 10.62; 11.00; 12.06; 2020/04/05 05:00
4.50; 10.31; 10.62; 11.00; 12.00; 2020/04/05 05:30
4.00; 10.37; 10.62; 11.00; 12.06; 2020/04/05 06:00
3.93; 10.25; 10.56; 10.87; 12.06; 2020/04/05 06:30
3.87; 10.31; 10.56; 10.87; 12.06; 2020/04/05 07:00
3.81; 10.25; 10.56; 10.81; 12.06; 2020/04/05 07:30
3.56; 10.25; 10.50; 10.81; 12.06; 2020/04/05 08:00
4.25; 10.31; 10.50; 10.81; 12.06; 2020/04/05 08:30
5.37; 10.25; 10.50; 10.75; 12.06; 2020/04/05 09:00
8.31; 10.25; 10.50; 10.75; 12.06; 2020/04/05 09:30
10.68; 10.31; 10.50; 10.75; 12.12; 2020/04/05 10:00
11.87; 10.31; 10.50; 10.75; 12.18; 2020/04/05 10:30
13.12; 10.43; 10.50; 10.81; 12.25; 2020/04/05 11:00
14.00; 10.43; 10.50; 10.75; 12.25; 2020/04/05 11:30
14.62; 10.62; 10.50; 10.87; 12.31; 2020/04/05 12:00
15.06; 10.75; 10.50; 11.06; 12.31; 2020/04/05 12:30
15.62; 10.81; 10.56; 11.00; 12.31; 2020/04/05 13:00
16.25; 10.87; 10.56; 11.12; 12.37; 2020/04/05 13:30
17.00; 11.06; 10.62; 11.18; 12.31; 2020/04/05 14:00
17.43; 11.12; 10.62; 11.31; 12.31; 2020/04/05 14:30
17.62; 11.25; 10.68; 11.37; 12.37; 2020/04/05 15:00
17.75; 11.31; 10.75; 11.37; 12.37; 2020/04/05 15:30
18.12; 11.31; 10.87; 11.50; 12.37; 2020/04/05 16:00
18.43; 11.43; 11.00; 11.56; 12.37; 2020/04/05 16:30
18.87; 11.43; 11.12; 11.68; 12.37; 2020/04/05 17:00
19.06; 11.43; 11.25; 11.68; 12.37; 2020/04/05 17:30
18.75; 11.50; 11.37; 11.62; 12.37; 2020/04/05 18:00
18.62; 11.56; 11.50; 11.75; 12.37; 2020/04/05 18:30
18.56; 11.56; 11.56; 11.75; 12.37; 2020/04/05 19:00
17.37; 11.43; 11.56; 11.81; 12.37; 2020/04/05 19:30
17.25; 11.43; 11.62; 11.81; 12.37; 2020/04/05 20:00
16.12; 11.37; 11.62; 11.81; 12.37; 2020/04/05 20:30
15.81; 11.31; 11.62; 11.87; 12.37; 2020/04/05 21:00
13.75; 11.31; 11.68; 11.87; 12.37; 2020/04/05 21:30
12.75; 11.31; 11.68; 11.93; 12.43; 2020/04/05 22:00
11.93; 11.31; 11.75; 11.93; 12.50; 2020/04/05 22:30
11.12; 11.25; 11.75; 11.93; 12.50; 2020/04/05 23:00
10.50; 11.25; 11.81; 12.00; 12.50; 2020/04/05 23:30
11.18; 11.25; 11.81; 12.00; 12.50; 2020/04/06 00:00
11.87; 11.25; 11.81; 12.00; 12.50; 2020/04/06 00:30
10.87; 11.31; 11.87; 12.00; 12.50; 2020/04/06 01:00
11.31; 11.31; 11.87; 12.00; 12.43; 2020/04/06 01:30
11.68; 11.31; 11.87; 12.00; 12.37; 2020/04/06 02:00
11.93; 11.31; 11.93; 12.00; 12.37; 2020/04/06 02:30
10.87; 11.31; 11.93; 12.00; 12.37; 2020/04/06 03:00
10.56; 11.31; 11.93; 12.00; 12.31; 2020/04/06 03:30
11.25; 11.31; 11.93; 12.00; 12.31; 2020/04/06 04:00
10.62; 11.25; 11.93; 12.00; 12.31; 2020/04/06 04:30
9.93; 11.25; 12.00; 12.00; 12.31; 2020/04/06 05:00
8.87; 11.25; 12.00; 12.00; 12.31; 2020/04/06 05:30
8.31; 11.25; 12.00; 11.93; 12.25; 2020/04/06 06:00
8.18; 11.25; 11.93; 11.93; 12.25; 2020/04/06 06:30
8.25; 11.25; 11.93; 11.87; 12.18; 2020/04/06 07:00
7.62; 11.18; 11.93; 11.87; 12.06; 2020/04/06 07:30
7.75; 11.18; 11.93; 11.87; 12.12; 2020/04/06 08:00
8.18; 11.18; 11.93; 11.81; 12.12; 2020/04/06 08:30
9.25; 11.18; 11.93; 11.81; 12.06; 2020/04/06 09:00
13.12; 11.18; 11.93; 11.81; 12.06; 2020/04/06 09:30
14.37; 11.25; 11.93; 11.81; 12.12; 2020/04/06 10:00
14.93; 11.37; 11.93; 11.87; 12.31; 2020/04/06 10:30
15.68; 11.43; 12.00; 11.93; 12.56; 2020/04/06 11:00
16.50; 11.50; 12.00; 11.93; 12.56; 2020/04/06 11:30
17.43; 11.56; 12.00; 12.00; 12.68; 2020/04/06 12:00
18.18; 11.68; 12.06; 12.12; 12.81; 2020/04/06 12:30
18.93; 11.75; 12.06; 12.18; 12.93; 2020/04/06 13:00
19.75; 11.87; 12.12; 12.31; 13.06; 2020/04/06 13:30
20.06; 12.06; 12.12; 12.62; 13.12; 2020/04/06 14:00
20.43; 12.12; 12.18; 12.62; 13.25; 2020/04/06 14:30
21.00; 12.25; 12.25; 12.68; 13.37; 2020/04/06 15:00
21.50; 12.31; 12.31; 12.68; 13.37; 2020/04/06 15:30
21.50; 12.37; 12.43; 12.68; 13.43; 2020/04/06 16:00
21.56; 12.43; 12.50; 12.75; 13.43; 2020/04/06 16:30
22.00; 12.43; 12.62; 12.81; 13.56; 2020/04/06 17:00
21.75; 12.56; 12.75; 12.87; 13.56; 2020/04/06 17:30
21.68; 12.62; 12.87; 13.00; 13.56; 2020/04/06 18:00
21.68; 12.68; 12.93; 13.06; 13.62; 2020/04/06 18:30
20.93; 12.68; 13.06; 13.12; 13.56; 2020/04/06 19:00
20.18; 12.62; 13.06; 13.12; 13.68; 2020/04/06 19:30
19.37; 12.62; 13.12; 13.18; 13.68; 2020/04/06 20:00
17.93; 12.56; 13.18; 13.18; 13.68; 2020/04/06 20:30
16.56; 12.56; 13.18; 13.25; 13.75; 2020/04/06 21:00
15.56; 12.56; 13.25; 13.31; 13.81; 2020/04/06 21:30
14.50; 12.56; 13.31; 13.31; 13.81; 2020/04/06 22:00
14.31; 12.62; 13.37; 13.31; 13.87; 2020/04/06 22:30
14.56; 12.62; 13.37; 13.37; 13.87; 2020/04/06 23:00
13.81; 12.62; 13.43; 13.37; 13.93; 2020/04/06 23:30
13.37; 12.62; 13.50; 13.37; 13.93; 2020/04/07 00:00
12.75; 12.62; 13.50; 13.43; 13.87; 2020/04/07 00:30
12.31; 12.56; 13.50; 13.37; 13.87; 2020/04/07 01:00
12.06; 12.56; 13.50; 13.43; 13.87; 2020/04/07 01:30
12.00; 12.56; 13.56; 13.43; 13.87; 2020/04/07 02:00
12.12; 12.56; 13.56; 13.37; 13.87; 2020/04/07 02:30
12.00; 12.56; 13.62; 13.37; 13.87; 2020/04/07 03:00
11.62; 12.56; 13.62; 13.37; 13.81; 2020/04/07 03:30
11.31; 12.56; 13.62; 13.37; 13.81; 2020/04/07 04:00
10.87; 12.56; 13.62; 13.37; 13.75; 2020/04/07 04:30
10.75; 12.56; 13.62; 13.37; 13.75; 2020/04/07 05:00
10.43; 12.50; 13.62; 13.31; 13.75; 2020/04/07 05:30
10.25; 12.50; 13.62; 13.31; 13.68; 2020/04/07 06:00
9.81; 12.50; 13.68; 13.31; 13.68; 2020/04/07 06:30
9.87; 12.50; 13.62; 13.25; 13.62; 2020/04/07 07:00
9.50; 12.50; 13.62; 13.25; 13.62; 2020/04/07 07:30
9.68; 12.50; 13.62; 13.25; 13.56; 2020/04/07 08:00
9.87; 12.50; 13.62; 13.18; 13.56; 2020/04/07 08:30
10.43; 12.50; 13.62; 13.18; 13.56; 2020/04/07 09:00
11.00; 12.50; 13.62; 13.18; 13.50; 2020/04/07 09:30
11.81; 12.50; 13.62; 13.18; 13.50; 2020/04/07 10:00
13.18; 12.56; 13.62; 13.25; 13.56; 2020/04/07 10:30
14.00; 12.62; 13.68; 13.25; 13.62; 2020/04/07 11:00
15.00; 12.68; 13.68; 13.25; 13.75; 2020/04/07 11:30
15.06; 12.75; 13.68; 13.25; 13.81; 2020/04/07 12:00
15.18; 12.75; 13.68; 13.31; 13.87; 2020/04/07 12:30
15.56; 12.81; 13.68; 13.31; 13.87; 2020/04/07 13:00
16.50; 12.93; 13.75; 13.37; 14.06; 2020/04/07 13:30
17.37; 13.00; 13.81; 13.43; 14.18; 2020/04/07 14:00
17.06; 13.06; 13.81; 13.43; 14.18; 2020/04/07 14:30
17.68; 13.06; 13.81; 13.50; 14.25; 2020/04/07 15:00
18.81; 13.18; 13.87; 13.56; 14.31; 2020/04/07 15:30
18.81; 13.25; 13.93; 13.62; 14.37; 2020/04/07 16:00
19.31; 13.31; 14.00; 13.68; 14.43; 2020/04/07 16:30
19.37; 13.37; 14.12; 13.75; 14.50; 2020/04/07 17:00
19.37; 13.37; 14.18; 13.81; 14.50; 2020/04/07 17:30
19.50; 13.43; 14.25; 13.87; 14.50; 2020/04/07 18:00
19.25; 13.43; 14.37; 13.93; 14.50; 2020/04/07 18:30
18.68; 13.50; 14.43; 14.00; 14.50; 2020/04/07 19:00
17.93; 13.43; 14.43; 14.00; 14.50; 2020/04/07 19:30
17.06; 13.43; 14.43; 14.06; 14.50; 2020/04/07 20:00
16.56; 13.43; 14.50; 14.06; 14.50; 2020/04/07 20:30
15.81; 13.43; 14.50; 14.06; 14.50; 2020/04/07 21:00
15.12; 13.43; 14.56; 14.12; 14.56; 2020/04/07 21:30
14.31; 13.43; 14.56; 14.12; 14.50; 2020/04/07 22:00
13.81; 13.43; 14.62; 14.18; 14.56; 2020/04/07 22:30
13.31; 13.43; 14.62; 14.18; 14.56; 2020/04/07 23:00
12.81; 13.43; 14.62; 14.18; 14.56; 2020/04/07 23:30
12.18; 13.43; 14.62; 14.18; 14.56; 2020/04/08 00:00
11.93; 13.37; 14.68; 14.18; 14.56; 2020/04/08 00:30
11.43; 13.37; 14.68; 14.18; 14.56; 2020/04/08 01:00
11.00; 13.37; 14.68; 14.18; 14.50; 2020/04/08 01:30
10.68; 13.37; 14.68; 14.12; 14.50; 2020/04/08 02:00
10.31; 13.37; 14.68; 14.12; 14.43; 2020/04/08 02:30
10.00; 13.37; 14.68; 14.12; 14.37; 2020/04/08 03:00
10.31; 13.37; 14.68; 14.06; 14.43; 2020/04/08 03:30
9.93; 13.31; 14.68; 14.06; 14.37; 2020/04/08 04:00
9.93; 13.31; 14.68; 14.06; 14.37; 2020/04/08 04:30
9.31; 13.31; 14.68; 14.00; 14.25; 2020/04/08 05:00
9.37; 13.31; 14.68; 14.00; 14.25; 2020/04/08 05:30
9.06; 13.31; 14.62; 14.00; 14.25; 2020/04/08 06:00
9.12; 13.31; 14.62; 14.00; 14.18; 2020/04/08 06:30
9.12; 13.31; 14.62; 13.93; 14.18; 2020/04/08 07:00
8.93; 13.31; 14.62; 13.93; 14.12; 2020/04/08 07:30
8.81; 13.25; 14.56; 13.93; 14.06; 2020/04/08 08:00
9.12; 13.25; 14.56; 13.93; 14.06; 2020/04/08 08:30
10.06; 13.31; 14.56; 13.87; 14.00; 2020/04/08 09:00
11.43; 13.31; 14.56; 13.87; 14.00; 2020/04/08 09:30
13.68; 13.31; 14.56; 13.87; 14.12; 2020/04/08 10:00
15.81; 13.37; 14.56; 13.87; 14.25; 2020/04/08 10:30
17.12; 13.43; 14.56; 13.87; 14.37; 2020/04/08 11:00
18.06; 13.50; 14.56; 13.93; 14.50; 2020/04/08 11:30
19.00; 13.56; 14.56; 13.93; 14.68; 2020/04/08 12:00
19.75; 13.68; 14.56; 14.06; 14.81; 2020/04/08 12:30
20.31; 13.75; 14.56; 14.18; 15.00; 2020/04/08 13:00
21.37; 13.87; 14.62; 14.31; 15.06; 2020/04/08 13:30
21.81; 14.00; 14.68; 14.56; 15.25; 2020/04/08 14:00
22.12; 14.12; 14.75; 14.62; 15.37; 2020/04/08 14:30
22.50; 14.25; 14.81; 14.68; 15.43; 2020/04/08 15:00
22.62; 14.31; 14.87; 14.75; 15.43; 2020/04/08 15:30
23.00; 14.37; 14.93; 14.81; 15.56; 2020/04/08 16:00
22.56; 14.43; 15.06; 14.75; 15.56; 2020/04/08 16:30
21.43; 14.31; 15.12; 14.68; 15.56; 2020/04/08 17:00
22.12; 14.37; 15.18; 14.75; 15.56; 2020/04/08 17:30
21.87; 14.37; 15.25; 14.81; 15.56; 2020/04/08 18:00
22.43; 14.50; 15.37; 14.93; 15.56; 2020/04/08 18:30
21.37; 14.50; 15.50; 15.00; 15.62; 2020/04/08 19:00
19.56; 14.50; 15.50; 15.06; 15.62; 2020/04/08 19:30
18.50; 14.50; 15.56; 15.06; 15.62; 2020/04/08 20:00
17.81; 14.50; 15.56; 15.12; 15.62; 2020/04/08 20:30
17.06; 14.50; 15.62; 15.18; 15.68; 2020/04/08 21:00
16.37; 14.50; 15.68; 15.25; 15.68; 2020/04/08 21:30
15.62; 14.50; 15.75; 15.25; 15.75; 2020/04/08 22:00
15.00; 14.50; 15.75; 15.25; 15.75; 2020/04/08 22:30
14.50; 14.50; 15.81; 15.31; 15.81; 2020/04/08 23:00
13.75; 14.50; 15.81; 15.31; 15.81; 2020/04/08 23:30
13.43; 14.50; 15.81; 15.31; 15.81; 2020/04/09 00:00
12.62; 14.50; 15.81; 15.31; 15.75; 2020/04/09 00:30
12.43; 14.43; 15.87; 15.31; 15.75; 2020/04/09 01:00
12.00; 14.43; 15.87; 15.31; 15.75; 2020/04/09 01:30
11.37; 14.43; 15.87; 15.25; 15.68; 2020/04/09 02:00
11.25; 14.43; 15.87; 15.25; 15.68; 2020/04/09 02:30
11.06; 14.43; 15.87; 15.25; 15.62; 2020/04/09 03:00
10.87; 14.43; 15.87; 15.25; 15.56; 2020/04/09 03:30
10.43; 14.43; 15.87; 15.25; 15.56; 2020/04/09 04:00
10.12; 14.37; 15.87; 15.18; 15.50; 2020/04/09 04:30
9.93; 14.37; 15.87; 15.18; 15.50; 2020/04/09 05:00
9.87; 14.37; 15.87; 15.18; 15.43; 2020/04/09 05:30
9.93; 14.37; 15.87; 15.12; 15.37; 2020/04/09 06:00
9.62; 14.37; 15.87; 15.12; 15.37; 2020/04/09 06:30
9.18; 14.37; 15.87; 15.06; 15.31; 2020/04/09 07:00
9.31; 14.31; 15.81; 15.06; 15.25; 2020/04/09 07:30
9.18; 14.31; 15.81; 15.00; 15.25; 2020/04/09 08:00
9.43; 14.31; 15.75; 15.00; 15.18; 2020/04/09 08:30
10.12; 14.31; 15.75; 15.00; 15.12; 2020/04/09 09:00
11.50; 14.31; 15.75; 15.00; 15.12; 2020/04/09 09:30
12.93; 14.37; 15.75; 15.00; 15.18; 2020/04/09 10:00
14.68; 14.37; 15.75; 15.00; 15.31; 2020/04/09 10:30
15.62; 14.43; 15.75; 15.00; 15.43; 2020/04/09 11:00
16.43; 14.50; 15.75; 15.00; 15.50; 2020/04/09 11:30
17.06; 14.56; 15.75; 15.00; 15.56; 2020/04/09 12:00
18.06; 14.62; 15.75; 15.06; 15.68; 2020/04/09 12:30
18.62; 14.75; 15.81; 15.12; 15.81; 2020/04/09 13:00
19.18; 14.81; 15.81; 15.25; 16.00; 2020/04/09 13:30
19.43; 14.93; 15.81; 15.37; 16.06; 2020/04/09 14:00
20.12; 15.06; 15.87; 15.50; 16.18; 2020/04/09 14:30
20.06; 15.12; 15.87; 15.56; 16.25; 2020/04/09 15:00
20.18; 15.18; 15.93; 15.56; 16.31; 2020/04/09 15:30
20.62; 15.18; 16.00; 15.56; 16.31; 2020/04/09 16:00
20.93; 15.25; 16.06; 15.56; 16.37; 2020/04/09 16:30
20.93; 15.31; 16.18; 15.62; 16.37; 2020/04/09 17:00
21.00; 15.31; 16.25; 15.68; 16.37; 2020/04/09 17:30
20.87; 15.37; 16.37; 15.75; 16.37; 2020/04/09 18:00
20.62; 15.43; 16.43; 15.81; 16.37; 2020/04/09 18:30
19.93; 15.43; 16.50; 15.87; 16.37; 2020/04/09 19:00
18.81; 15.37; 16.56; 15.87; 16.37; 2020/04/09 19:30
18.06; 15.37; 16.56; 15.93; 16.37; 2020/04/09 20:00
17.25; 15.37; 16.56; 15.93; 16.37; 2020/04/09 20:30
16.62; 15.37; 16.56; 15.93; 16.31; 2020/04/09 21:00
15.68; 15.37; 16.62; 16.00; 16.37; 2020/04/09 21:30
14.87; 15.31; 16.62; 16.00; 16.31; 2020/04/09 22:00
14.31; 15.31; 16.68; 16.00; 16.31; 2020/04/09 22:30
13.62; 15.31; 16.68; 16.00; 16.37; 2020/04/09 23:00
13.06; 15.25; 16.68; 16.00; 16.37; 2020/04/09 23:30
12.87; 15.25; 16.68; 16.00; 16.37; 2020/04/10 00:00
12.37; 15.25; 16.68; 16.00; 16.37; 2020/04/10 00:30
11.81; 15.25; 16.68; 16.00; 16.31; 2020/04/10 01:00
11.62; 15.25; 16.75; 16.00; 16.31; 2020/04/10 01:30
11.50; 15.18; 16.68; 15.93; 16.31; 2020/04/10 02:00
11.37; 15.18; 16.75; 15.93; 16.25; 2020/04/10 02:30
11.00; 15.18; 16.75; 15.93; 16.18; 2020/04/10 03:00
10.93; 15.18; 16.68; 15.93; 16.18; 2020/04/10 03:30
10.56; 15.18; 16.68; 15.87; 16.12; 2020/04/10 04:00
10.43; 15.12; 16.68; 15.87; 16.06; 2020/04/10 04:30
10.06; 15.12; 16.62; 15.81; 16.06; 2020/04/10 05:00
9.56; 15.12; 16.62; 15.81; 16.00; 2020/04/10 05:30
9.43; 15.06; 16.62; 15.75; 15.93; 2020/04/10 06:00
9.18; 15.06; 16.56; 15.75; 15.87; 2020/04/10 06:30
8.87; 15.06; 16.56; 15.68; 15.81; 2020/04/10 07:00
8.62; 15.00; 16.56; 15.68; 15.75; 2020/04/10 07:30
8.50; 15.00; 16.50; 15.62; 15.75; 2020/04/10 08:00
8.93; 14.93; 16.50; 15.56; 15.62; 2020/04/10 08:30
10.43; 15.00; 16.43; 15.56; 15.62; 2020/04/10 09:00
11.25; 15.00; 16.43; 15.56; 15.62; 2020/04/10 09:30
11.87; 15.00; 16.43; 15.50; 15.68; 2020/04/10 10:00
12.56; 15.00; 16.37; 15.56; 15.87; 2020/04/10 10:30
13.75; 15.06; 16.37; 15.50; 16.00; 2020/04/10 11:00
14.87; 15.12; 16.37; 15.50; 16.12; 2020/04/10 11:30
15.93; 15.18; 16.43; 15.56; 16.25; 2020/04/10 12:00
16.56; 15.25; 16.37; 15.62; 16.43; 2020/04/10 12:30
17.25; 15.31; 16.43; 15.68; 16.56; 2020/04/10 13:00
17.87; 15.37; 16.43; 15.87; 16.62; 2020/04/10 13:30
18.18; 15.50; 16.43; 16.00; 16.75; 2020/04/10 14:00
18.56; 15.62; 16.50; 16.12; 16.81; 2020/04/10 14:30
19.00; 15.68; 16.50; 16.12; 16.81; 2020/04/10 15:00
19.25; 15.75; 16.56; 16.18; 16.87; 2020/04/10 15:30
19.43; 15.75; 16.62; 16.18; 16.87; 2020/04/10 16:00
19.75; 15.81; 16.75; 16.18; 16.93; 2020/04/10 16:30
19.93; 15.81; 16.81; 16.18; 16.87; 2020/04/10 17:00
19.93; 15.87; 16.93; 16.25; 16.87; 2020/04/10 17:30
19.87; 15.93; 17.00; 16.25; 16.93; 2020/04/10 18:00
19.31; 16.00; 17.12; 16.31; 16.87; 2020/04/10 18:30
18.81; 16.00; 17.18; 16.31; 16.87; 2020/04/10 19:00
17.75; 15.93; 17.18; 16.31; 16.87; 2020/04/10 19:30
17.00; 15.87; 17.18; 16.37; 16.87; 2020/04/10 20:00
16.12; 15.81; 17.18; 16.37; 16.81; 2020/04/10 20:30
15.56; 15.81; 17.18; 16.43; 16.81; 2020/04/10 21:00
14.75; 15.75; 17.18; 16.37; 16.81; 2020/04/10 21:30
14.18; 15.75; 17.18; 16.43; 16.81; 2020/04/10 22:00
13.75; 15.75; 17.18; 16.43; 16.81; 2020/04/10 22:30
13.18; 15.75; 17.25; 16.43; 16.81; 2020/04/10 23:00
12.56; 15.75; 17.25; 16.43; 16.81; 2020/04/10 23:30
12.50; 15.68; 17.25; 16.43; 16.81; 2020/04/11 00:00
12.06; 15.68; 17.25; 16.37; 16.75; 2020/04/11 00:30
11.68; 15.68; 17.25; 16.37; 16.75; 2020/04/11 01:00
11.31; 15.62; 17.25; 16.37; 16.68; 2020/04/11 01:30
10.68; 15.62; 17.25; 16.37; 16.62; 2020/04/11 02:00
10.43; 15.56; 17.25; 16.31; 16.56; 2020/04/11 02:30
9.93; 15.56; 17.25; 16.31; 16.50; 2020/04/11 03:00
9.43; 15.56; 17.18; 16.31; 16.50; 2020/04/11 03:30
8.81; 15.50; 17.18; 16.25; 16.43; 2020/04/11 04:00
8.31; 15.43; 17.12; 16.18; 16.37; 2020/04/11 04:30
7.81; 15.43; 17.12; 16.18; 16.31; 2020/04/11 05:00
7.18; 15.37; 17.06; 16.12; 16.25; 2020/04/11 05:30
7.06; 15.31; 17.06; 16.06; 16.18; 2020/04/11 06:00
6.75; 15.31; 17.00; 16.00; 16.12; 2020/04/11 06:30
6.12; 15.25; 17.00; 15.93; 16.06; 2020/04/11 07:00
5.87; 15.25; 16.93; 15.87; 16.06; 2020/04/11 07:30
6.18; 15.18; 16.87; 15.81; 16.00; 2020/04/11 08:00
6.18; 15.18; 16.87; 15.81; 15.93; 2020/04/11 08:30
7.06; 15.12; 16.87; 15.75; 15.87; 2020/04/11 09:00
8.56; 15.12; 16.81; 15.68; 15.87; 2020/04/11 09:30
9.87; 15.18; 16.75; 15.68; 15.93; 2020/04/11 10:00
12.37; 15.18; 16.75; 15.68; 16.06; 2020/04/11 10:30
15.06; 15.25; 16.75; 15.68; 16.18; 2020/04/11 11:00
15.12; 15.25; 16.68; 15.68; 16.31; 2020/04/11 11:30
15.75; 15.31; 16.68; 15.68; 16.50; 2020/04/11 12:00
16.75; 15.37; 16.68; 15.75; 16.62; 2020/04/11 12:30
17.50; 16.43; 17.00; 16.56; 16.62; 2020/04/11 13:00
18.00; 16.62; 17.25; 16.81; 16.75; 2020/04/11 13:30
19.12; 16.00; 17.25; 16.31; 16.93; 2020/04/11 14:00
19.87; 15.93; 17.56; 16.31; 17.00; 2020/04/11 14:30
20.06; 16.00; 17.56; 16.37; 17.06; 2020/04/11 15:00
21.06; 16.00; 17.81; 16.37; 17.12; 2020/04/11 15:30
21.37; 16.06; 18.18; 16.43; 17.06; 2020/04/11 16:00
21.68; 16.06; 18.56; 16.50; 17.12; 2020/04/11 16:30
21.56; 16.12; 18.81; 16.56; 17.06; 2020/04/11 17:00
21.75; 16.18; 18.87; 16.56; 17.06; 2020/04/11 17:30
23.12; 16.25; 18.93; 16.50; 17.12; 2020/04/11 18:00
21.56; 16.25; 19.12; 16.56; 17.12; 2020/04/11 18:30
20.81; 16.31; 18.81; 16.62; 17.12; 2020/04/11 19:00
19.56; 16.25; 18.31; 16.56; 17.12; 2020/04/11 19:30
18.87; 16.18; 18.18; 16.62; 17.12; 2020/04/11 20:00
18.18; 16.18; 18.12; 16.62; 17.12; 2020/04/11 20:30
17.25; 16.18; 18.06; 16.68; 17.12; 2020/04/11 21:00
15.56; 16.18; 18.00; 16.68; 17.12; 2020/04/11 21:30
15.56; 16.12; 18.00; 16.75; 17.18; 2020/04/11 22:00
14.75; 16.12; 18.00; 16.75; 17.12; 2020/04/11 22:30
14.12; 16.06; 18.00; 16.75; 17.18; 2020/04/11 23:00
13.37; 16.06; 18.00; 16.75; 17.18; 2020/04/11 23:30
12.87; 16.06; 17.93; 16.75; 17.18; 2020/04/12 00:00
12.31; 16.00; 17.93; 16.75; 17.12; 2020/04/12 00:30
12.18; 16.00; 17.93; 16.75; 17.12; 2020/04/12 01:00
11.87; 16.00; 17.93; 16.75; 17.12; 2020/04/12 01:30
11.56; 15.93; 17.93; 16.75; 17.06; 2020/04/12 02:00
11.18; 15.93; 17.93; 16.68; 17.00; 2020/04/12 02:30
10.87; 15.93; 17.87; 16.68; 17.00; 2020/04/12 03:00
10.68; 15.87; 17.87; 16.62; 16.93; 2020/04/12 03:30
10.43; 15.87; 17.87; 16.62; 16.87; 2020/04/12 04:00
9.93; 15.87; 17.87; 16.62; 16.87; 2020/04/12 04:30
9.68; 15.87; 17.81; 16.62; 16.81; 2020/04/12 05:00
9.56; 15.81; 17.81; 16.56; 16.75; 2020/04/12 05:30
9.50; 15.81; 17.75; 16.50; 16.68; 2020/04/12 06:00
9.37; 15.81; 17.75; 16.43; 16.62; 2020/04/12 06:30
9.00; 15.75; 17.68; 16.43; 16.56; 2020/04/12 07:00
9.12; 15.75; 17.68; 16.37; 16.56; 2020/04/12 07:30
9.00; 15.75; 17.68; 16.37; 16.50; 2020/04/12 08:00
9.43; 15.68; 17.68; 16.31; 16.43; 2020/04/12 08:30
10.25; 15.68; 17.68; 16.31; 16.43; 2020/04/12 09:00
12.06; 15.68; 17.75; 16.25; 16.43; 2020/04/12 09:30
14.25; 15.75; 17.81; 16.25; 16.50; 2020/04/12 10:00
15.25; 15.75; 17.81; 16.25; 16.62; 2020/04/12 10:30
16.12; 15.81; 17.87; 16.25; 16.75; 2020/04/12 11:00
17.12; 15.87; 17.93; 16.25; 16.93; 2020/04/12 11:30
18.25; 15.93; 18.00; 16.31; 17.06; 2020/04/12 12:00
19.06; 16.00; 18.12; 16.37; 17.18; 2020/04/12 12:30
19.50; 16.12; 18.12; 16.43; 17.25; 2020/04/12 13:00
20.18; 16.18; 18.18; 16.62; 17.43; 2020/04/12 13:30
20.43; 16.37; 18.18; 16.75; 17.43; 2020/04/12 14:00
20.68; 16.50; 18.25; 16.87; 17.56; 2020/04/12 14:30
20.68; 16.56; 18.43; 16.87; 17.62; 2020/04/12 15:00
21.12; 16.62; 18.68; 16.93; 17.62; 2020/04/12 15:30
21.50; 16.62; 18.93; 17.00; 17.62; 2020/04/12 16:00
22.00; 16.68; 19.25; 17.00; 17.62; 2020/04/12 16:30
22.56; 16.62; 19.50; 17.00; 17.68; 2020/04/12 17:00
21.25; 16.68; 19.25; 16.93; 17.68; 2020/04/12 17:30
21.62; 16.68; 19.43; 17.00; 17.68; 2020/04/12 18:00
21.81; 16.68; 19.43; 17.06; 17.68; 2020/04/12 18:30
21.56; 16.75; 19.25; 17.12; 17.68; 2020/04/12 19:00
20.56; 16.75; 18.93; 17.12; 17.75; 2020/04/12 19:30
19.18; 16.75; 18.81; 17.18; 17.75; 2020/04/12 20:00
18.81; 16.68; 18.75; 17.25; 17.75; 2020/04/12 20:30
18.56; 16.68; 18.75; 17.25; 17.75; 2020/04/12 21:00
18.06; 16.68; 18.68; 17.31; 17.75; 2020/04/12 21:30
17.81; 16.68; 18.75; 17.31; 17.75; 2020/04/12 22:00
17.37; 16.68; 18.75; 17.37; 17.75; 2020/04/12 22:30
17.06; 16.68; 18.75; 17.37; 17.81; 2020/04/12 23:00
16.56; 16.68; 18.75; 17.37; 17.81; 2020/04/12 23:30
15.93; 16.68; 18.75; 17.37; 17.81; 2020/04/13 00:00
15.68; 16.68; 18.75; 17.43; 17.87; 2020/04/13 00:30
15.12; 16.62; 18.75; 17.37; 17.81; 2020/04/13 01:00
14.50; 16.62; 18.75; 17.37; 17.81; 2020/04/13 01:30
14.25; 16.62; 18.75; 17.43; 17.81; 2020/04/13 02:00
13.37; 16.62; 18.68; 17.37; 17.81; 2020/04/13 02:30
13.00; 16.62; 18.68; 17.37; 17.75; 2020/04/13 03:00
12.75; 16.56; 18.68; 17.31; 17.75; 2020/04/13 03:30
12.12; 16.50; 18.68; 17.31; 17.68; 2020/04/13 04:00
11.87; 16.50; 18.68; 17.25; 17.62; 2020/04/13 04:30
11.68; 16.50; 18.62; 17.25; 17.62; 2020/04/13 05:00
11.37; 16.50; 18.62; 17.25; 17.56; 2020/04/13 05:30
12.37; 16.50; 18.56; 17.18; 17.50; 2020/04/13 06:00
12.18; 16.43; 18.56; 17.18; 17.50; 2020/04/13 06:30
11.62; 16.43; 18.50; 17.12; 17.43; 2020/04/13 07:00
10.87; 16.43; 18.50; 17.12; 17.37; 2020/04/13 07:30
11.00; 16.43; 18.50; 17.06; 17.31; 2020/04/13 08:00
11.06; 16.37; 18.43; 17.00; 17.25; 2020/04/13 08:30
11.00; 16.37; 18.43; 17.00; 17.25; 2020/04/13 09:00
10.81; 16.31; 18.37; 16.93; 17.18; 2020/04/13 09:30
10.50; 16.31; 18.31; 16.93; 17.12; 2020/04/13 10:00
10.93; 16.31; 18.31; 16.87; 17.12; 2020/04/13 10:30
10.75; 16.31; 18.31; 16.87; 17.06; 2020/04/13 11:00
10.81; 16.31; 18.31; 16.81; 17.00; 2020/04/13 11:30
10.75; 16.25; 18.25; 16.81; 17.00; 2020/04/13 12:00
11.43; 16.31; 18.37; 16.81; 17.00; 2020/04/13 12:30
11.87; 16.31; 18.37; 16.81; 16.93; 2020/04/13 13:00
12.00; 16.31; 18.43; 16.81; 16.93; 2020/04/13 13:30
12.25; 16.37; 18.50; 16.81; 16.93; 2020/04/13 14:00
13.18; 16.43; 18.62; 16.87; 17.06; 2020/04/13 14:30
13.18; 16.50; 18.75; 16.93; 17.12; 2020/04/13 15:00
13.56; 16.56; 18.93; 17.00; 17.18; 2020/04/13 15:30
13.43; 16.56; 19.00; 16.93; 17.12; 2020/04/13 16:00
13.50; 16.56; 19.37; 16.93; 17.06; 2020/04/13 16:30
13.62; 16.56; 19.62; 16.93; 17.00; 2020/04/13 17:00
13.31; 16.56; 19.68; 16.93; 17.00; 2020/04/13 17:30
13.62; 16.56; 19.87; 16.93; 16.93; 2020/04/13 18:00
12.87; 16.56; 19.87; 16.93; 16.87; 2020/04/13 18:30
12.62; 16.56; 19.50; 16.87; 16.87; 2020/04/13 19:00
11.81; 16.43; 19.00; 16.81; 16.87; 2020/04/13 19:30
11.62; 16.37; 18.81; 16.81; 16.81; 2020/04/13 20:00
11.12; 16.31; 18.68; 16.81; 16.81; 2020/04/13 20:30
10.25; 16.31; 18.62; 16.81; 16.75; 2020/04/13 21:00
9.87; 16.25; 18.50; 16.75; 16.75; 2020/04/13 21:30
9.25; 16.18; 18.43; 16.75; 16.68; 2020/04/13 22:00
9.18; 16.18; 18.37; 16.75; 16.68; 2020/04/13 22:30
8.56; 16.12; 18.31; 16.68; 16.62; 2020/04/13 23:00
8.50; 16.12; 18.25; 16.62; 16.62; 2020/04/13 23:30
7.87; 16.06; 18.18; 16.62; 16.56; 2020/04/14 00:00
7.50; 16.06; 18.18; 16.56; 16.50; 2020/04/14 00:30
7.25; 16.00; 18.12; 16.56; 16.50; 2020/04/14 01:00
6.87; 15.93; 18.06; 16.50; 16.43; 2020/04/14 01:30
6.56; 15.93; 18.00; 16.43; 16.43; 2020/04/14 02:00
6.87; 15.87; 17.93; 16.37; 16.37; 2020/04/14 02:30
7.12; 15.81; 17.87; 16.37; 16.31; 2020/04/14 03:00
6.93; 15.81; 17.87; 16.31; 16.25; 2020/04/14 03:30
7.37; 15.75; 17.81; 16.25; 16.25; 2020/04/14 04:00
7.68; 15.75; 17.75; 16.25; 16.18; 2020/04/14 04:30
7.37; 15.75; 17.68; 16.18; 16.18; 2020/04/14 05:00
7.50; 15.68; 17.62; 16.12; 16.12; 2020/04/14 05:30
7.31; 15.68; 17.62; 16.06; 16.06; 2020/04/14 06:00
7.56; 15.62; 17.50; 16.06; 16.00; 2020/04/14 06:30
7.31; 15.62; 17.50; 16.00; 16.00; 2020/04/14 07:00
7.31; 15.62; 17.43; 16.00; 15.93; 2020/04/14 07:30
7.68; 15.56; 17.37; 15.93; 15.87; 2020/04/14 08:00
7.50; 15.56; 17.31; 15.93; 15.81; 2020/04/14 08:30
7.81; 15.50; 17.25; 15.87; 15.81; 2020/04/14 09:00
8.12; 15.50; 17.25; 15.87; 15.75; 2020/04/14 09:30
8.43; 15.50; 17.18; 15.81; 15.68; 2020/04/14 10:00
8.87; 15.50; 17.18; 15.81; 15.68; 2020/04/14 10:30
8.93; 15.43; 17.12; 15.75; 15.62; 2020/04/14 11:00
9.12; 15.43; 17.12; 15.75; 15.62; 2020/04/14 11:30
9.18; 15.43; 17.12; 15.75; 15.62; 2020/04/14 12:00
9.93; 15.43; 17.12; 15.75; 15.62; 2020/04/14 12:30
10.00; 15.43; 17.00; 15.68; 15.56; 2020/04/14 13:00
10.06; 15.43; 17.00; 15.68; 15.56; 2020/04/14 13:30
10.68; 15.43; 17.06; 15.68; 15.56; 2020/04/14 14:00
10.81; 15.43; 17.06; 15.75; 15.56; 2020/04/14 14:30
11.06; 15.43; 17.00; 15.68; 15.56; 2020/04/14 15:00
11.25; 15.43; 16.93; 15.62; 15.56; 2020/04/14 15:30
11.56; 15.43; 17.18; 15.68; 15.56; 2020/04/14 16:00
12.06; 15.43; 17.37; 15.68; 15.56; 2020/04/14 16:30
12.06; 15.50; 17.43; 15.75; 15.56; 2020/04/14 17:00
12.06; 15.43; 17.25; 15.68; 15.50; 2020/04/14 17:30
11.81; 15.43; 17.18; 15.62; 15.50; 2020/04/14 18:00
12.12; 15.50; 17.62; 15.75; 15.50; 2020/04/14 18:30
12.00; 15.43; 17.43; 15.68; 15.50; 2020/04/14 19:00
11.50; 15.37; 17.06; 15.62; 15.43; 2020/04/14 19:30
10.56; 15.31; 16.93; 15.62; 15.43; 2020/04/14 20:00
10.37; 15.31; 16.87; 15.56; 15.43; 2020/04/14 20:30
9.75; 15.25; 16.75; 15.56; 15.43; 2020/04/14 21:00
9.06; 15.25; 16.68; 15.50; 15.37; 2020/04/14 21:30
8.50; 15.18; 16.62; 15.50; 15.37; 2020/04/14 22:00
7.81; 15.12; 16.62; 15.50; 15.31; 2020/04/14 22:30
7.25; 15.12; 16.56; 15.50; 15.31; 2020/04/14 23:00
6.87; 15.06; 16.50; 15.43; 15.25; 2020/04/14 23:30
6.50; 15.00; 16.43; 15.37; 15.18; 2020/04/15 00:00
6.12; 15.00; 16.43; 15.37; 15.18; 2020/04/15 00:30
5.68; 14.93; 16.37; 15.31; 15.12; 2020/04/15 01:00
5.18; 14.93; 16.31; 15.31; 15.06; 2020/04/15 01:30
5.12; 14.87; 16.25; 15.25; 15.06; 2020/04/15 02:00
4.75; 14.81; 16.18; 15.18; 15.00; 2020/04/15 02:30
4.37; 14.81; 16.12; 15.18; 14.93; 2020/04/15 03:00
4.37; 14.75; 16.12; 15.12; 14.87; 2020/04/15 03:30
4.12; 14.68; 16.06; 15.06; 14.81; 2020/04/15 04:00
3.93; 14.68; 16.00; 15.00; 14.81; 2020/04/15 04:30
3.93; 14.62; 15.93; 15.00; 14.75; 2020/04/15 05:00
3.62; 14.56; 15.87; 14.93; 14.68; 2020/04/15 05:30
3.68; 14.56; 15.81; 14.87; 14.62; 2020/04/15 06:00
3.50; 14.50; 15.75; 14.81; 14.56; 2020/04/15 06:30
3.50; 14.43; 15.68; 14.81; 14.50; 2020/04/15 07:00
3.43; 14.43; 15.62; 14.75; 14.50; 2020/04/15 07:30
3.43; 14.37; 15.62; 14.68; 14.43; 2020/04/15 08:00
3.87; 14.31; 15.56; 14.68; 14.37; 2020/04/15 08:30
4.50; 14.31; 15.56; 14.62; 14.31; 2020/04/15 09:00
6.00; 14.31; 15.56; 14.62; 14.31; 2020/04/15 09:30
7.68; 14.31; 15.62; 14.56; 14.31; 2020/04/15 10:00
9.18; 14.31; 15.68; 14.56; 14.43; 2020/04/15 10:30
9.87; 14.31; 15.68; 14.56; 14.56; 2020/04/15 11:00
10.75; 14.37; 15.75; 14.56; 14.62; 2020/04/15 11:30
11.43; 14.37; 15.81; 14.56; 14.75; 2020/04/15 12:00
12.31; 14.43; 15.81; 14.56; 14.87; 2020/04/15 12:30
12.81; 14.50; 15.81; 14.62; 14.93; 2020/04/15 13:00
13.37; 14.56; 15.81; 14.68; 15.00; 2020/04/15 13:30
14.43; 14.62; 15.81; 14.75; 15.06; 2020/04/15 14:00
15.00; 14.68; 15.87; 14.81; 15.18; 2020/04/15 14:30
15.68; 14.68; 16.00; 14.75; 15.25; 2020/04/15 15:00
16.50; 14.75; 16.12; 14.81; 15.31; 2020/04/15 15:30
16.87; 14.75; 16.43; 14.81; 15.31; 2020/04/15 16:00
17.50; 14.81; 16.81; 14.93; 15.31; 2020/04/15 16:30
17.75; 14.81; 17.06; 15.00; 15.25; 2020/04/15 17:00
17.62; 14.87; 17.12; 15.06; 15.31; 2020/04/15 17:30
18.12; 14.87; 17.12; 15.06; 15.31; 2020/04/15 18:00
17.75; 14.93; 17.06; 15.06; 15.25; 2020/04/15 18:30
17.68; 14.93; 16.87; 15.12; 15.25; 2020/04/15 19:00
16.56; 14.87; 16.50; 15.06; 15.25; 2020/04/15 19:30
16.00; 14.87; 16.37; 15.06; 15.25; 2020/04/15 20:00
15.25; 14.81; 16.31; 15.25; 15.25; 2020/04/15 20:30
14.50; 14.81; 16.25; 15.18; 15.25; 2020/04/15 21:00
13.62; 14.81; 16.18; 15.18; 15.25; 2020/04/15 21:30
12.87; 14.75; 16.18; 15.18; 15.25; 2020/04/15 22:00
11.93; 14.75; 16.18; 15.18; 15.25; 2020/04/15 22:30
11.37; 14.75; 16.12; 15.18; 15.25; 2020/04/15 23:00
10.93; 14.68; 16.06; 15.18; 15.25; 2020/04/15 23:30
10.25; 14.68; 16.06; 15.18; 15.18; 2020/04/16 00:00
9.62; 14.68; 16.06; 15.18; 15.18; 2020/04/16 00:30
9.06; 14.62; 16.00; 15.18; 15.18; 2020/04/16 01:00
8.87; 14.62; 16.00; 15.18; 15.12; 2020/04/16 01:30
8.37; 14.62; 16.00; 15.12; 15.12; 2020/04/16 02:00
8.12; 14.56; 16.00; 15.12; 15.12; 2020/04/16 02:30
7.68; 14.56; 15.93; 15.12; 15.06; 2020/04/16 03:00
7.31; 14.50; 15.93; 15.06; 15.00; 2020/04/16 03:30
7.31; 14.50; 15.93; 15.06; 15.00; 2020/04/16 04:00
6.81; 14.43; 15.87; 15.00; 14.93; 2020/04/16 04:30
6.68; 14.43; 15.87; 14.93; 14.93; 2020/04/16 05:00
6.31; 14.43; 15.81; 14.93; 14.87; 2020/04/16 05:30
5.93; 14.37; 15.81; 14.87; 14.87; 2020/04/16 06:00
5.75; 14.37; 15.75; 14.87; 14.81; 2020/04/16 06:30
6.00; 14.31; 15.68; 14.81; 14.75; 2020/04/16 07:00
6.18; 14.31; 15.68; 14.75; 14.75; 2020/04/16 07:30
6.37; 14.25; 15.68; 14.75; 14.68; 2020/04/16 08:00
7.00; 14.25; 15.68; 14.68; 14.62; 2020/04/16 08:30
7.87; 14.25; 15.68; 14.68; 14.62; 2020/04/16 09:00
9.50; 14.25; 15.75; 14.68; 14.62; 2020/04/16 09:30
11.37; 14.25; 15.75; 14.68; 14.62; 2020/04/16 10:00
14.00; 14.31; 15.87; 14.68; 14.75; 2020/04/16 10:30
15.06; 14.31; 15.87; 14.68; 14.87; 2020/04/16 11:00
16.93; 14.37; 15.93; 14.68; 15.00; 2020/04/16 11:30
16.93; 14.43; 16.06; 14.68; 15.18; 2020/04/16 12:00
17.62; 14.50; 16.06; 14.81; 15.31; 2020/04/16 12:30
18.50; 14.62; 16.12; 14.93; 15.43; 2020/04/16 13:00
19.12; 14.75; 16.12; 15.06; 15.56; 2020/04/16 13:30
20.00; 14.87; 16.18; 15.12; 15.62; 2020/04/16 14:00
20.37; 14.93; 16.31; 15.25; 15.75; 2020/04/16 14:30
20.37; 15.12; 16.43; 15.25; 15.81; 2020/04/16 15:00
20.68; 15.12; 16.62; 15.25; 15.87; 2020/04/16 15:30
21.00; 15.12; 17.00; 15.37; 15.87; 2020/04/16 16:00
21.12; 15.18; 17.31; 15.50; 15.87; 2020/04/16 16:30
21.50; 15.25; 17.56; 15.56; 15.87; 2020/04/16 17:00
21.75; 15.25; 17.56; 15.62; 15.87; 2020/04/16 17:30
21.50; 15.25; 17.31; 15.62; 15.87; 2020/04/16 18:00
21.50; 15.31; 17.50; 15.56; 15.87; 2020/04/16 18:30
20.37; 15.25; 17.25; 15.56; 15.87; 2020/04/16 19:00
19.50; 15.31; 17.00; 15.62; 15.93; 2020/04/16 19:30
18.12; 15.25; 16.87; 15.62; 15.93; 2020/04/16 20:00
17.62; 15.25; 16.87; 15.68; 15.93; 2020/04/16 20:30
17.00; 15.18; 16.81; 15.68; 16.00; 2020/04/16 21:00
16.25; 15.18; 16.75; 15.75; 16.00; 2020/04/16 21:30
15.68; 15.18; 16.75; 15.75; 16.00; 2020/04/16 22:00
15.12; 15.18; 16.75; 15.81; 16.00; 2020/04/16 22:30
14.31; 15.18; 16.75; 15.81; 16.00; 2020/04/16 23:00
14.06; 15.18; 16.75; 15.81; 16.06; 2020/04/16 23:30
13.62; 15.18; 16.75; 15.87; 16.06; 2020/04/17 00:00
13.31; 15.18; 16.81; 15.87; 16.06; 2020/04/17 00:30
12.93; 15.18; 16.81; 15.87; 16.06; 2020/04/17 01:00
13.00; 15.18; 16.81; 15.87; 16.06; 2020/04/17 01:30
12.93; 15.18; 16.81; 15.87; 16.00; 2020/04/17 02:00
12.62; 15.18; 16.81; 15.87; 16.00; 2020/04/17 02:30
12.31; 15.18; 16.81; 15.87; 16.00; 2020/04/17 03:00
11.93; 15.18; 16.81; 15.81; 16.00; 2020/04/17 03:30
11.81; 15.12; 16.81; 15.81; 16.00; 2020/04/17 04:00
11.43; 15.12; 16.75; 15.81; 15.93; 2020/04/17 04:30
11.06; 15.12; 16.75; 15.75; 15.93; 2020/04/17 05:00
10.43; 15.06; 16.75; 15.75; 15.87; 2020/04/17 05:30
10.31; 15.06; 16.75; 15.68; 15.81; 2020/04/17 06:00
9.81; 15.00; 16.68; 15.68; 15.81; 2020/04/17 06:30
9.62; 15.00; 16.68; 15.62; 15.75; 2020/04/17 07:00
9.75; 15.00; 16.68; 15.62; 15.68; 2020/04/17 07:30
9.68; 14.93; 16.62; 15.56; 15.68; 2020/04/17 08:00
10.00; 14.93; 16.62; 15.56; 15.62; 2020/04/17 08:30
10.37; 15.00; 16.62; 15.56; 15.62; 2020/04/17 09:00
10.93; 15.00; 16.62; 15.56; 15.62; 2020/04/17 09:30
11.75; 15.00; 16.68; 15.50; 15.68; 2020/04/17 10:00
12.43; 15.00; 16.75; 15.56; 15.75; 2020/04/17 10:30
13.31; 15.06; 16.81; 15.50; 15.87; 2020/04/17 11:00
14.00; 15.06; 16.87; 15.50; 16.00; 2020/04/17 11:30
14.68; 15.12; 17.00; 15.56; 16.06; 2020/04/17 12:00
15.68; 15.18; 17.06; 15.62; 16.18; 2020/04/17 12:30
16.31; 15.25; 17.12; 15.62; 16.37; 2020/04/17 13:00
17.18; 15.37; 17.18; 15.81; 16.43; 2020/04/17 13:30
17.62; 15.50; 17.25; 15.87; 16.56; 2020/04/17 14:00
18.06; 15.56; 17.31; 16.00; 16.62; 2020/04/17 14:30
18.68; 15.62; 17.43; 16.06; 16.68; 2020/04/17 15:00
19.37; 15.68; 17.62; 16.06; 16.68; 2020/04/17 15:30
19.75; 15.75; 17.93; 16.12; 16.75; 2020/04/17 16:00
19.68; 15.75; 18.25; 16.12; 16.75; 2020/04/17 16:30
20.00; 15.81; 18.43; 16.06; 16.75; 2020/04/17 17:00
20.00; 15.87; 18.56; 16.12; 16.75; 2020/04/17 17:30
20.06; 15.93; 18.62; 16.18; 16.75; 2020/04/17 18:00
20.81; 16.00; 18.75; 16.25; 16.75; 2020/04/17 18:30
19.62; 16.00; 18.37; 16.25; 16.75; 2020/04/17 19:00
18.56; 15.93; 18.06; 16.25; 16.81; 2020/04/17 19:30
17.93; 15.87; 17.87; 16.25; 16.75; 2020/04/17 20:00
17.18; 15.87; 17.81; 16.31; 16.75; 2020/04/17 20:30
16.50; 15.81; 17.75; 16.31; 16.75; 2020/04/17 21:00
16.00; 15.81; 17.75; 16.31; 16.75; 2020/04/17 21:30
15.37; 15.75; 17.68; 16.37; 16.75; 2020/04/17 22:00
14.93; 15.68; 17.68; 16.37; 16.75; 2020/04/17 22:30
14.56; 15.68; 17.68; 16.37; 16.75; 2020/04/17 23:00
14.25; 15.68; 17.68; 16.37; 16.75; 2020/04/17 23:30
13.87; 15.68; 17.68; 16.37; 16.75; 2020/04/18 00:00
13.37; 15.68; 17.68; 16.37; 16.75; 2020/04/18 00:30
13.00; 15.68; 17.68; 16.37; 16.75; 2020/04/18 01:00
13.12; 15.68; 17.68; 16.37; 16.68; 2020/04/18 01:30
12.93; 15.68; 17.68; 16.37; 16.68; 2020/04/18 02:00
12.50; 15.68; 17.62; 16.37; 16.68; 2020/04/18 02:30
12.06; 15.62; 17.62; 16.37; 16.62; 2020/04/18 03:00
12.00; 15.62; 17.62; 16.31; 16.56; 2020/04/18 03:30
11.75; 15.62; 17.62; 16.31; 16.56; 2020/04/18 04:00
11.25; 15.62; 17.56; 16.31; 16.50; 2020/04/18 04:30
10.81; 15.62; 17.56; 16.25; 16.43; 2020/04/18 05:00
10.81; 15.56; 17.56; 16.25; 16.43; 2020/04/18 05:30
9.75; 15.56; 17.50; 16.18; 16.37; 2020/04/18 06:00
9.50; 15.56; 17.43; 16.12; 16.31; 2020/04/18 06:30
9.43; 15.50; 17.43; 16.12; 16.31; 2020/04/18 07:00
9.37; 15.50; 17.43; 16.06; 16.25; 2020/04/18 07:30
9.43; 15.50; 17.43; 16.06; 16.18; 2020/04/18 08:00
9.75; 15.43; 17.37; 16.06; 16.18; 2020/04/18 08:30
10.31; 15.43; 17.37; 16.00; 16.18; 2020/04/18 09:00
11.62; 15.43; 17.43; 16.00; 16.18; 2020/04/18 09:30
13.00; 15.50; 17.43; 16.00; 16.18; 2020/04/18 10:00
14.56; 15.56; 17.43; 16.00; 16.25; 2020/04/18 10:30
15.93; 15.56; 17.56; 16.00; 16.37; 2020/04/18 11:00
16.18; 15.62; 17.56; 16.00; 16.43; 2020/04/18 11:30
17.50; 15.68; 17.68; 16.06; 16.56; 2020/04/18 12:00
18.50; 15.75; 17.81; 16.12; 16.75; 2020/04/18 12:30
18.25; 15.75; 17.56; 16.12; 16.75; 2020/04/18 13:00
18.31; 15.81; 17.62; 16.12; 16.68; 2020/04/18 13:30
18.68; 15.81; 17.68; 16.18; 16.68; 2020/04/18 14:00
18.56; 15.87; 17.56; 16.18; 16.68; 2020/04/18 14:30
17.87; 15.87; 17.50; 16.18; 16.68; 2020/04/18 15:00
17.50; 15.87; 17.43; 16.18; 16.62; 2020/04/18 15:30
17.81; 15.87; 17.56; 16.18; 16.62; 2020/04/18 16:00
17.75; 15.87; 17.50; 16.18; 16.68; 2020/04/18 16:30
17.50; 15.87; 17.50; 16.25; 16.68; 2020/04/18 17:00
16.31; 15.87; 17.43; 16.25; 16.68; 2020/04/18 17:30
15.68; 15.87; 17.43; 16.25; 16.68; 2020/04/18 18:00
15.62; 15.87; 17.43; 16.25; 16.68; 2020/04/18 18:30
15.75; 15.87; 17.43; 16.25; 16.68; 2020/04/18 19:00
16.00; 15.87; 17.50; 16.25; 16.75; 2020/04/18 19:30
15.87; 15.87; 17.50; 16.31; 16.75; 2020/04/18 20:00
15.68; 15.87; 17.43; 16.31; 16.75; 2020/04/18 20:30
15.31; 15.87; 17.43; 16.31; 16.81; 2020/04/18 21:00
14.68; 15.87; 17.43; 16.31; 16.81; 2020/04/18 21:30
14.06; 15.87; 17.43; 16.31; 16.75; 2020/04/18 22:00
13.50; 15.87; 17.43; 16.31; 16.81; 2020/04/18 22:30
13.12; 15.81; 17.43; 16.31; 16.75; 2020/04/18 23:00
13.12; 15.81; 17.43; 16.31; 16.75; 2020/04/18 23:30
12.62; 15.81; 17.37; 16.31; 16.75; 2020/04/19 00:00
12.37; 15.81; 17.37; 16.31; 16.75; 2020/04/19 00:30
12.06; 15.81; 17.37; 16.31; 16.68; 2020/04/19 01:00
11.62; 15.81; 17.37; 16.31; 16.62; 2020/04/19 01:30
11.31; 15.81; 17.31; 16.25; 16.62; 2020/04/19 02:00
11.00; 15.75; 17.31; 16.25; 16.62; 2020/04/19 02:30
11.06; 15.75; 17.31; 16.25; 16.56; 2020/04/19 03:00
11.06; 15.75; 17.31; 16.18; 16.56; 2020/04/19 03:30
11.50; 15.75; 17.25; 16.18; 16.50; 2020/04/19 04:00
11.56; 15.75; 17.25; 16.18; 16.50; 2020/04/19 04:30
11.75; 15.75; 17.25; 16.18; 16.50; 2020/04/19 05:00
11.37; 15.75; 17.25; 16.12; 16.50; 2020/04/19 05:30
12.06; 15.68; 17.18; 16.12; 16.43; 2020/04/19 06:00
12.18; 15.68; 17.18; 16.06; 16.43; 2020/04/19 06:30
12.25; 15.75; 17.12; 16.06; 16.43; 2020/04/19 07:00
12.31; 15.68; 17.12; 16.06; 16.37; 2020/04/19 07:30
12.37; 15.68; 17.12; 16.06; 16.37; 2020/04/19 08:00
12.68; 15.68; 17.12; 16.00; 16.37; 2020/04/19 08:30
12.68; 15.68; 17.06; 16.00; 16.37; 2020/04/19 09:00
12.93; 15.68; 17.06; 16.00; 16.37; 2020/04/19 09:30
13.06; 15.75; 17.06; 16.00; 16.37; 2020/04/19 10:00
13.06; 15.75; 17.06; 16.00; 16.31; 2020/04/19 10:30
12.93; 15.75; 17.00; 16.00; 16.31; 2020/04/19 11:00
13.37; 15.75; 17.06; 16.00; 16.31; 2020/04/19 11:30
13.68; 15.75; 17.06; 16.06; 16.31; 2020/04/19 12:00
14.62; 15.81; 17.25; 16.06; 16.37; 2020/04/19 12:30
15.50; 15.87; 17.37; 16.12; 16.50; 2020/04/19 13:00
16.43; 15.93; 17.50; 16.25; 16.62; 2020/04/19 13:30
17.43; 16.00; 17.56; 16.43; 16.81; 2020/04/19 14:00
18.25; 16.06; 17.68; 16.50; 16.87; 2020/04/19 14:30
18.06; 16.12; 17.75; 16.56; 16.87; 2020/04/19 15:00
18.62; 16.18; 17.75; 16.56; 16.93; 2020/04/19 15:30
18.50; 16.18; 17.93; 16.56; 16.87; 2020/04/19 16:00
18.75; 16.18; 18.31; 16.62; 16.87; 2020/04/19 16:30
18.62; 16.25; 18.43; 16.62; 16.87; 2020/04/19 17:00
19.00; 16.25; 18.62; 16.68; 16.81; 2020/04/19 17:30
18.93; 16.31; 18.75; 16.75; 16.75; 2020/04/19 18:00
18.75; 16.37; 18.87; 16.68; 16.75; 2020/04/19 18:30
18.37; 16.43; 18.50; 16.68; 16.75; 2020/04/19 19:00
17.18; 16.31; 18.12; 16.62; 16.75; 2020/04/19 19:30
16.75; 16.25; 18.00; 16.62; 16.68; 2020/04/19 20:00
16.25; 16.25; 17.87; 16.62; 16.68; 2020/04/19 20:30
15.43; 16.18; 17.81; 16.62; 16.68; 2020/04/19 21:00
15.00; 16.18; 17.75; 16.62; 16.68; 2020/04/19 21:30
14.12; 16.12; 17.75; 16.68; 16.68; 2020/04/19 22:00
13.75; 16.12; 17.68; 16.68; 16.62; 2020/04/19 22:30
13.31; 16.12; 17.68; 16.62; 16.62; 2020/04/19 23:00
13.00; 16.12; 17.68; 16.68; 16.62; 2020/04/19 23:30
12.87; 16.06; 17.62; 16.62; 16.62; 2020/04/20 00:00
12.50; 16.06; 17.62; 16.62; 16.56; 2020/04/20 00:30
12.12; 16.06; 17.62; 16.62; 16.56; 2020/04/20 01:00
11.18; 16.00; 17.56; 16.62; 16.56; 2020/04/20 01:30
10.62; 16.00; 17.56; 16.56; 16.50; 2020/04/20 02:00
10.37; 15.93; 17.56; 16.56; 16.50; 2020/04/20 02:30
10.31; 15.93; 17.50; 16.50; 16.43; 2020/04/20 03:00
9.50; 15.87; 17.50; 16.50; 16.43; 2020/04/20 03:30
9.68; 15.87; 17.43; 16.43; 16.43; 2020/04/20 04:00
9.37; 15.87; 17.43; 16.37; 16.37; 2020/04/20 04:30
9.25; 15.81; 17.37; 16.37; 16.37; 2020/04/20 05:00
8.68; 15.81; 17.37; 16.31; 16.31; 2020/04/20 05:30
8.06; 15.75; 17.31; 16.31; 16.31; 2020/04/20 06:00
8.50; 15.75; 17.31; 16.25; 16.25; 2020/04/20 06:30
8.00; 15.68; 17.25; 16.18; 16.18; 2020/04/20 07:00
7.93; 15.68; 17.18; 16.18; 16.18; 2020/04/20 07:30
8.31; 15.68; 17.18; 16.12; 16.12; 2020/04/20 08:00
8.93; 15.62; 17.18; 16.06; 16.06; 2020/04/20 08:30
9.81; 15.62; 17.12; 16.06; 16.06; 2020/04/20 09:00
10.37; 15.68; 17.18; 16.06; 16.06; 2020/04/20 09:30
11.43; 15.68; 17.18; 16.00; 16.06; 2020/04/20 10:00
12.37; 15.68; 17.25; 16.00; 16.12; 2020/04/20 10:30
13.31; 15.68; 17.25; 16.00; 16.18; 2020/04/20 11:00
13.93; 15.75; 17.37; 16.00; 16.31; 2020/04/20 11:30
15.00; 15.75; 17.43; 16.06; 16.43; 2020/04/20 12:00
15.56; 15.81; 17.50; 16.06; 16.56; 2020/04/20 12:30
16.25; 15.87; 17.56; 16.18; 16.62; 2020/04/20 13:00
17.06; 15.93; 17.56; 16.25; 16.68; 2020/04/20 13:30
17.81; 16.06; 17.62; 16.37; 16.81; 2020/04/20 14:00
18.18; 16.12; 17.62; 16.43; 16.87; 2020/04/20 14:30
18.25; 16.18; 17.81; 16.50; 16.87; 2020/04/20 15:00
18.75; 16.25; 17.93; 16.50; 16.93; 2020/04/20 15:30
18.56; 16.25; 18.25; 16.50; 16.87; 2020/04/20 16:00
19.12; 16.31; 18.56; 16.56; 16.87; 2020/04/20 16:30
19.00; 16.31; 18.81; 16.62; 16.87; 2020/04/20 17:00
19.18; 16.37; 18.93; 16.68; 16.81; 2020/04/20 17:30
19.31; 16.43; 19.00; 16.75; 16.81; 2020/04/20 18:00
19.00; 16.50; 19.12; 16.75; 16.81; 2020/04/20 18:30
18.62; 16.50; 18.68; 16.68; 16.87; 2020/04/20 19:00
17.68; 16.37; 18.31; 16.62; 16.87; 2020/04/20 19:30
17.00; 16.31; 18.12; 16.62; 16.87; 2020/04/20 20:00
16.43; 16.25; 18.06; 16.62; 16.87; 2020/04/20 20:30
15.62; 16.18; 18.00; 16.62; 16.81; 2020/04/20 21:00
15.12; 16.18; 17.93; 16.62; 16.81; 2020/04/20 21:30
14.93; 16.12; 17.93; 16.68; 16.75; 2020/04/20 22:00
14.18; 16.18; 17.87; 16.68; 16.81; 2020/04/20 22:30
14.06; 16.12; 17.87; 16.68; 16.81; 2020/04/20 23:00
13.62; 16.12; 17.87; 16.68; 16.81; 2020/04/20 23:30
13.12; 16.12; 17.81; 16.68; 16.75; 2020/04/21 00:00
12.87; 16.12; 17.81; 16.68; 16.75; 2020/04/21 00:30
12.56; 16.06; 17.81; 16.62; 16.68; 2020/04/21 01:00
12.37; 16.06; 17.75; 16.62; 16.68; 2020/04/21 01:30
12.12; 16.06; 17.75; 16.62; 16.62; 2020/04/21 02:00
11.62; 16.00; 17.75; 16.56; 16.56; 2020/04/21 02:30
11.18; 16.00; 17.68; 16.56; 16.56; 2020/04/21 03:00
10.81; 15.93; 17.68; 16.56; 16.56; 2020/04/21 03:30
10.31; 15.93; 17.68; 16.50; 16.56; 2020/04/21 04:00
10.12; 15.93; 17.62; 16.43; 16.50; 2020/04/21 04:30
9.81; 15.87; 17.62; 16.43; 16.50; 2020/04/21 05:00
9.50; 15.87; 17.56; 16.37; 16.43; 2020/04/21 05:30
8.25; 15.81; 17.56; 16.37; 16.43; 2020/04/21 06:00
9.00; 15.81; 17.50; 16.31; 16.37; 2020/04/21 06:30
8.68; 15.81; 17.50; 16.31; 16.37; 2020/04/21 07:00
8.25; 15.75; 17.43; 16.25; 16.31; 2020/04/21 07:30
9.31; 15.75; 17.43; 16.18; 16.31; 2020/04/21 08:00
10.25; 15.75; 17.37; 16.18; 16.25; 2020/04/21 08:30
11.25; 15.75; 17.37; 16.18; 16.25; 2020/04/21 09:00
11.81; 15.75; 17.43; 16.12; 16.25; 2020/04/21 09:30
12.56; 15.81; 17.43; 16.12; 16.25; 2020/04/21 10:00
13.31; 15.81; 17.50; 16.12; 16.31; 2020/04/21 10:30
14.06; 15.81; 17.56; 16.12; 16.43; 2020/04/21 11:00
15.25; 15.87; 17.62; 16.12; 16.56; 2020/04/21 11:30
16.18; 15.87; 17.68; 16.18; 16.68; 2020/04/21 12:00
16.56; 15.93; 17.75; 16.25; 16.81; 2020/04/21 12:30
17.68; 16.00; 17.81; 16.31; 16.87; 2020/04/21 13:00
17.93; 16.12; 17.81; 16.43; 17.00; 2020/04/21 13:30
18.68; 16.18; 17.81; 16.56; 17.06; 2020/04/21 14:00
18.62; 16.31; 17.93; 16.62; 17.12; 2020/04/21 14:30
18.93; 16.37; 18.06; 16.62; 17.12; 2020/04/21 15:00
19.50; 16.43; 18.25; 16.68; 17.18; 2020/04/21 15:30
19.75; 16.43; 18.56; 16.68; 17.18; 2020/04/21 16:00
20.18; 16.50; 18.87; 16.75; 17.18; 2020/04/21 16:30
20.06; 16.56; 19.06; 16.81; 17.12; 2020/04/21 17:00
20.18; 16.62; 19.25; 16.87; 17.12; 2020/04/21 17:30
20.25; 16.68; 19.31; 16.93; 17.12; 2020/04/21 18:00
20.43; 16.75; 19.43; 16.93; 17.18; 2020/04/21 18:30
19.68; 16.75; 18.93; 16.93; 17.18; 2020/04/21 19:00
18.62; 16.75; 18.62; 16.93; 17.18; 2020/04/21 19:30
17.93; 16.62; 18.50; 16.87; 17.18; 2020/04/21 20:00
17.43; 16.56; 18.37; 16.87; 17.18; 2020/04/21 20:30
16.75; 16.50; 18.31; 16.93; 17.18; 2020/04/21 21:00
16.12; 16.50; 18.25; 16.93; 17.18; 2020/04/21 21:30
15.81; 16.43; 18.25; 16.93; 17.18; 2020/04/21 22:00
15.12; 16.43; 18.18; 16.93; 17.12; 2020/04/21 22:30
14.81; 16.43; 18.18; 16.93; 17.18; 2020/04/21 23:00
14.06; 16.43; 18.18; 17.00; 17.18; 2020/04/21 23:30
13.62; 16.43; 18.18; 16.93; 17.12; 2020/04/22 00:00
13.12; 16.37; 18.18; 16.93; 17.12; 2020/04/22 00:30
12.06; 16.37; 18.18; 16.93; 17.12; 2020/04/22 01:00
11.56; 16.37; 18.12; 16.93; 17.06; 2020/04/22 01:30
11.18; 16.31; 18.12; 16.87; 17.06; 2020/04/22 02:00
10.62; 16.25; 18.06; 16.87; 17.00; 2020/04/22 02:30
10.43; 16.25; 18.06; 16.87; 16.93; 2020/04/22 03:00
9.93; 16.18; 18.06; 16.81; 16.87; 2020/04/22 03:30
9.81; 16.18; 18.00; 16.81; 16.81; 2020/04/22 04:00
9.31; 16.12; 18.00; 16.75; 16.81; 2020/04/22 04:30
8.93; 16.06; 17.93; 16.68; 16.68; 2020/04/22 05:00
8.93; 16.06; 17.93; 16.68; 16.75; 2020/04/22 05:30
8.43; 16.06; 17.87; 16.62; 16.68; 2020/04/22 06:00
8.18; 16.00; 17.87; 16.56; 16.68; 2020/04/22 06:30
8.12; 16.00; 17.81; 16.50; 16.62; 2020/04/22 07:00
8.06; 15.93; 17.81; 16.50; 16.62; 2020/04/22 07:30
8.37; 15.93; 17.75; 16.43; 16.56; 2020/04/22 08:00
10.25; 15.93; 17.75; 16.43; 16.50; 2020/04/22 08:30
11.62; 15.93; 17.75; 16.37; 16.50; 2020/04/22 09:00
12.37; 16.00; 17.81; 16.37; 16.50; 2020/04/22 09:30
13.06; 16.00; 17.81; 16.37; 16.50; 2020/04/22 10:00
14.00; 16.06; 17.81; 16.37; 16.62; 2020/04/22 10:30
14.87; 16.06; 17.87; 16.37; 16.75; 2020/04/22 11:00
15.75; 16.12; 18.00; 16.37; 16.87; 2020/04/22 11:30
16.68; 16.12; 18.06; 16.43; 17.00; 2020/04/22 12:00
17.50; 16.18; 18.12; 16.50; 17.12; 2020/04/22 12:30
18.68; 16.25; 18.18; 16.56; 17.18; 2020/04/22 13:00
19.18; 16.37; 18.18; 16.68; 17.31; 2020/04/22 13:30
20.25; 16.50; 18.25; 16.81; 17.43; 2020/04/22 14:00
20.25; 16.56; 18.31; 16.87; 17.43; 2020/04/22 14:30
20.62; 16.62; 18.43; 16.93; 17.50; 2020/04/22 15:00
21.18; 16.68; 18.62; 16.93; 17.56; 2020/04/22 15:30
21.37; 16.75; 18.93; 17.00; 17.50; 2020/04/22 16:00
21.81; 16.81; 19.25; 17.00; 17.56; 2020/04/22 16:30
21.81; 16.87; 19.50; 17.12; 17.50; 2020/04/22 17:00
21.87; 16.87; 19.62; 17.18; 17.50; 2020/04/22 17:30
21.75; 16.93; 19.68; 17.25; 17.50; 2020/04/22 18:00
21.56; 17.00; 19.81; 17.25; 17.56; 2020/04/22 18:30
21.25; 17.06; 19.37; 17.25; 17.56; 2020/04/22 19:00
20.12; 17.00; 19.00; 17.18; 17.56; 2020/04/22 19:30
19.31; 16.93; 18.87; 17.18; 17.56; 2020/04/22 20:00
18.56; 16.87; 18.81; 17.18; 17.62; 2020/04/22 20:30
18.00; 16.81; 18.75; 17.25; 17.56; 2020/04/22 21:00
17.37; 16.81; 18.68; 17.25; 17.56; 2020/04/22 21:30
16.75; 16.81; 18.68; 17.25; 17.56; 2020/04/22 22:00
15.93; 16.81; 18.62; 17.25; 17.56; 2020/04/22 22:30
15.00; 16.75; 18.62; 17.31; 17.56; 2020/04/22 23:00
14.50; 16.75; 18.62; 17.31; 17.56; 2020/04/22 23:30
13.75; 16.75; 18.62; 17.31; 17.56; 2020/04/23 00:00
13.25; 16.68; 18.56; 17.31; 17.56; 2020/04/23 00:30
12.43; 16.68; 18.56; 17.25; 17.50; 2020/04/23 01:00
11.93; 16.68; 18.56; 17.25; 17.50; 2020/04/23 01:30
11.62; 16.62; 18.56; 17.25; 17.43; 2020/04/23 02:00
11.12; 16.62; 18.50; 17.18; 17.37; 2020/04/23 02:30
10.50; 16.56; 18.50; 17.18; 17.37; 2020/04/23 03:00
10.25; 16.50; 18.43; 17.18; 17.31; 2020/04/23 03:30
9.56; 16.43; 18.43; 17.12; 17.25; 2020/04/23 04:00
9.43; 16.43; 18.37; 17.06; 17.18; 2020/04/23 04:30
9.00; 16.37; 18.37; 17.00; 17.12; 2020/04/23 05:00
8.56; 16.37; 18.37; 17.00; 17.06; 2020/04/23 05:30
8.37; 16.31; 18.31; 16.93; 17.06; 2020/04/23 06:00
7.93; 16.31; 18.25; 16.87; 17.00; 2020/04/23 06:30
7.68; 16.25; 18.25; 16.87; 17.00; 2020/04/23 07:00
7.68; 16.25; 18.18; 16.81; 16.93; 2020/04/23 07:30
8.00; 16.18; 18.18; 16.75; 16.87; 2020/04/23 08:00
8.81; 16.18; 18.18; 16.75; 16.87; 2020/04/23 08:30
9.81; 16.18; 18.18; 16.68; 16.81; 2020/04/23 09:00
11.50; 16.18; 18.25; 16.62; 16.81; 2020/04/23 09:30
13.50; 16.25; 18.25; 16.68; 16.87; 2020/04/23 10:00
15.37; 16.25; 18.31; 16.62; 17.00; 2020/04/23 10:30
16.62; 16.31; 18.37; 16.62; 17.12; 2020/04/23 11:00
17.62; 16.37; 18.43; 16.68; 17.25; 2020/04/23 11:30
18.37; 16.43; 18.43; 16.68; 17.37; 2020/04/23 12:00
19.25; 16.50; 18.50; 16.81; 17.50; 2020/04/23 12:30
19.56; 16.62; 18.56; 16.87; 17.62; 2020/04/23 13:00
20.12; 16.68; 18.56; 17.00; 17.68; 2020/04/23 13:30
20.93; 16.81; 18.62; 17.12; 17.81; 2020/04/23 14:00
21.43; 16.93; 18.68; 17.18; 17.87; 2020/04/23 14:30
21.37; 17.00; 18.75; 17.25; 18.00; 2020/04/23 15:00
22.12; 17.06; 19.06; 17.25; 18.00; 2020/04/23 15:30
22.31; 17.18; 19.37; 17.31; 18.00; 2020/04/23 16:00
22.68; 17.12; 19.68; 17.37; 18.00; 2020/04/23 16:30
22.62; 17.25; 19.93; 17.50; 18.00; 2020/04/23 17:00
23.06; 17.25; 20.06; 17.56; 18.00; 2020/04/23 17:30
23.18; 17.31; 20.12; 17.56; 18.00; 2020/04/23 18:00
22.50; 17.31; 20.12; 17.56; 18.06; 2020/04/23 18:30
22.31; 17.37; 19.75; 17.62; 18.06; 2020/04/23 19:00
20.93; 17.31; 19.43; 17.62; 18.06; 2020/04/23 19:30
20.25; 17.25; 19.31; 17.62; 18.12; 2020/04/23 20:00
19.68; 17.25; 19.25; 17.62; 18.12; 2020/04/23 20:30
18.93; 17.25; 19.25; 17.68; 18.12; 2020/04/23 21:00
17.93; 17.25; 19.18; 17.68; 18.12; 2020/04/23 21:30
16.87; 17.25; 19.18; 17.75; 18.12; 2020/04/23 22:00
15.93; 17.18; 19.18; 17.75; 18.12; 2020/04/23 22:30
15.18; 17.18; 19.12; 17.75; 18.18; 2020/04/23 23:00
14.25; 17.12; 19.12; 17.75; 18.12; 2020/04/23 23:30
13.75; 17.12; 19.12; 17.75; 18.12; 2020/04/24 00:00
13.12; 17.12; 19.12; 17.75; 18.12; 2020/04/24 00:30
12.43; 17.06; 19.12; 17.68; 18.12; 2020/04/24 01:00
12.06; 17.06; 19.12; 17.68; 18.06; 2020/04/24 01:30
11.62; 17.00; 19.12; 17.68; 18.00; 2020/04/24 02:00
11.25; 17.00; 19.06; 17.68; 18.00; 2020/04/24 02:30
10.93; 16.93; 19.06; 17.62; 17.93; 2020/04/24 03:00
10.37; 16.93; 19.06; 17.62; 17.87; 2020/04/24 03:30
10.37; 16.87; 19.06; 17.56; 17.81; 2020/04/24 04:00
9.93; 16.81; 19.00; 17.56; 17.75; 2020/04/24 04:30
9.75; 16.81; 19.00; 17.50; 17.68; 2020/04/24 05:00
9.75; 16.75; 18.93; 17.50; 17.62; 2020/04/24 05:30
9.68; 16.75; 18.93; 17.43; 17.62; 2020/04/24 06:00
9.37; 16.68; 18.87; 17.37; 17.56; 2020/04/24 06:30
9.37; 16.68; 18.81; 17.31; 17.50; 2020/04/24 07:00
9.56; 16.62; 18.81; 17.31; 17.43; 2020/04/24 07:30
9.25; 16.62; 18.81; 17.25; 17.43; 2020/04/24 08:00
9.87; 16.62; 18.81; 17.18; 17.37; 2020/04/24 08:30
11.25; 16.62; 18.81; 17.18; 17.37; 2020/04/24 09:00
13.06; 16.62; 18.87; 17.12; 17.37; 2020/04/24 09:30
14.43; 16.68; 18.87; 17.12; 17.43; 2020/04/24 10:00
15.18; 16.68; 18.93; 17.12; 17.50; 2020/04/24 10:30
15.68; 16.75; 18.87; 17.12; 17.56; 2020/04/24 11:00
16.31; 16.75; 18.87; 17.12; 17.62; 2020/04/24 11:30
17.25; 16.81; 19.00; 17.12; 17.68; 2020/04/24 12:00
17.87; 16.87; 19.06; 17.25; 17.81; 2020/04/24 12:30
18.62; 16.93; 19.12; 17.31; 17.93; 2020/04/24 13:00
19.18; 17.12; 19.18; 17.43; 18.06; 2020/04/24 13:30
19.81; 17.18; 19.25; 17.50; 18.12; 2020/04/24 14:00
20.12; 17.25; 19.31; 17.62; 18.18; 2020/04/24 14:30
19.93; 17.31; 19.31; 17.62; 18.25; 2020/04/24 15:00
20.56; 17.37; 19.56; 17.68; 18.25; 2020/04/24 15:30
20.62; 17.43; 19.81; 17.75; 18.25; 2020/04/24 16:00
20.81; 17.43; 20.12; 17.75; 18.25; 2020/04/24 16:30
21.00; 17.43; 20.31; 17.81; 18.25; 2020/04/24 17:00
20.93; 17.50; 20.43; 17.81; 18.25; 2020/04/24 17:30
21.12; 17.56; 20.43; 17.81; 18.25; 2020/04/24 18:00
20.75; 17.62; 20.50; 17.87; 18.25; 2020/04/24 18:30
19.93; 17.56; 20.06; 17.87; 18.25; 2020/04/24 19:00
19.25; 17.56; 19.87; 17.81; 18.31; 2020/04/24 19:30
18.75; 17.50; 19.68; 17.87; 18.31; 2020/04/24 20:00
17.62; 17.43; 19.62; 17.87; 18.31; 2020/04/24 20:30
17.00; 17.37; 19.56; 17.87; 18.25; 2020/04/24 21:00
15.87; 17.37; 19.50; 17.87; 18.25; 2020/04/24 21:30
15.75; 17.37; 19.50; 17.93; 18.25; 2020/04/24 22:00
15.62; 17.37; 19.50; 17.93; 18.25; 2020/04/24 22:30
15.12; 17.37; 19.43; 17.93; 18.25; 2020/04/24 23:00
14.56; 17.37; 19.43; 17.93; 18.25; 2020/04/24 23:30
14.06; 17.31; 19.43; 17.93; 18.18; 2020/04/25 00:00
13.56; 17.31; 19.37; 17.87; 18.18; 2020/04/25 00:30
12.81; 17.31; 19.37; 17.87; 18.12; 2020/04/25 01:00
12.43; 17.25; 19.37; 17.87; 18.12; 2020/04/25 01:30
12.25; 17.25; 19.31; 17.87; 18.06; 2020/04/25 02:00
11.62; 17.18; 19.25; 17.87; 18.00; 2020/04/25 02:30
11.43; 17.18; 19.25; 17.81; 18.00; 2020/04/25 03:00
11.00; 17.12; 19.18; 17.75; 17.93; 2020/04/25 03:30
10.93; 17.12; 19.18; 17.75; 17.87; 2020/04/25 04:00
11.00; 17.06; 19.18; 17.68; 17.81; 2020/04/25 04:30
10.81; 17.06; 19.12; 17.68; 17.81; 2020/04/25 05:00
11.00; 17.06; 19.12; 17.62; 17.81; 2020/04/25 05:30
11.00; 17.00; 19.06; 17.56; 17.75; 2020/04/25 06:00
10.75; 17.00; 19.06; 17.56; 17.75; 2020/04/25 06:30
11.06; 17.00; 19.00; 17.56; 17.68; 2020/04/25 07:00
10.93; 16.93; 19.00; 17.50; 17.68; 2020/04/25 07:30
10.93; 16.93; 18.93; 17.43; 17.62; 2020/04/25 08:00
10.87; 16.93; 18.93; 17.43; 17.62; 2020/04/25 08:30
11.18; 16.93; 18.87; 17.37; 17.62; 2020/04/25 09:00
11.25; 16.93; 18.87; 17.37; 17.56; 2020/04/25 09:30
11.50; 16.93; 18.81; 17.37; 17.56; 2020/04/25 10:00
11.50; 16.93; 18.81; 17.31; 17.56; 2020/04/25 10:30
11.50; 16.93; 18.87; 17.31; 17.50; 2020/04/25 11:00
12.25; 16.93; 18.87; 17.31; 17.50; 2020/04/25 11:30
13.37; 16.93; 19.12; 17.31; 17.56; 2020/04/25 12:00
13.37; 17.00; 19.06; 17.31; 17.68; 2020/04/25 12:30
14.50; 17.06; 19.18; 17.43; 17.81; 2020/04/25 13:00
14.87; 17.18; 19.18; 17.50; 17.93; 2020/04/25 13:30
15.31; 17.18; 19.18; 17.62; 18.00; 2020/04/25 14:00
15.18; 17.25; 19.18; 17.62; 18.06; 2020/04/25 14:30
16.12; 17.25; 19.25; 17.68; 18.06; 2020/04/25 15:00
16.62; 17.31; 19.50; 17.68; 18.06; 2020/04/25 15:30
16.75; 17.31; 19.75; 17.75; 18.06; 2020/04/25 16:00
17.00; 17.37; 20.12; 17.81; 18.06; 2020/04/25 16:30
17.18; 17.37; 20.25; 17.81; 18.00; 2020/04/25 17:00
17.43; 17.43; 20.37; 17.81; 18.00; 2020/04/25 17:30
17.93; 17.50; 20.50; 17.81; 17.93; 2020/04/25 18:00
17.62; 17.56; 20.06; 17.87; 17.93; 2020/04/25 18:30
17.18; 17.50; 20.06; 17.87; 17.93; 2020/04/25 19:00
16.25; 17.43; 19.75; 17.81; 17.93; 2020/04/25 19:30
15.62; 17.37; 19.62; 17.81; 17.87; 2020/04/25 20:00
14.93; 17.31; 19.50; 17.81; 17.87; 2020/04/25 20:30
14.56; 17.31; 19.43; 17.81; 17.87; 2020/04/25 21:00
13.75; 17.31; 19.37; 17.81; 17.81; 2020/04/25 21:30
13.06; 17.25; 19.31; 17.81; 17.81; 2020/04/25 22:00
11.87; 17.25; 19.31; 17.81; 17.75; 2020/04/25 22:30
11.56; 17.18; 19.25; 17.81; 17.75; 2020/04/25 23:00
10.93; 17.18; 19.18; 17.81; 17.75; 2020/04/25 23:30
10.25; 17.12; 19.18; 17.75; 17.68; 2020/04/26 00:00
9.75; 17.12; 19.12; 17.75; 17.68; 2020/04/26 00:30
9.18; 17.06; 19.12; 17.68; 17.62; 2020/04/26 01:00
9.12; 17.00; 19.06; 17.68; 17.62; 2020/04/26 01:30
8.87; 17.00; 19.00; 17.62; 17.56; 2020/04/26 02:00
8.31; 16.93; 19.00; 17.62; 17.56; 2020/04/26 02:30
8.12; 16.87; 18.93; 17.50; 17.50; 2020/04/26 03:00
7.62; 16.87; 18.87; 17.50; 17.50; 2020/04/26 03:30
7.50; 16.87; 18.87; 17.43; 17.43; 2020/04/26 04:00
7.18; 16.81; 18.81; 17.37; 17.37; 2020/04/26 04:30
6.81; 16.81; 18.75; 17.37; 17.37; 2020/04/26 05:00
6.68; 16.75; 18.75; 17.31; 17.31; 2020/04/26 05:30
6.68; 16.75; 18.68; 17.25; 17.25; 2020/04/26 06:00
6.25; 16.68; 18.62; 17.18; 17.18; 2020/04/26 06:30
6.18; 16.62; 18.56; 17.18; 17.12; 2020/04/26 07:00
6.18; 16.62; 18.50; 17.12; 17.06; 2020/04/26 07:30
6.75; 16.56; 18.50; 17.06; 17.00; 2020/04/26 08:00
7.56; 16.56; 18.50; 17.00; 17.00; 2020/04/26 08:30
8.81; 16.56; 18.50; 17.00; 16.93; 2020/04/26 09:00
10.31; 16.56; 18.50; 17.00; 16.93; 2020/04/26 09:30
11.37; 16.62; 18.50; 16.93; 17.00; 2020/04/26 10:00
12.81; 16.62; 18.56; 17.00; 17.06; 2020/04/26 10:30
14.00; 16.68; 18.56; 17.00; 17.18; 2020/04/26 11:00
14.75; 16.68; 18.62; 17.00; 17.25; 2020/04/26 11:30
15.25; 16.75; 18.62; 17.00; 17.37; 2020/04/26 12:00
16.00; 16.75; 18.68; 17.06; 17.50; 2020/04/26 12:30
16.37; 16.81; 18.68; 17.12; 17.56; 2020/04/26 13:00
16.93; 16.87; 18.62; 17.18; 17.68; 2020/04/26 13:30
16.68; 16.93; 18.56; 17.18; 17.62; 2020/04/26 14:00
17.62; 17.00; 18.75; 17.25; 17.75; 2020/04/26 14:30
18.62; 17.06; 18.81; 17.31; 17.81; 2020/04/26 15:00
18.81; 17.06; 19.06; 17.31; 17.87; 2020/04/26 15:30
18.81; 17.12; 19.31; 17.43; 17.87; 2020/04/26 16:00
19.00; 17.12; 19.62; 17.43; 17.81; 2020/04/26 16:30
19.56; 17.18; 19.81; 17.56; 17.81; 2020/04/26 17:00
19.56; 17.18; 19.93; 17.56; 17.81; 2020/04/26 17:30
19.87; 17.25; 20.00; 17.62; 17.75; 2020/04/26 18:00
19.50; 17.31; 20.06; 17.68; 17.75; 2020/04/26 18:30
19.12; 17.31; 19.62; 17.68; 17.75; 2020/04/26 19:00
18.00; 17.25; 19.37; 17.56; 17.75; 2020/04/26 19:30
17.37; 17.18; 19.18; 17.56; 17.75; 2020/04/26 20:00
16.62; 17.12; 19.12; 17.50; 17.75; 2020/04/26 20:30
15.75; 17.12; 19.06; 17.50; 17.75; 2020/04/26 21:00
15.06; 17.12; 19.00; 17.50; 17.68; 2020/04/26 21:30
14.25; 17.06; 18.93; 17.56; 17.68; 2020/04/26 22:00
13.56; 17.06; 18.93; 17.56; 17.68; 2020/04/26 22:30
12.75; 17.00; 18.87; 17.56; 17.62; 2020/04/26 23:00
12.18; 17.00; 18.87; 17.56; 17.62; 2020/04/26 23:30
11.37; 16.93; 18.81; 17.56; 17.62; 2020/04/27 00:00
11.06; 16.93; 18.81; 17.56; 17.56; 2020/04/27 00:30
10.50; 16.87; 18.75; 17.50; 17.56; 2020/04/27 01:00
10.12; 16.87; 18.75; 17.43; 17.56; 2020/04/27 01:30
9.62; 16.81; 18.75; 17.43; 17.50; 2020/04/27 02:00
9.37; 16.81; 18.68; 17.43; 17.50; 2020/04/27 02:30
9.12; 16.75; 18.68; 17.37; 17.43; 2020/04/27 03:00
8.43; 16.75; 18.62; 17.31; 17.43; 2020/04/27 03:30
8.37; 16.68; 18.62; 17.25; 17.37; 2020/04/27 04:00
8.00; 16.68; 18.56; 17.25; 17.31; 2020/04/27 04:30
7.81; 16.62; 18.50; 17.18; 17.31; 2020/04/27 05:00
7.50; 16.62; 18.50; 17.12; 17.25; 2020/04/27 05:30
7.31; 16.56; 18.43; 17.12; 17.18; 2020/04/27 06:00
7.00; 16.50; 18.43; 17.06; 17.12; 2020/04/27 06:30
7.00; 16.50; 18.37; 17.00; 17.06; 2020/04/27 07:00
6.93; 16.50; 18.31; 17.00; 17.06; 2020/04/27 07:30
7.43; 16.43; 18.31; 16.93; 17.00; 2020/04/27 08:00
8.50; 16.43; 18.31; 16.87; 17.00; 2020/04/27 08:30
9.62; 16.43; 18.31; 16.87; 16.93; 2020/04/27 09:00
11.37; 16.43; 18.37; 16.87; 16.93; 2020/04/27 09:30
13.12; 16.43; 18.37; 16.81; 17.00; 2020/04/27 10:00
14.81; 16.50; 18.43; 16.81; 17.06; 2020/04/27 10:30
15.87; 16.50; 18.50; 16.87; 17.18; 2020/04/27 11:00
16.68; 16.56; 18.50; 16.87; 17.31; 2020/04/27 11:30
16.87; 16.62; 18.56; 16.87; 17.37; 2020/04/27 12:00
17.75; 16.62; 18.62; 16.93; 17.50; 2020/04/27 12:30
18.18; 16.75; 18.62; 17.00; 17.56; 2020/04/27 13:00
18.43; 16.81; 18.62; 17.12; 17.68; 2020/04/27 13:30
19.00; 16.87; 18.68; 17.18; 17.75; 2020/04/27 14:00
19.25; 17.00; 18.68; 17.25; 17.81; 2020/04/27 14:30
19.81; 17.00; 18.75; 17.18; 17.87; 2020/04/27 15:00
20.18; 17.12; 19.00; 17.31; 17.87; 2020/04/27 15:30
20.62; 17.12; 19.25; 17.37; 17.87; 2020/04/27 16:00
20.87; 17.18; 19.50; 17.37; 17.87; 2020/04/27 16:30
21.00; 17.25; 19.75; 17.43; 17.87; 2020/04/27 17:00
21.50; 17.31; 19.87; 17.43; 17.81; 2020/04/27 17:30
21.56; 17.37; 19.93; 17.56; 17.87; 2020/04/27 18:00
21.62; 17.37; 19.93; 17.56; 17.87; 2020/04/27 18:30
21.12; 17.37; 19.56; 17.62; 17.87; 2020/04/27 19:00
20.12; 17.31; 19.31; 17.56; 17.93; 2020/04/27 19:30
19.31; 17.25; 19.18; 17.56; 17.93; 2020/04/27 20:00
18.31; 17.25; 19.12; 17.56; 17.93; 2020/04/27 20:30
17.62; 17.18; 19.06; 17.56; 17.93; 2020/04/27 21:00
16.68; 17.18; 19.00; 17.56; 17.93; 2020/04/27 21:30
15.87; 17.12; 19.00; 17.56; 17.93; 2020/04/27 22:00
15.12; 17.12; 18.93; 17.62; 17.93; 2020/04/27 22:30
14.56; 17.12; 18.93; 17.62; 17.93; 2020/04/27 23:00
13.87; 17.12; 18.93; 17.62; 17.93; 2020/04/27 23:30
13.31; 17.12; 18.87; 17.62; 17.87; 2020/04/28 00:00
13.06; 17.06; 18.87; 17.62; 17.87; 2020/04/28 00:30
12.56; 17.06; 18.87; 17.62; 17.87; 2020/04/28 01:00
12.31; 17.06; 18.87; 17.62; 17.81; 2020/04/28 01:30
11.81; 17.00; 18.81; 17.62; 17.81; 2020/04/28 02:00
11.37; 17.00; 18.81; 17.56; 17.75; 2020/04/28 02:30
11.25; 16.93; 18.81; 17.56; 17.75; 2020/04/28 03:00
10.93; 16.93; 18.75; 17.50; 17.68; 2020/04/28 03:30
10.62; 16.87; 18.75; 17.50; 17.62; 2020/04/28 04:00
10.43; 16.87; 18.75; 17.50; 17.62; 2020/04/28 04:30
10.18; 16.87; 18.68; 17.43; 17.56; 2020/04/28 05:00
9.75; 16.81; 18.68; 17.43; 17.50; 2020/04/28 05:30
9.68; 16.81; 18.62; 17.37; 17.50; 2020/04/28 06:00
9.50; 16.81; 18.62; 17.31; 17.50; 2020/04/28 06:30
9.43; 16.75; 18.56; 17.31; 17.43; 2020/04/28 07:00
9.75; 16.75; 18.56; 17.25; 17.37; 2020/04/28 07:30
10.12; 16.75; 18.50; 17.25; 17.37; 2020/04/28 08:00
10.68; 16.68; 18.56; 17.18; 17.31; 2020/04/28 08:30
13.06; 16.68; 18.50; 17.18; 17.31; 2020/04/28 09:00
13.12; 16.75; 18.56; 17.18; 17.31; 2020/04/28 09:30
13.81; 16.75; 18.50; 17.12; 17.31; 2020/04/28 10:00
15.18; 16.81; 18.62; 17.12; 17.31; 2020/04/28 10:30
17.56; 16.81; 18.75; 17.12; 17.43; 2020/04/28 11:00
17.50; 16.87; 18.68; 17.18; 17.50; 2020/04/28 11:30
17.31; 16.87; 18.56; 17.18; 17.50; 2020/04/28 12:00
17.31; 16.87; 18.50; 17.18; 17.43; 2020/04/28 12:30
17.00; 16.87; 18.50; 17.18; 17.43; 2020/04/28 13:00
17.87; 16.93; 18.62; 17.25; 17.50; 2020/04/28 13:30
18.68; 17.06; 18.75; 17.31; 17.62; 2020/04/28 14:00
18.93; 17.06; 18.62; 17.31; 17.62; 2020/04/28 14:30
18.18; 17.06; 18.50; 17.31; 17.56; 2020/04/28 15:00
18.12; 17.00; 18.50; 17.31; 17.56; 2020/04/28 15:30
17.81; 17.00; 18.43; 17.25; 17.56; 2020/04/28 16:00
16.75; 17.00; 18.37; 17.25; 17.56; 2020/04/28 16:30
15.75; 17.00; 18.37; 17.31; 17.56; 2020/04/28 17:00
15.43; 17.00; 18.37; 17.25; 17.56; 2020/04/28 17:30
15.37; 16.93; 18.37; 17.25; 17.56; 2020/04/28 18:00
15.37; 16.93; 18.37; 17.25; 17.56; 2020/04/28 18:30
15.31; 16.93; 18.37; 17.25; 17.56; 2020/04/28 19:00
15.06; 16.93; 18.31; 17.25; 17.56; 2020/04/28 19:30
15.18; 16.93; 18.31; 17.31; 17.56; 2020/04/28 20:00
14.81; 16.93; 18.31; 17.31; 17.56; 2020/04/28 20:30
14.43; 16.93; 18.31; 17.31; 17.56; 2020/04/28 21:00
14.50; 16.93; 18.25; 17.31; 17.62; 2020/04/28 21:30
14.12; 16.93; 18.25; 17.31; 17.62; 2020/04/28 22:00
13.87; 16.93; 18.25; 17.31; 17.62; 2020/04/28 22:30
13.56; 16.87; 18.25; 17.25; 17.56; 2020/04/28 23:00
13.37; 16.87; 18.25; 17.25; 17.56; 2020/04/28 23:30
13.56; 16.87; 18.18; 17.25; 17.56; 2020/04/29 00:00
13.25; 16.87; 18.18; 17.25; 17.56; 2020/04/29 00:30
13.00; 16.87; 18.18; 17.25; 17.50; 2020/04/29 01:00
12.93; 16.87; 18.18; 17.25; 17.50; 2020/04/29 01:30
12.68; 16.87; 18.12; 17.18; 17.50; 2020/04/29 02:00
13.06; 16.81; 18.12; 17.18; 17.50; 2020/04/29 02:30
13.18; 16.81; 18.12; 17.18; 17.50; 2020/04/29 03:00
13.31; 16.81; 18.12; 17.18; 17.50; 2020/04/29 03:30
13.18; 16.81; 18.06; 17.12; 17.43; 2020/04/29 04:00
13.12; 16.81; 18.06; 17.12; 17.43; 2020/04/29 04:30
13.18; 16.81; 18.06; 17.12; 17.43; 2020/04/29 05:00
12.93; 16.81; 18.00; 17.12; 17.43; 2020/04/29 05:30
12.81; 16.75; 18.00; 17.12; 17.37; 2020/04/29 06:00
12.68; 16.75; 18.00; 17.06; 17.37; 2020/04/29 06:30
13.00; 16.75; 17.93; 17.06; 17.37; 2020/04/29 07:00
12.93; 16.75; 17.93; 17.06; 17.37; 2020/04/29 07:30
12.75; 16.75; 17.93; 17.06; 17.37; 2020/04/29 08:00
12.75; 16.75; 17.93; 17.00; 17.31; 2020/04/29 08:30
12.81; 16.75; 17.87; 17.00; 17.31; 2020/04/29 09:00
12.75; 16.75; 17.87; 17.00; 17.31; 2020/04/29 09:30
13.25; 16.75; 17.87; 17.00; 17.31; 2020/04/29 10:00
13.25; 16.68; 17.87; 17.00; 17.31; 2020/04/29 10:30
13.75; 16.75; 17.93; 17.00; 17.31; 2020/04/29 11:00
13.81; 16.68; 17.93; 17.00; 17.31; 2020/04/29 11:30
13.25; 16.75; 17.93; 17.00; 17.25; 2020/04/29 12:00
13.62; 16.75; 17.93; 17.00; 17.31; 2020/04/29 12:30
13.87; 16.75; 17.93; 17.00; 17.31; 2020/04/29 13:00
14.43; 16.75; 17.93; 17.00; 17.31; 2020/04/29 13:30
14.31; 16.75; 17.93; 17.00; 17.31; 2020/04/29 14:00
15.06; 16.81; 18.12; 17.06; 17.37; 2020/04/29 14:30
14.93; 16.75; 17.93; 17.00; 17.37; 2020/04/29 15:00
16.00; 16.75; 18.00; 17.06; 17.31; 2020/04/29 15:30
15.93; 16.81; 18.00; 17.00; 17.31; 2020/04/29 16:00
16.93; 16.81; 18.37; 17.06; 17.37; 2020/04/29 16:30
16.50; 16.87; 18.25; 17.12; 17.37; 2020/04/29 17:00
16.25; 16.87; 18.06; 17.06; 17.37; 2020/04/29 17:30
17.06; 16.87; 18.31; 17.12; 17.31; 2020/04/29 18:00
16.37; 16.87; 18.25; 17.12; 17.37; 2020/04/29 18:30
16.87; 16.87; 18.12; 17.18; 17.31; 2020/04/29 19:00
16.37; 16.87; 18.06; 17.12; 17.31; 2020/04/29 19:30
16.06; 16.87; 18.00; 17.12; 17.31; 2020/04/29 20:00
15.81; 16.81; 17.93; 17.06; 17.31; 2020/04/29 20:30
15.37; 16.81; 17.87; 17.06; 17.31; 2020/04/29 21:00
15.37; 16.81; 17.87; 17.06; 17.31; 2020/04/29 21:30
15.06; 16.81; 17.81; 17.06; 17.31; 2020/04/29 22:00
14.75; 16.81; 17.81; 17.06; 17.31; 2020/04/29 22:30
14.50; 16.75; 17.75; 17.06; 17.31; 2020/04/29 23:00
14.50; 16.75; 17.75; 17.06; 17.25; 2020/04/29 23:30
14.12; 16.75; 17.75; 17.06; 17.25; 2020/04/30 00:00
13.81; 16.75; 17.75; 17.06; 17.25; 2020/04/30 00:30
13.43; 16.75; 17.68; 17.06; 17.25; 2020/04/30 01:00
13.31; 16.68; 17.68; 17.00; 17.25; 2020/04/30 01:30
13.12; 16.68; 17.68; 17.00; 17.25; 2020/04/30 02:00
12.12; 16.68; 17.68; 17.00; 17.25; 2020/04/30 02:30
11.68; 16.68; 17.62; 17.00; 17.18; 2020/04/30 03:00
12.00; 16.62; 17.62; 17.00; 17.18; 2020/04/30 03:30
11.68; 16.62; 17.62; 17.00; 17.18; 2020/04/30 04:00
11.81; 16.62; 17.56; 16.93; 17.12; 2020/04/30 04:30
11.50; 16.62; 17.56; 16.93; 17.12; 2020/04/30 05:00
11.31; 16.56; 17.56; 16.93; 17.12; 2020/04/30 05:30
11.62; 16.56; 17.50; 16.87; 17.06; 2020/04/30 06:00
11.68; 16.56; 17.50; 16.87; 17.06; 2020/04/30 06:30
11.75; 16.56; 17.50; 16.87; 17.06; 2020/04/30 07:00
11.50; 16.56; 17.43; 16.87; 17.00; 2020/04/30 07:30
11.50; 16.50; 17.43; 16.81; 17.00; 2020/04/30 08:00
11.56; 16.50; 17.43; 16.81; 17.00; 2020/04/30 08:30
11.75; 16.50; 17.43; 16.81; 17.00; 2020/04/30 09:00
11.37; 16.50; 17.37; 16.81; 16.93; 2020/04/30 09:30
11.81; 16.50; 17.43; 16.81; 16.93; 2020/04/30 10:00
11.68; 16.50; 17.43; 16.75; 16.93; 2020/04/30 10:30
12.25; 16.50; 17.56; 16.75; 16.93; 2020/04/30 11:00
12.43; 16.50; 17.56; 16.75; 17.00; 2020/04/30 11:30
13.43; 16.56; 17.75; 16.75; 17.06; 2020/04/30 12:00
13.68; 16.50; 17.68; 16.81; 17.12; 2020/04/30 12:30
14.00; 16.56; 17.81; 16.87; 17.18; 2020/04/30 13:00
14.43; 16.62; 17.75; 16.87; 17.18; 2020/04/30 13:30
14.12; 16.62; 17.68; 16.87; 17.18; 2020/04/30 14:00
15.50; 16.62; 17.81; 16.87; 17.18; 2020/04/30 14:30
15.93; 16.68; 17.93; 16.93; 17.25; 2020/04/30 15:00
16.18; 16.75; 18.12; 17.00; 17.25; 2020/04/30 15:30
16.75; 16.75; 18.31; 17.00; 17.31; 2020/04/30 16:00
16.87; 16.75; 18.43; 17.06; 17.31; 2020/04/30 16:30
16.31; 16.75; 18.31; 17.06; 17.25; 2020/04/30 17:00
16.18; 16.75; 18.00; 17.00; 17.25; 2020/04/30 17:30
13.50; 16.68; 17.81; 17.00; 17.18; 2020/04/30 18:00
12.68; 16.62; 17.68; 16.93; 17.18; 2020/04/30 18:30
12.25; 16.62; 17.62; 16.93; 17.18; 2020/04/30 19:00
12.00; 16.56; 17.56; 16.93; 17.12; 2020/04/30 19:30
11.62; 16.56; 17.56; 16.93; 17.12; 2020/04/30 20:00
11.93; 16.56; 17.56; 16.93; 17.12; 2020/04/30 20:30
12.00; 16.56; 17.50; 16.93; 17.12; 2020/04/30 21:00
11.56; 16.50; 17.50; 16.93; 17.06; 2020/04/30 21:30
11.18; 16.50; 17.50; 16.93; 17.06; 2020/04/30 22:00
11.31; 16.50; 17.43; 16.93; 17.06; 2020/04/30 22:30
11.18; 16.43; 17.43; 16.93; 17.00; 2020/04/30 23:00
11.18; 16.43; 17.43; 16.87; 17.00; 2020/04/30 23:30
