1.06; 11.12; 6.81; 10.12; 12.93; 2020/01/01 00:00
.81; 11.00; 6.75; 10.00; 13.00; 2020/01/01 00:30
.87; 11.06; 6.81; 10.12; 13.00; 2020/01/01 01:00
.50; 10.93; 6.75; 10.00; 13.00; 2020/01/01 01:30
.31; 11.06; 6.75; 10.06; 13.00; 2020/01/01 02:00
.18; 10.93; 6.75; 10.00; 13.00; 2020/01/01 02:30
0; 11.06; 6.75; 10.00; 13.00; 2020/01/01 03:00
.06; 10.87; 6.68; 10.00; 13.00; 2020/01/01 03:30
-.25; 11.00; 6.68; 9.93; 13.00; 2020/01/01 04:00
-.50; 10.87; 6.68; 9.87; 13.06; 2020/01/01 04:30
-.43; 10.93; 6.68; 9.87; 13.06; 2020/01/01 05:00
-.75; 10.81; 6.62; 9.75; 13.06; 2020/01/01 05:30
-.75; 10.93; 6.62; 9.87; 13.06; 2020/01/01 06:00
-.81; 10.75; 6.62; 9.68; 13.06; 2020/01/01 06:30
-1.06; 10.87; 6.56; 9.81; 13.06; 2020/01/01 07:00
-1.37; 10.75; 6.56; 9.75; 13.06; 2020/01/01 07:30
-1.06; 10.87; 6.56; 9.68; 13.06; 2020/01/01 08:00
-1.18; 10.81; 6.50; 9.62; 13.06; 2020/01/01 08:30
-1.43; 10.75; 6.50; 9.68; 13.12; 2020/01/01 09:00
-1.25; 10.87; 6.50; 9.68; 13.12; 2020/01/01 09:30
-1.37; 10.68; 6.43; 9.56; 13.12; 2020/01/01 10:00
-.75; 10.87; 6.43; 9.62; 13.12; 2020/01/01 10:30
-.50; 10.75; 6.43; 9.56; 13.12; 2020/01/01 11:00
.68; 10.81; 6.37; 9.62; 13.12; 2020/01/01 11:30
2.00; 10.87; 6.43; 9.62; 13.06; 2020/01/01 12:00
3.43; 10.87; 6.43; 9.75; 13.12; 2020/01/01 12:30
4.12; 11.12; 6.50; 9.93; 13.12; 2020/01/01 13:00
5.00; 10.87; 6.50; 9.62; 13.18; 2020/01/01 13:30
5.25; 11.06; 6.43; 9.68; 13.12; 2020/01/01 14:00
5.31; 10.87; 6.43; 9.68; 13.18; 2020/01/01 14:30
5.25; 11.12; 6.37; 9.75; 13.12; 2020/01/01 15:00
5.06; 10.87; 6.37; 9.68; 13.18; 2020/01/01 15:30
85.00; 85.00; 85.00; 85.00; 85.00; 2020/01/01 17:30
1.75; 10.87; 6.37; 9.68; 12.87; 2020/01/01 18:00
1.37; 10.68; 6.37; 9.68; 13.12; 2020/01/01 18:30
1.18; 10.81; 6.37; 9.75; 13.12; 2020/01/01 19:00
.93; 10.75; 6.37; 9.75; 13.18; 2020/01/01 19:30
.93; 10.75; 6.37; 9.75; 13.18; 2020/01/01 20:00
.68; 10.81; 6.31; 9.75; 13.18; 2020/01/01 20:30
.43; 10.68; 6.31; 9.68; 13.18; 2020/01/01 21:00
.31; 10.87; 6.31; 9.75; 13.25; 2020/01/01 21:30
.06; 10.68; 6.31; 9.68; 13.25; 2020/01/01 22:00
.37; 10.75; 6.31; 9.68; 13.25; 2020/01/01 22:30
.87; 10.81; 6.31; 9.75; 13.25; 2020/01/01 23:00
1.31; 10.68; 6.31; 9.68; 13.25; 2020/01/01 23:30
.50; 10.81; 6.31; 9.75; 13.25; 2020/01/02 00:00
.37; 10.62; 6.25; 9.62; 13.25; 2020/01/02 00:30
.50; 10.81; 6.25; 9.62; 13.25; 2020/01/02 01:00
.18; 10.75; 6.25; 9.62; 13.25; 2020/01/02 01:30
-.12; 10.68; 6.25; 9.68; 13.31; 2020/01/02 02:00
0; 10.75; 6.18; 9.62; 13.25; 2020/01/02 02:30
-.06; 10.56; 6.18; 9.56; 13.31; 2020/01/02 03:00
-.43; 10.75; 6.18; 9.62; 13.31; 2020/01/02 03:30
.12; 10.56; 6.18; 9.50; 13.25; 2020/01/02 04:00
.62; 10.68; 6.18; 9.62; 13.31; 2020/01/02 04:30
.62; 10.68; 6.12; 9.56; 13.25; 2020/01/02 05:00
.50; 10.62; 6.12; 9.43; 13.25; 2020/01/02 05:30
.50; 10.75; 6.12; 9.50; 13.18; 2020/01/02 06:00
.87; 10.62; 6.12; 9.43; 13.25; 2020/01/02 06:30
.87; 10.68; 6.12; 9.56; 13.25; 2020/01/02 07:00
.50; 10.62; 6.12; 9.50; 13.18; 2020/01/02 07:30
.25; 10.56; 6.12; 9.43; 13.25; 2020/01/02 08:00
.25; 10.68; 6.06; 9.43; 13.18; 2020/01/02 08:30
.37; 10.62; 6.06; 9.31; 13.12; 2020/01/02 09:00
.25; 10.56; 6.00; 9.43; 13.12; 2020/01/02 09:30
.68; 10.68; 6.00; 9.43; 13.12; 2020/01/02 10:00
.93; 10.56; 6.00; 9.37; 13.18; 2020/01/02 10:30
1.31; 10.62; 6.00; 9.37; 13.18; 2020/01/02 11:00
1.25; 10.68; 6.00; 9.43; 13.12; 2020/01/02 11:30
1.81; 10.56; 6.00; 9.50; 13.18; 2020/01/02 12:00
1.93; 10.68; 6.00; 9.43; 13.18; 2020/01/02 12:30
2.06; 10.62; 5.93; 9.37; 13.18; 2020/01/02 13:00
2.56; 10.68; 5.93; 9.43; 13.25; 2020/01/02 13:30
3.00; 10.75; 5.93; 9.43; 13.18; 2020/01/02 14:00
3.31; 10.56; 5.93; 9.43; 13.18; 2020/01/02 14:30
3.50; 10.81; 5.93; 9.43; 13.18; 2020/01/02 15:00
3.62; 10.62; 5.93; 9.37; 13.18; 2020/01/02 15:30
3.75; 10.75; 5.93; 9.43; 13.25; 2020/01/02 16:00
3.81; 10.75; 5.93; 9.43; 13.18; 2020/01/02 16:30
3.93; 10.62; 5.93; 9.37; 13.25; 2020/01/02 17:00
3.93; 10.81; 5.93; 9.50; 13.18; 2020/01/02 17:30
4.00; 10.62; 5.93; 9.43; 13.25; 2020/01/02 18:00
4.18; 10.75; 5.93; 9.50; 13.18; 2020/01/02 18:30
4.18; 10.68; 5.93; 9.50; 13.18; 2020/01/02 19:00
4.25; 10.68; 5.93; 9.50; 13.18; 2020/01/02 19:30
4.50; 10.81; 5.93; 9.56; 13.12; 2020/01/02 20:00
4.50; 10.62; 5.93; 9.43; 13.12; 2020/01/02 20:30
4.50; 10.87; 5.93; 9.62; 13.12; 2020/01/02 21:00
4.43; 10.62; 5.93; 9.56; 13.18; 2020/01/02 21:30
4.50; 10.81; 5.93; 9.56; 13.18; 2020/01/02 22:00
4.43; 10.68; 5.93; 9.50; 13.12; 2020/01/02 22:30
4.37; 10.75; 5.93; 9.50; 13.18; 2020/01/02 23:00
4.56; 10.81; 5.93; 9.68; 13.06; 2020/01/02 23:30
4.81; 10.62; 6.00; 9.56; 13.12; 2020/01/03 00:00
4.87; 10.81; 5.93; 9.62; 13.12; 2020/01/03 00:30
5.00; 10.81; 6.00; 9.56; 13.06; 2020/01/03 01:00
5.12; 10.81; 6.00; 9.56; 13.12; 2020/01/03 01:30
5.62; 10.87; 6.00; 9.62; 12.87; 2020/01/03 02:00
5.50; 10.75; 6.00; 9.56; 13.12; 2020/01/03 02:30
5.62; 10.87; 6.00; 9.68; 13.12; 2020/01/03 03:00
5.75; 10.81; 6.00; 9.62; 13.06; 2020/01/03 03:30
5.87; 10.81; 6.00; 9.68; 13.06; 2020/01/03 04:00
6.00; 10.87; 6.06; 9.68; 13.06; 2020/01/03 04:30
6.18; 10.75; 6.06; 9.56; 13.06; 2020/01/03 05:00
6.18; 10.93; 6.06; 9.75; 13.00; 2020/01/03 05:30
6.25; 10.81; 6.12; 9.62; 13.00; 2020/01/03 06:00
6.25; 10.87; 6.12; 9.62; 13.06; 2020/01/03 06:30
6.56; 10.93; 6.12; 9.75; 13.00; 2020/01/03 07:00
6.68; 10.81; 6.12; 9.56; 13.00; 2020/01/03 07:30
6.68; 11.00; 6.12; 9.81; 13.00; 2020/01/03 08:00
6.81; 10.81; 6.18; 9.68; 13.00; 2020/01/03 08:30
6.56; 11.00; 6.18; 9.81; 13.00; 2020/01/03 09:00
6.43; 10.81; 6.18; 9.68; 13.00; 2020/01/03 09:30
6.50; 10.93; 6.18; 9.81; 13.00; 2020/01/03 10:00
6.87; 10.87; 6.18; 9.75; 12.93; 2020/01/03 10:30
7.06; 11.00; 6.25; 9.81; 13.00; 2020/01/03 11:00
6.75; 11.00; 6.25; 9.81; 12.87; 2020/01/03 11:30
6.81; 10.87; 6.25; 9.81; 12.93; 2020/01/03 12:00
7.25; 11.06; 6.31; 9.87; 12.81; 2020/01/03 12:30
7.68; 10.87; 6.31; 9.75; 12.75; 2020/01/03 13:00
7.75; 11.12; 6.31; 9.93; 12.81; 2020/01/03 13:30
7.93; 10.93; 6.37; 9.81; 12.81; 2020/01/03 14:00
7.81; 11.18; 6.37; 9.93; 12.87; 2020/01/03 14:30
8.00; 11.00; 6.37; 9.93; 12.68; 2020/01/03 15:00
8.06; 11.12; 6.43; 9.93; 12.81; 2020/01/03 15:30
8.18; 11.06; 6.43; 9.93; 12.81; 2020/01/03 16:00
8.25; 11.06; 6.43; 10.00; 12.87; 2020/01/03 16:30
8.31; 11.18; 6.50; 10.00; 12.75; 2020/01/03 17:00
8.37; 11.06; 6.50; 9.93; 12.68; 2020/01/03 17:30
8.43; 11.06; 9.31; 10.12; 12.68; 2020/01/03 18:00
8.43; 11.25; 17.06; 10.25; 12.87; 2020/01/03 18:30
8.62; 12.06; 17.18; 11.43; 13.25; 2020/01/03 19:00
8.25; 11.93; 16.75; 11.06; 13.00; 2020/01/03 19:30
7.12; 12.12; 12.68; 10.75; 12.93; 2020/01/03 20:00
6.68; 11.56; 11.18; 10.37; 12.68; 2020/01/03 20:30
6.50; 11.68; 10.31; 10.43; 12.75; 2020/01/03 21:00
6.43; 11.37; 9.87; 10.31; 12.62; 2020/01/03 21:30
6.25; 11.25; 9.37; 10.18; 12.62; 2020/01/03 22:00
6.00; 11.06; 9.06; 10.12; 12.56; 2020/01/03 22:30
6.00; 11.12; 8.81; 10.06; 12.62; 2020/01/03 23:00
5.87; 11.06; 8.62; 10.06; 12.62; 2020/01/03 23:30
5.31; 11.00; 8.50; 10.06; 12.62; 2020/01/04 00:00
5.00; 11.06; 8.37; 10.06; 12.62; 2020/01/04 00:30
4.87; 10.87; 8.31; 10.00; 12.68; 2020/01/04 01:00
4.37; 11.00; 8.18; 10.06; 12.68; 2020/01/04 01:30
3.93; 10.87; 8.12; 10.06; 12.68; 2020/01/04 02:00
4.12; 10.87; 8.06; 10.06; 12.68; 2020/01/04 02:30
3.93; 10.93; 8.00; 10.12; 12.75; 2020/01/04 03:00
4.00; 10.81; 7.93; 9.93; 12.68; 2020/01/04 03:30
3.87; 10.87; 7.93; 10.06; 12.68; 2020/01/04 04:00
3.81; 10.93; 7.87; 10.00; 12.68; 2020/01/04 04:30
3.93; 10.81; 7.87; 9.93; 12.68; 2020/01/04 05:00
4.00; 10.93; 7.81; 10.00; 12.75; 2020/01/04 05:30
4.00; 10.75; 7.81; 9.93; 12.75; 2020/01/04 06:00
4.18; 10.87; 7.81; 9.93; 12.68; 2020/01/04 06:30
4.37; 10.87; 7.75; 9.93; 12.68; 2020/01/04 07:00
4.43; 10.81; 7.75; 9.93; 12.68; 2020/01/04 07:30
4.43; 10.81; 7.75; 10.00; 12.68; 2020/01/04 08:00
4.56; 10.87; 7.75; 10.00; 12.68; 2020/01/04 08:30
4.62; 10.81; 7.68; 9.93; 12.68; 2020/01/04 09:00
4.68; 10.81; 7.68; 9.87; 12.68; 2020/01/04 09:30
4.68; 10.81; 7.68; 9.93; 12.68; 2020/01/04 10:00
4.81; 10.87; 7.68; 9.87; 12.68; 2020/01/04 10:30
4.93; 10.87; 7.68; 9.93; 12.68; 2020/01/04 11:00
5.06; 10.87; 7.62; 9.93; 12.75; 2020/01/04 11:30
5.18; 10.87; 7.62; 9.93; 12.68; 2020/01/04 12:00
5.43; 10.87; 7.62; 10.06; 12.68; 2020/01/04 12:30
5.68; 10.81; 7.62; 9.87; 12.62; 2020/01/04 13:00
5.81; 10.93; 7.62; 9.93; 12.68; 2020/01/04 13:30
5.87; 10.81; 7.62; 9.87; 12.68; 2020/01/04 14:00
5.93; 10.87; 7.62; 9.87; 12.75; 2020/01/04 14:30
6.00; 10.87; 7.62; 9.87; 12.75; 2020/01/04 15:00
6.06; 10.87; 7.56; 9.87; 12.75; 2020/01/04 15:30
6.37; 10.93; 7.56; 9.93; 12.68; 2020/01/04 16:00
6.25; 10.81; 7.56; 9.93; 12.75; 2020/01/04 16:30
6.18; 10.93; 7.56; 9.93; 12.75; 2020/01/04 17:00
6.25; 10.87; 7.56; 9.93; 12.68; 2020/01/04 17:30
6.18; 10.87; 7.56; 9.87; 12.75; 2020/01/04 18:00
6.06; 10.87; 7.56; 10.00; 12.68; 2020/01/04 18:30
6.12; 10.81; 7.56; 9.93; 12.75; 2020/01/04 19:00
6.12; 10.87; 7.56; 9.87; 12.75; 2020/01/04 19:30
6.12; 10.87; 7.56; 10.00; 12.68; 2020/01/04 20:00
6.12; 10.87; 7.56; 9.93; 12.75; 2020/01/04 20:30
6.12; 10.87; 7.56; 10.00; 12.75; 2020/01/04 21:00
6.18; 10.87; 7.56; 10.00; 12.75; 2020/01/04 21:30
6.18; 10.87; 7.56; 9.93; 12.75; 2020/01/04 22:00
6.25; 10.93; 7.56; 9.93; 12.75; 2020/01/04 22:30
6.12; 10.81; 7.56; 9.87; 12.81; 2020/01/04 23:00
6.12; 10.93; 7.56; 9.93; 12.75; 2020/01/04 23:30
6.12; 10.87; 7.56; 9.93; 12.75; 2020/01/05 00:00
6.12; 10.87; 7.56; 9.93; 12.75; 2020/01/05 00:30
6.12; 10.93; 7.56; 10.00; 12.75; 2020/01/05 01:00
6.06; 10.87; 7.56; 10.00; 12.81; 2020/01/05 01:30
6.06; 10.93; 7.56; 10.06; 12.75; 2020/01/05 02:00
6.06; 10.87; 7.56; 9.93; 12.81; 2020/01/05 02:30
6.00; 10.93; 7.56; 10.00; 12.75; 2020/01/05 03:00
5.81; 10.87; 7.56; 9.93; 12.75; 2020/01/05 03:30
5.75; 10.93; 7.56; 10.00; 12.75; 2020/01/05 04:00
5.81; 10.81; 7.56; 10.00; 12.75; 2020/01/05 04:30
5.81; 10.93; 7.56; 10.06; 12.75; 2020/01/05 05:00
5.75; 10.93; 7.56; 10.06; 12.75; 2020/01/05 05:30
6.00; 10.87; 7.56; 10.06; 12.75; 2020/01/05 06:00
6.12; 10.87; 7.56; 10.00; 12.75; 2020/01/05 06:30
6.12; 10.93; 7.56; 9.93; 12.75; 2020/01/05 07:00
6.12; 10.93; 7.56; 10.06; 12.75; 2020/01/05 07:30
6.12; 10.87; 7.56; 9.93; 12.75; 2020/01/05 08:00
6.12; 10.93; 7.56; 10.06; 12.68; 2020/01/05 08:30
6.12; 11.00; 7.56; 10.12; 12.75; 2020/01/05 09:00
6.12; 10.93; 7.62; 10.00; 12.68; 2020/01/05 09:30
6.12; 10.93; 7.62; 10.06; 12.68; 2020/01/05 10:00
6.12; 10.93; 7.62; 10.06; 12.62; 2020/01/05 10:30
6.25; 10.93; 7.62; 10.00; 12.75; 2020/01/05 11:00
6.31; 10.93; 7.62; 10.12; 12.68; 2020/01/05 11:30
6.25; 10.93; 7.62; 10.06; 12.68; 2020/01/05 12:00
6.43; 11.00; 7.62; 10.06; 12.68; 2020/01/05 12:30
6.43; 10.93; 7.62; 10.12; 12.62; 2020/01/05 13:00
6.43; 10.93; 7.62; 10.06; 12.62; 2020/01/05 13:30
6.50; 11.00; 7.62; 10.12; 12.68; 2020/01/05 14:00
6.68; 10.93; 7.62; 10.06; 12.68; 2020/01/05 14:30
6.68; 10.93; 7.62; 10.12; 12.68; 2020/01/05 15:00
6.62; 11.00; 7.62; 10.12; 12.68; 2020/01/05 15:30
6.56; 10.93; 7.62; 10.12; 12.68; 2020/01/05 16:00
6.43; 11.00; 7.68; 10.06; 12.68; 2020/01/05 16:30
6.37; 11.00; 7.62; 10.12; 12.68; 2020/01/05 17:00
6.25; 10.93; 7.62; 10.12; 12.68; 2020/01/05 17:30
6.12; 11.00; 7.62; 10.12; 12.68; 2020/01/05 18:00
6.00; 11.00; 7.62; 10.12; 12.68; 2020/01/05 18:30
6.00; 10.93; 7.62; 10.12; 12.62; 2020/01/05 19:00
6.00; 11.00; 7.68; 10.12; 12.68; 2020/01/05 19:30
6.00; 10.93; 7.68; 10.12; 12.68; 2020/01/05 20:00
5.87; 10.93; 7.62; 10.12; 12.68; 2020/01/05 20:30
6.06; 11.00; 7.68; 10.18; 12.68; 2020/01/05 21:00
6.06; 10.93; 7.68; 10.12; 12.68; 2020/01/05 21:30
6.06; 11.00; 7.68; 10.12; 12.68; 2020/01/05 22:00
6.06; 11.06; 7.68; 10.18; 12.68; 2020/01/05 22:30
6.00; 11.00; 7.68; 10.18; 12.68; 2020/01/05 23:00
5.81; 11.00; 7.68; 10.12; 12.68; 2020/01/05 23:30
5.81; 11.00; 7.68; 10.25; 12.68; 2020/01/06 00:00
5.81; 11.00; 7.68; 10.12; 12.68; 2020/01/06 00:30
5.81; 11.06; 7.68; 10.18; 12.68; 2020/01/06 01:00
5.68; 11.00; 7.68; 10.12; 12.62; 2020/01/06 01:30
5.75; 11.06; 7.68; 10.18; 12.68; 2020/01/06 02:00
5.75; 11.06; 7.68; 10.25; 12.68; 2020/01/06 02:30
5.75; 11.00; 7.68; 10.12; 12.68; 2020/01/06 03:00
5.75; 11.06; 7.68; 10.18; 12.68; 2020/01/06 03:30
5.68; 11.00; 7.68; 10.12; 12.68; 2020/01/06 04:00
5.62; 11.00; 7.68; 10.18; 12.68; 2020/01/06 04:30
5.62; 11.06; 7.68; 10.25; 12.62; 2020/01/06 05:00
5.62; 11.00; 7.68; 10.18; 12.68; 2020/01/06 05:30
5.62; 11.06; 7.68; 10.18; 12.68; 2020/01/06 06:00
5.56; 11.00; 7.68; 10.12; 12.68; 2020/01/06 06:30
5.62; 10.93; 7.68; 10.18; 12.68; 2020/01/06 07:00
5.43; 11.06; 7.68; 10.18; 12.68; 2020/01/06 07:30
5.50; 10.93; 7.68; 10.06; 12.68; 2020/01/06 08:00
5.31; 11.06; 7.68; 10.18; 12.68; 2020/01/06 08:30
5.37; 11.00; 7.68; 10.12; 12.68; 2020/01/06 09:00
5.25; 10.93; 7.68; 10.18; 12.68; 2020/01/06 09:30
5.31; 11.06; 7.68; 10.18; 12.68; 2020/01/06 10:00
5.25; 10.93; 7.68; 10.18; 12.68; 2020/01/06 10:30
5.18; 11.00; 7.68; 10.12; 12.62; 2020/01/06 11:00
5.37; 11.00; 7.68; 10.12; 12.62; 2020/01/06 11:30
5.50; 10.93; 7.68; 10.12; 12.62; 2020/01/06 12:00
5.93; 11.06; 7.68; 10.25; 12.56; 2020/01/06 12:30
5.87; 11.06; 7.68; 10.31; 12.62; 2020/01/06 13:00
6.18; 11.12; 7.68; 10.37; 12.56; 2020/01/06 13:30
6.50; 11.12; 7.75; 10.25; 12.56; 2020/01/06 14:00
6.87; 11.12; 7.75; 10.18; 12.62; 2020/01/06 14:30
6.81; 11.12; 7.75; 10.25; 12.62; 2020/01/06 15:00
6.87; 11.06; 7.75; 10.18; 12.62; 2020/01/06 15:30
6.75; 11.12; 7.75; 10.25; 12.62; 2020/01/06 16:00
6.37; 11.12; 7.75; 10.18; 12.62; 2020/01/06 16:30
6.06; 11.06; 7.75; 10.18; 12.62; 2020/01/06 17:00
5.68; 11.06; 7.75; 10.25; 12.62; 2020/01/06 17:30
5.43; 11.06; 7.75; 10.18; 12.62; 2020/01/06 18:00
5.18; 11.00; 7.75; 10.18; 12.68; 2020/01/06 18:30
5.25; 11.00; 7.75; 10.18; 12.68; 2020/01/06 19:00
5.37; 11.06; 7.81; 10.18; 12.68; 2020/01/06 19:30
5.25; 11.00; 7.81; 10.18; 12.68; 2020/01/06 20:00
4.62; 11.06; 7.81; 10.18; 12.68; 2020/01/06 20:30
4.62; 11.00; 7.81; 10.12; 12.68; 2020/01/06 21:00
4.56; 11.12; 7.81; 10.37; 12.68; 2020/01/06 21:30
4.50; 11.06; 7.75; 10.25; 12.68; 2020/01/06 22:00
4.62; 11.06; 7.75; 10.25; 12.75; 2020/01/06 22:30
4.75; 11.06; 7.81; 10.25; 12.68; 2020/01/06 23:00
4.56; 11.06; 7.75; 10.25; 12.68; 2020/01/06 23:30
4.43; 11.12; 7.75; 10.25; 12.68; 2020/01/07 00:00
4.68; 11.06; 7.75; 10.25; 12.68; 2020/01/07 00:30
4.68; 11.00; 7.75; 10.12; 12.75; 2020/01/07 01:00
4.87; 11.06; 7.75; 10.25; 12.68; 2020/01/07 01:30
4.31; 11.00; 7.75; 10.12; 12.68; 2020/01/07 02:00
4.43; 11.06; 7.75; 10.12; 12.75; 2020/01/07 02:30
4.43; 11.06; 7.75; 10.12; 12.68; 2020/01/07 03:00
4.56; 11.00; 7.68; 10.12; 12.75; 2020/01/07 03:30
4.68; 11.06; 7.75; 10.18; 12.75; 2020/01/07 04:00
4.68; 11.06; 7.68; 10.18; 12.75; 2020/01/07 04:30
4.75; 11.00; 7.68; 10.12; 12.75; 2020/01/07 05:00
4.93; 11.06; 7.68; 10.12; 12.75; 2020/01/07 05:30
5.00; 11.06; 7.68; 10.12; 12.68; 2020/01/07 06:00
5.06; 11.00; 7.68; 10.06; 12.75; 2020/01/07 06:30
5.18; 11.00; 7.68; 10.06; 12.75; 2020/01/07 07:00
5.43; 11.06; 7.68; 10.12; 12.75; 2020/01/07 07:30
5.50; 11.00; 7.68; 10.06; 12.75; 2020/01/07 08:00
5.68; 11.06; 7.68; 10.12; 12.75; 2020/01/07 08:30
5.87; 11.00; 7.68; 10.06; 12.75; 2020/01/07 09:00
5.93; 11.06; 7.68; 10.12; 12.75; 2020/01/07 09:30
6.06; 11.00; 7.68; 10.12; 12.75; 2020/01/07 10:00
6.12; 11.00; 7.68; 10.06; 12.75; 2020/01/07 10:30
6.18; 11.06; 7.62; 10.12; 12.75; 2020/01/07 11:00
6.37; 11.00; 7.62; 10.12; 12.81; 2020/01/07 11:30
6.50; 11.06; 7.68; 10.12; 12.75; 2020/01/07 12:00
6.75; 11.06; 7.62; 10.18; 12.68; 2020/01/07 12:30
6.93; 11.06; 7.68; 10.12; 12.68; 2020/01/07 13:00
7.18; 11.06; 7.68; 10.12; 12.68; 2020/01/07 13:30
7.37; 11.12; 7.68; 10.12; 12.68; 2020/01/07 14:00
7.31; 11.06; 7.68; 10.12; 12.68; 2020/01/07 14:30
7.37; 11.12; 7.68; 10.18; 12.56; 2020/01/07 15:00
7.37; 11.12; 7.68; 10.18; 12.68; 2020/01/07 15:30
7.37; 11.06; 7.68; 10.18; 12.75; 2020/01/07 16:00
7.25; 11.12; 7.68; 10.18; 12.68; 2020/01/07 16:30
7.12; 11.12; 7.68; 10.12; 12.68; 2020/01/07 17:00
6.87; 11.12; 7.68; 10.12; 12.68; 2020/01/07 17:30
6.68; 11.12; 7.68; 10.18; 12.68; 2020/01/07 18:00
6.62; 11.06; 7.68; 10.18; 12.68; 2020/01/07 18:30
6.37; 11.06; 7.68; 10.18; 12.68; 2020/01/07 19:00
6.37; 11.12; 7.68; 10.25; 12.68; 2020/01/07 19:30
6.56; 11.06; 7.68; 10.12; 12.62; 2020/01/07 20:00
6.62; 11.12; 7.75; 10.18; 12.56; 2020/01/07 20:30
6.43; 11.12; 7.75; 10.25; 12.56; 2020/01/07 21:00
6.43; 11.06; 7.75; 10.25; 12.56; 2020/01/07 21:30
6.37; 11.12; 7.75; 10.25; 12.56; 2020/01/07 22:00
6.37; 11.06; 7.75; 10.18; 12.62; 2020/01/07 22:30
6.43; 11.12; 7.75; 10.18; 12.68; 2020/01/07 23:00
6.43; 11.12; 7.75; 10.18; 12.56; 2020/01/07 23:30
6.50; 11.06; 7.75; 10.25; 12.62; 2020/01/08 00:00
6.37; 11.18; 7.75; 10.25; 12.62; 2020/01/08 00:30
6.37; 11.06; 7.75; 10.18; 12.62; 2020/01/08 01:00
6.37; 11.12; 7.75; 10.25; 12.62; 2020/01/08 01:30
6.50; 11.12; 7.75; 10.31; 12.50; 2020/01/08 02:00
6.68; 11.06; 7.75; 10.18; 12.62; 2020/01/08 02:30
6.68; 11.12; 7.75; 10.18; 12.56; 2020/01/08 03:00
6.93; 11.12; 7.75; 10.18; 12.62; 2020/01/08 03:30
6.87; 11.12; 7.75; 10.25; 12.62; 2020/01/08 04:00
6.87; 11.12; 7.81; 10.18; 12.62; 2020/01/08 04:30
6.87; 11.06; 7.81; 10.25; 12.62; 2020/01/08 05:00
7.06; 11.18; 7.81; 10.25; 12.62; 2020/01/08 05:30
7.06; 11.12; 7.81; 10.25; 12.62; 2020/01/08 06:00
6.81; 11.18; 7.81; 10.25; 12.62; 2020/01/08 06:30
6.75; 11.18; 7.81; 10.25; 12.62; 2020/01/08 07:00
6.87; 11.12; 7.81; 10.18; 12.62; 2020/01/08 07:30
7.06; 11.18; 7.81; 10.37; 12.62; 2020/01/08 08:00
7.18; 11.12; 7.81; 10.31; 12.62; 2020/01/08 08:30
7.18; 11.12; 7.81; 10.18; 12.62; 2020/01/08 09:00
7.50; 11.18; 7.81; 10.25; 12.62; 2020/01/08 09:30
7.56; 11.12; 7.81; 10.37; 12.62; 2020/01/08 10:00
7.75; 11.18; 7.81; 10.31; 12.50; 2020/01/08 10:30
7.93; 11.18; 7.87; 10.37; 12.56; 2020/01/08 11:00
8.06; 11.18; 7.87; 10.31; 12.56; 2020/01/08 11:30
8.25; 11.25; 7.87; 10.37; 12.56; 2020/01/08 12:00
8.43; 11.25; 7.87; 10.31; 12.56; 2020/01/08 12:30
8.37; 11.25; 7.87; 10.31; 12.56; 2020/01/08 13:00
8.43; 11.31; 7.87; 10.37; 12.56; 2020/01/08 13:30
8.62; 11.18; 7.93; 10.31; 12.56; 2020/01/08 14:00
8.81; 11.31; 7.93; 10.31; 12.62; 2020/01/08 14:30
8.93; 11.25; 7.93; 10.37; 12.56; 2020/01/08 15:00
9.06; 11.31; 7.93; 10.37; 12.56; 2020/01/08 15:30
9.06; 11.31; 8.00; 10.37; 12.56; 2020/01/08 16:00
9.18; 11.25; 8.00; 10.37; 12.62; 2020/01/08 16:30
9.25; 11.37; 8.00; 10.50; 12.56; 2020/01/08 17:00
9.31; 11.31; 8.00; 10.31; 12.56; 2020/01/08 17:30
9.50; 11.37; 8.00; 10.43; 12.50; 2020/01/08 18:00
9.68; 11.37; 8.06; 10.43; 12.56; 2020/01/08 18:30
9.62; 11.31; 8.06; 10.50; 12.56; 2020/01/08 19:00
9.62; 11.43; 8.06; 10.50; 12.56; 2020/01/08 19:30
9.81; 11.31; 8.12; 10.43; 12.50; 2020/01/08 20:00
9.93; 11.43; 8.12; 10.62; 12.50; 2020/01/08 20:30
9.68; 11.37; 8.12; 10.50; 12.50; 2020/01/08 21:00
9.68; 11.43; 8.12; 10.56; 12.50; 2020/01/08 21:30
9.62; 11.37; 8.12; 10.50; 12.50; 2020/01/08 22:00
9.81; 11.43; 8.18; 10.62; 12.50; 2020/01/08 22:30
9.62; 11.43; 8.18; 10.62; 12.50; 2020/01/08 23:00
9.43; 11.37; 8.18; 10.56; 12.50; 2020/01/08 23:30
9.31; 11.50; 8.25; 10.68; 12.50; 2020/01/09 00:00
9.43; 11.37; 8.25; 10.62; 12.50; 2020/01/09 00:30
9.31; 11.50; 8.25; 10.75; 12.50; 2020/01/09 01:00
9.31; 11.43; 8.25; 10.62; 12.43; 2020/01/09 01:30
9.31; 11.50; 8.25; 10.75; 12.50; 2020/01/09 02:00
9.37; 11.50; 8.31; 10.68; 12.37; 2020/01/09 02:30
9.37; 11.50; 8.31; 10.75; 12.43; 2020/01/09 03:00
9.43; 11.56; 8.31; 10.75; 12.43; 2020/01/09 03:30
9.43; 11.50; 8.31; 10.75; 12.43; 2020/01/09 04:00
9.43; 11.62; 8.37; 10.75; 12.43; 2020/01/09 04:30
9.43; 11.50; 8.37; 10.75; 12.37; 2020/01/09 05:00
9.43; 11.62; 8.37; 10.81; 12.37; 2020/01/09 05:30
9.62; 11.50; 8.37; 10.68; 12.43; 2020/01/09 06:00
9.62; 11.62; 8.43; 10.81; 12.37; 2020/01/09 06:30
9.62; 11.50; 8.43; 10.81; 12.37; 2020/01/09 07:00
10.00; 11.68; 8.43; 10.87; 12.31; 2020/01/09 07:30
10.12; 11.56; 8.50; 10.75; 12.37; 2020/01/09 08:00
10.18; 11.68; 8.50; 10.87; 12.31; 2020/01/09 08:30
10.25; 11.56; 8.50; 10.81; 12.31; 2020/01/09 09:00
10.37; 11.68; 8.56; 10.93; 12.31; 2020/01/09 09:30
10.37; 11.62; 8.56; 10.81; 12.31; 2020/01/09 10:00
10.43; 11.75; 8.56; 10.93; 12.31; 2020/01/09 10:30
10.62; 11.68; 8.62; 10.87; 12.31; 2020/01/09 11:00
10.75; 11.75; 8.62; 10.93; 12.25; 2020/01/09 11:30
10.81; 11.68; 8.62; 10.93; 12.25; 2020/01/09 12:00
11.00; 11.81; 8.62; 10.93; 12.31; 2020/01/09 12:30
11.37; 11.68; 8.68; 10.93; 12.31; 2020/01/09 13:00
11.25; 11.81; 8.68; 10.93; 12.31; 2020/01/09 13:30
11.31; 11.75; 8.68; 11.00; 12.25; 2020/01/09 14:00
11.18; 11.81; 8.75; 11.06; 12.25; 2020/01/09 14:30
10.93; 11.75; 8.75; 11.06; 12.25; 2020/01/09 15:00
11.06; 11.81; 8.75; 11.12; 12.25; 2020/01/09 15:30
11.25; 11.75; 8.81; 11.06; 12.25; 2020/01/09 16:00
11.43; 11.87; 8.81; 11.06; 12.25; 2020/01/09 16:30
11.25; 11.75; 8.81; 11.06; 12.25; 2020/01/09 17:00
11.25; 11.87; 8.81; 11.12; 12.25; 2020/01/09 17:30
11.43; 11.81; 8.87; 11.06; 12.25; 2020/01/09 18:00
11.62; 11.87; 8.87; 11.18; 12.25; 2020/01/09 18:30
11.81; 11.87; 8.93; 11.12; 12.18; 2020/01/09 19:00
11.68; 11.87; 8.93; 11.25; 12.25; 2020/01/09 19:30
11.62; 11.87; 8.93; 11.12; 12.25; 2020/01/09 20:00
11.43; 11.93; 8.93; 11.18; 12.25; 2020/01/09 20:30
11.62; 11.87; 9.00; 11.18; 12.25; 2020/01/09 21:00
11.50; 11.93; 9.00; 11.18; 12.25; 2020/01/09 21:30
11.31; 11.87; 9.00; 11.25; 12.18; 2020/01/09 22:00
11.06; 12.00; 9.06; 11.25; 12.18; 2020/01/09 22:30
10.75; 11.87; 9.06; 11.25; 12.12; 2020/01/09 23:00
10.56; 12.00; 9.06; 11.25; 12.18; 2020/01/09 23:30
10.37; 11.87; 9.06; 11.31; 12.18; 2020/01/10 00:00
10.31; 12.00; 9.12; 11.37; 12.18; 2020/01/10 00:30
10.25; 11.87; 9.12; 11.31; 12.18; 2020/01/10 01:00
10.06; 12.00; 9.12; 11.37; 12.18; 2020/01/10 01:30
9.93; 11.93; 9.12; 11.37; 12.25; 2020/01/10 02:00
9.81; 12.06; 9.12; 11.37; 12.18; 2020/01/10 02:30
9.68; 11.93; 9.18; 11.37; 12.18; 2020/01/10 03:00
9.62; 12.06; 9.18; 11.31; 12.18; 2020/01/10 03:30
9.62; 12.00; 9.18; 11.37; 12.18; 2020/01/10 04:00
9.50; 12.06; 9.18; 11.31; 12.18; 2020/01/10 04:30
9.06; 12.00; 9.18; 11.37; 12.18; 2020/01/10 05:00
9.12; 12.00; 9.18; 11.37; 12.18; 2020/01/10 05:30
9.12; 12.00; 9.18; 11.43; 12.18; 2020/01/10 06:00
9.00; 11.93; 9.25; 11.37; 12.18; 2020/01/10 06:30
8.87; 12.00; 9.25; 11.43; 12.18; 2020/01/10 07:00
8.68; 11.93; 9.25; 11.37; 12.25; 2020/01/10 07:30
8.56; 12.06; 9.25; 11.43; 12.25; 2020/01/10 08:00
8.43; 11.93; 9.25; 11.43; 12.25; 2020/01/10 08:30
8.37; 12.00; 9.25; 11.43; 12.18; 2020/01/10 09:00
8.31; 12.00; 9.25; 11.43; 12.25; 2020/01/10 09:30
8.43; 11.93; 9.25; 11.37; 12.25; 2020/01/10 10:00
8.37; 12.06; 9.31; 11.50; 12.25; 2020/01/10 10:30
8.12; 11.93; 9.31; 11.37; 12.25; 2020/01/10 11:00
8.31; 12.06; 9.31; 11.43; 12.25; 2020/01/10 11:30
8.37; 11.93; 9.31; 11.37; 12.25; 2020/01/10 12:00
8.50; 12.06; 9.31; 11.50; 12.25; 2020/01/10 12:30
8.50; 11.93; 9.31; 11.43; 12.25; 2020/01/10 13:00
8.56; 12.06; 9.31; 11.50; 12.25; 2020/01/10 13:30
8.37; 12.00; 9.31; 11.37; 12.25; 2020/01/10 14:00
8.25; 12.06; 9.37; 11.43; 12.25; 2020/01/10 14:30
8.25; 12.00; 9.37; 11.50; 12.25; 2020/01/10 15:00
8.00; 12.06; 9.37; 11.43; 12.18; 2020/01/10 15:30
7.93; 12.00; 9.37; 11.43; 12.25; 2020/01/10 16:00
7.75; 12.06; 9.37; 11.43; 12.25; 2020/01/10 16:30
7.81; 12.00; 9.37; 11.37; 12.25; 2020/01/10 17:00
7.87; 12.06; 9.37; 11.43; 12.25; 2020/01/10 17:30
7.37; 12.00; 9.37; 11.43; 12.93; 2020/01/10 18:00
7.18; 12.06; 9.37; 11.43; 12.87; 2020/01/10 18:30
7.25; 12.50; 16.18; 11.87; 13.56; 2020/01/17 17:30
85.00; 85.00; 85.00; 85.00; 13.00; 2020/01/17 18:00
8.50; 13.00; 11.75; 12.06; 13.00; 2020/01/17 18:30
8.81; 13.00; 16.62; 12.37; 13.43; 2020/01/17 19:00
8.50; 14.00; 19.93; 13.43; 14.62; 2020/01/17 19:30
8.43; 13.87; 17.68; 13.31; 14.50; 2020/01/17 20:00
8.00; 13.25; 15.00; 12.56; 13.50; 2020/01/17 20:30
8.12; 13.06; 13.87; 12.50; 12.68; 2020/01/17 21:00
7.81; 12.75; 13.00; 12.12; 12.68; 2020/01/17 21:30
7.25; 12.62; 12.43; 12.06; 12.37; 2020/01/17 22:00
7.06; 12.50; 12.06; 12.06; 12.31; 2020/01/17 22:30
6.93; 12.43; 11.75; 11.93; 12.31; 2020/01/17 23:00
6.62; 12.50; 11.50; 11.93; 12.31; 2020/01/17 23:30
6.50; 12.37; 11.37; 11.93; 12.37; 2020/01/18 00:00
6.43; 12.37; 11.25; 11.93; 12.31; 2020/01/18 00:30
6.68; 12.43; 11.12; 11.87; 12.37; 2020/01/18 01:00
6.31; 12.37; 11.00; 11.93; 12.37; 2020/01/18 01:30
5.87; 12.31; 10.93; 11.81; 12.31; 2020/01/18 02:00
5.75; 12.37; 10.81; 11.87; 12.37; 2020/01/18 02:30
5.31; 12.31; 10.75; 11.87; 12.37; 2020/01/18 03:00
5.62; 12.25; 10.68; 11.75; 12.31; 2020/01/18 03:30
5.75; 12.31; 10.62; 11.81; 12.31; 2020/01/18 04:00
5.68; 12.25; 10.56; 11.81; 12.37; 2020/01/18 04:30
5.43; 12.31; 10.50; 11.75; 12.31; 2020/01/18 05:00
5.25; 12.31; 10.50; 11.75; 12.37; 2020/01/18 05:30
5.25; 12.12; 10.43; 11.68; 12.31; 2020/01/18 06:00
5.18; 12.25; 10.37; 11.68; 12.37; 2020/01/18 06:30
5.18; 12.18; 10.37; 11.62; 12.37; 2020/01/18 07:00
5.18; 12.12; 10.31; 11.62; 12.37; 2020/01/18 07:30
5.06; 12.18; 10.31; 11.68; 12.37; 2020/01/18 08:00
5.18; 12.12; 10.25; 11.62; 12.37; 2020/01/18 08:30
5.18; 12.18; 10.25; 11.56; 12.37; 2020/01/18 09:00
5.25; 12.18; 10.18; 11.62; 12.37; 2020/01/18 09:30
5.25; 12.06; 10.18; 11.56; 12.37; 2020/01/18 10:00
5.31; 12.18; 10.18; 11.62; 12.37; 2020/01/18 10:30
5.68; 12.06; 10.12; 11.56; 12.37; 2020/01/18 11:00
5.75; 12.18; 10.12; 11.56; 12.37; 2020/01/18 11:30
6.18; 12.12; 10.06; 11.56; 12.37; 2020/01/18 12:00
6.12; 12.12; 10.06; 11.56; 12.37; 2020/01/18 12:30
5.62; 12.12; 10.06; 11.56; 12.37; 2020/01/18 13:00
5.18; 12.06; 10.00; 11.50; 12.37; 2020/01/18 13:30
5.87; 12.18; 10.00; 11.56; 12.37; 2020/01/18 14:00
6.31; 12.06; 10.00; 11.50; 12.43; 2020/01/18 14:30
6.31; 12.18; 9.93; 11.50; 12.43; 2020/01/18 15:00
6.50; 12.12; 9.93; 11.50; 12.43; 2020/01/18 15:30
6.68; 12.12; 9.87; 11.50; 12.43; 2020/01/18 16:00
6.37; 12.12; 9.87; 11.50; 12.43; 2020/01/18 16:30
6.25; 12.06; 9.87; 11.43; 12.43; 2020/01/18 17:00
5.75; 12.12; 9.87; 11.50; 12.43; 2020/01/18 17:30
5.37; 12.00; 9.81; 11.50; 12.43; 2020/01/18 18:00
5.50; 12.06; 9.81; 11.43; 12.43; 2020/01/18 18:30
5.50; 12.06; 9.81; 11.56; 12.43; 2020/01/18 19:00
5.25; 12.06; 9.81; 11.43; 12.43; 2020/01/18 19:30
5.50; 12.06; 9.75; 11.50; 12.43; 2020/01/18 20:00
5.31; 12.00; 9.75; 11.37; 12.43; 2020/01/18 20:30
5.06; 12.06; 9.75; 11.43; 12.43; 2020/01/18 21:00
5.18; 11.93; 9.75; 11.37; 12.43; 2020/01/18 21:30
5.12; 12.06; 9.68; 11.43; 12.43; 2020/01/18 22:00
4.87; 11.93; 9.68; 11.31; 12.50; 2020/01/18 22:30
4.31; 12.06; 9.68; 11.37; 12.43; 2020/01/18 23:00
4.25; 11.93; 9.62; 11.43; 12.50; 2020/01/18 23:30
4.00; 12.00; 9.62; 11.31; 12.50; 2020/01/19 00:00
4.12; 11.93; 9.62; 11.37; 12.50; 2020/01/19 00:30
3.81; 11.93; 9.62; 11.37; 12.50; 2020/01/19 01:00
3.81; 11.93; 9.56; 11.43; 12.50; 2020/01/19 01:30
3.50; 11.93; 9.56; 11.31; 12.50; 2020/01/19 02:00
3.62; 11.93; 9.50; 11.37; 12.50; 2020/01/19 02:30
3.37; 11.93; 9.50; 11.25; 12.50; 2020/01/19 03:00
3.62; 11.93; 9.50; 11.37; 12.50; 2020/01/19 03:30
3.62; 11.81; 9.43; 11.18; 12.50; 2020/01/19 04:00
3.37; 11.93; 9.43; 11.25; 12.50; 2020/01/19 04:30
3.31; 11.87; 9.43; 11.25; 12.50; 2020/01/19 05:00
3.43; 11.93; 9.37; 11.18; 12.50; 2020/01/19 05:30
3.37; 11.87; 9.37; 11.18; 12.56; 2020/01/19 06:00
3.31; 11.87; 9.31; 11.12; 12.56; 2020/01/19 06:30
3.31; 11.87; 9.31; 11.18; 12.56; 2020/01/19 07:00
3.31; 11.81; 9.31; 11.12; 12.56; 2020/01/19 07:30
3.12; 11.87; 9.25; 11.18; 12.56; 2020/01/19 08:00
2.93; 11.75; 9.25; 11.06; 12.56; 2020/01/19 08:30
3.00; 11.87; 9.18; 11.18; 12.56; 2020/01/19 09:00
3.00; 11.81; 9.18; 11.06; 12.56; 2020/01/19 09:30
3.12; 11.81; 9.12; 11.12; 12.56; 2020/01/19 10:00
3.31; 11.81; 9.12; 11.00; 12.56; 2020/01/19 10:30
3.68; 11.75; 9.12; 11.06; 12.56; 2020/01/19 11:00
4.18; 11.81; 9.06; 11.00; 12.56; 2020/01/19 11:30
4.43; 11.75; 9.06; 11.06; 12.56; 2020/01/19 12:00
4.75; 11.81; 9.00; 11.00; 12.56; 2020/01/19 12:30
4.87; 11.75; 9.00; 11.06; 12.56; 2020/01/19 13:00
5.18; 11.81; 9.00; 11.00; 12.62; 2020/01/19 13:30
5.50; 11.81; 8.93; 10.93; 12.62; 2020/01/19 14:00
5.56; 11.81; 8.93; 11.00; 12.62; 2020/01/19 14:30
5.87; 11.81; 8.93; 11.00; 12.62; 2020/01/19 15:00
6.00; 11.81; 8.93; 11.00; 12.62; 2020/01/19 15:30
6.06; 11.81; 8.87; 10.93; 12.62; 2020/01/19 16:00
6.00; 11.81; 8.87; 10.93; 12.62; 2020/01/19 16:30
5.81; 11.81; 8.87; 11.00; 12.62; 2020/01/19 17:00
6.12; 11.68; 8.87; 10.93; 12.62; 2020/01/19 17:30
6.00; 11.75; 8.87; 11.00; 12.62; 2020/01/19 18:00
5.31; 11.68; 8.87; 10.93; 12.62; 2020/01/19 18:30
4.93; 11.81; 8.87; 10.93; 12.62; 2020/01/19 19:00
4.12; 11.62; 8.81; 10.93; 12.62; 2020/01/19 19:30
3.62; 11.75; 8.81; 10.93; 12.62; 2020/01/19 20:00
3.56; 11.62; 8.75; 11.00; 12.62; 2020/01/19 20:30
3.00; 11.75; 8.75; 10.93; 12.62; 2020/01/19 21:00
2.68; 11.62; 8.75; 10.93; 12.68; 2020/01/19 21:30
2.68; 11.68; 8.75; 10.93; 12.62; 2020/01/19 22:00
2.25; 11.56; 8.75; 10.87; 12.62; 2020/01/19 22:30
2.06; 11.62; 8.68; 10.87; 12.62; 2020/01/19 23:00
2.06; 11.56; 8.68; 10.81; 12.62; 2020/01/19 23:30
1.81; 11.62; 8.68; 10.87; 12.62; 2020/01/20 00:00
1.87; 11.56; 8.62; 10.75; 12.62; 2020/01/20 00:30
1.68; 11.56; 8.62; 10.87; 12.68; 2020/01/20 01:00
1.62; 11.56; 8.62; 10.81; 12.62; 2020/01/20 01:30
1.62; 11.43; 8.56; 10.75; 12.68; 2020/01/20 02:00
1.62; 11.56; 8.56; 10.87; 12.68; 2020/01/20 02:30
1.75; 11.50; 8.50; 10.68; 12.68; 2020/01/20 03:00
1.75; 11.50; 8.50; 10.75; 12.68; 2020/01/20 03:30
1.68; 11.56; 8.50; 10.75; 12.68; 2020/01/20 04:00
1.75; 11.37; 8.43; 10.62; 12.68; 2020/01/20 04:30
1.93; 11.50; 8.43; 10.68; 12.68; 2020/01/20 05:00
2.18; 11.56; 8.37; 10.62; 12.68; 2020/01/20 05:30
2.43; 11.43; 8.37; 10.68; 12.75; 2020/01/20 06:00
2.43; 11.50; 8.31; 10.62; 12.68; 2020/01/20 06:30
2.43; 11.43; 8.31; 10.50; 12.75; 2020/01/20 07:00
2.56; 11.37; 8.31; 10.56; 12.75; 2020/01/20 07:30
2.68; 11.43; 8.25; 10.56; 12.75; 2020/01/20 08:00
2.75; 11.37; 8.25; 10.43; 12.75; 2020/01/20 08:30
2.81; 11.37; 8.25; 10.56; 12.81; 2020/01/20 09:00
2.93; 11.43; 8.18; 10.56; 12.75; 2020/01/20 09:30
3.31; 11.37; 8.18; 10.43; 12.75; 2020/01/20 10:00
3.43; 11.43; 8.18; 10.56; 12.75; 2020/01/20 10:30
3.75; 11.43; 8.12; 10.43; 12.81; 2020/01/20 11:00
4.18; 11.31; 8.12; 10.43; 12.81; 2020/01/20 11:30
4.31; 11.43; 8.12; 10.50; 12.75; 2020/01/20 12:00
4.56; 11.37; 8.06; 10.50; 12.81; 2020/01/20 12:30
4.87; 11.37; 8.06; 10.56; 12.81; 2020/01/20 13:00
4.87; 11.43; 8.06; 10.50; 12.81; 2020/01/20 13:30
5.43; 11.37; 8.06; 10.43; 12.81; 2020/01/20 14:00
6.25; 11.50; 8.06; 10.50; 12.75; 2020/01/20 14:30
6.25; 11.50; 8.06; 10.56; 12.75; 2020/01/20 15:00
6.37; 11.43; 8.06; 10.43; 12.75; 2020/01/20 15:30
6.31; 11.50; 8.00; 10.50; 12.68; 2020/01/20 16:00
6.12; 11.43; 8.00; 10.50; 12.68; 2020/01/20 16:30
5.93; 11.50; 8.00; 10.50; 12.68; 2020/01/20 17:00
5.81; 11.50; 8.00; 10.56; 12.68; 2020/01/20 17:30
5.50; 11.31; 8.00; 10.56; 12.68; 2020/01/20 18:00
4.93; 11.43; 8.00; 10.56; 12.68; 2020/01/20 18:30
4.68; 11.31; 8.00; 10.43; 12.75; 2020/01/20 19:00
4.62; 11.37; 8.00; 10.50; 12.68; 2020/01/20 19:30
4.37; 11.31; 8.00; 10.43; 12.75; 2020/01/20 20:00
3.81; 11.31; 8.06; 10.56; 12.68; 2020/01/20 20:30
3.56; 11.31; 8.00; 10.50; 12.68; 2020/01/20 21:00
3.31; 11.18; 8.00; 10.50; 12.75; 2020/01/20 21:30
3.25; 11.31; 8.00; 10.62; 12.75; 2020/01/20 22:00
3.31; 11.18; 8.00; 10.50; 12.75; 2020/01/20 22:30
3.56; 11.31; 8.00; 10.50; 12.75; 2020/01/20 23:00
3.56; 11.18; 8.00; 10.50; 12.75; 2020/01/20 23:30
3.25; 11.31; 8.00; 10.56; 12.75; 2020/01/21 00:00
2.87; 11.18; 7.93; 10.43; 12.75; 2020/01/21 00:30
2.68; 11.18; 7.93; 10.50; 12.75; 2020/01/21 01:00
2.37; 11.25; 7.93; 10.43; 12.75; 2020/01/21 01:30
2.06; 11.18; 7.93; 10.37; 12.75; 2020/01/21 02:00
1.62; 11.25; 7.93; 10.50; 12.75; 2020/01/21 02:30
1.56; 11.18; 7.93; 10.37; 12.75; 2020/01/21 03:00
1.25; 11.18; 7.87; 10.43; 12.75; 2020/01/21 03:30
1.06; 11.25; 7.87; 10.43; 12.81; 2020/01/21 04:00
1.06; 11.12; 7.87; 10.43; 12.81; 2020/01/21 04:30
.87; 11.18; 7.87; 10.37; 12.81; 2020/01/21 05:00
.68; 11.06; 7.81; 10.25; 12.81; 2020/01/21 05:30
.62; 11.18; 7.81; 10.37; 12.81; 2020/01/21 06:00
.37; 11.06; 7.81; 10.25; 12.81; 2020/01/21 06:30
.43; 11.12; 7.75; 10.31; 12.81; 2020/01/21 07:00
.37; 11.12; 7.75; 10.31; 12.81; 2020/01/21 07:30
.06; 11.06; 7.75; 10.31; 12.81; 2020/01/21 08:00
.06; 11.12; 7.68; 10.31; 12.81; 2020/01/21 08:30
-.37; 11.00; 7.68; 10.25; 12.87; 2020/01/21 09:00
-.18; 11.06; 7.62; 10.25; 12.87; 2020/01/21 09:30
.18; 11.06; 7.62; 10.12; 12.81; 2020/01/21 10:00
.37; 11.00; 7.62; 10.25; 12.87; 2020/01/21 10:30
1.00; 11.12; 7.56; 10.25; 12.87; 2020/01/21 11:00
2.18; 11.06; 7.56; 10.12; 12.87; 2020/01/21 11:30
3.50; 11.18; 7.56; 10.25; 12.87; 2020/01/21 12:00
4.12; 11.25; 7.50; 10.37; 12.87; 2020/01/21 12:30
4.62; 11.25; 7.50; 10.50; 12.93; 2020/01/21 13:00
5.18; 11.31; 7.56; 10.50; 12.93; 2020/01/21 13:30
5.68; 11.18; 7.56; 10.31; 12.93; 2020/01/21 14:00
5.87; 11.31; 7.56; 10.25; 12.93; 2020/01/21 14:30
6.00; 11.18; 7.56; 10.25; 12.93; 2020/01/21 15:00
6.06; 11.25; 7.56; 10.31; 12.87; 2020/01/21 15:30
5.87; 11.25; 7.56; 10.31; 12.81; 2020/01/21 16:00
5.68; 11.12; 7.56; 10.37; 12.81; 2020/01/21 16:30
4.50; 11.25; 7.56; 10.37; 12.81; 2020/01/21 17:00
3.68; 11.18; 7.56; 10.31; 12.81; 2020/01/21 17:30
3.06; 11.12; 7.56; 10.37; 12.75; 2020/01/21 18:00
2.56; 11.18; 7.56; 10.43; 12.81; 2020/01/21 18:30
2.12; 11.06; 7.56; 10.37; 12.87; 2020/01/21 19:00
1.81; 11.18; 7.56; 10.50; 12.87; 2020/01/21 19:30
1.50; 11.06; 7.56; 10.37; 12.87; 2020/01/21 20:00
1.31; 11.12; 7.56; 10.43; 12.81; 2020/01/21 20:30
1.06; 11.06; 7.56; 10.37; 12.87; 2020/01/21 21:00
1.00; 11.00; 7.56; 10.43; 12.87; 2020/01/21 21:30
.75; 11.12; 7.56; 10.37; 12.87; 2020/01/21 22:00
.62; 10.93; 7.56; 10.37; 12.93; 2020/01/21 22:30
.43; 11.06; 7.56; 10.37; 12.87; 2020/01/21 23:00
.31; 11.00; 7.50; 10.37; 12.93; 2020/01/21 23:30
.12; 11.00; 7.50; 10.37; 12.93; 2020/01/22 00:00
-.06; 11.00; 7.50; 10.31; 12.93; 2020/01/22 00:30
-.37; 10.93; 7.50; 10.31; 12.93; 2020/01/22 01:00
-.12; 11.00; 7.43; 10.31; 13.00; 2020/01/22 01:30
.43; 11.00; 7.43; 10.31; 12.93; 2020/01/22 02:00
.43; 10.87; 7.43; 10.31; 12.93; 2020/01/22 02:30
.43; 11.00; 7.43; 10.31; 13.00; 2020/01/22 03:00
.25; 10.87; 7.37; 10.18; 13.00; 2020/01/22 03:30
.12; 10.93; 7.37; 10.25; 13.00; 2020/01/22 04:00
-.25; 10.87; 7.31; 10.12; 13.00; 2020/01/22 04:30
-.25; 10.87; 7.31; 10.18; 13.00; 2020/01/22 05:00
-.18; 10.93; 7.31; 10.18; 13.06; 2020/01/22 05:30
0; 10.81; 7.25; 10.06; 13.00; 2020/01/22 06:00
.12; 10.87; 7.25; 10.06; 13.00; 2020/01/22 06:30
.43; 10.75; 7.25; 10.00; 13.00; 2020/01/22 07:00
.68; 10.87; 7.18; 10.12; 13.00; 2020/01/22 07:30
.12; 10.75; 7.18; 10.00; 13.00; 2020/01/22 08:00
.93; 10.87; 7.18; 10.06; 13.06; 2020/01/22 08:30
1.06; 10.81; 7.12; 10.00; 13.00; 2020/01/22 09:00
1.18; 10.75; 7.12; 9.93; 13.06; 2020/01/22 09:30
1.37; 10.87; 7.12; 10.00; 13.00; 2020/01/22 10:00
1.56; 10.81; 7.06; 9.93; 13.00; 2020/01/22 10:30
1.81; 10.75; 7.06; 9.93; 13.06; 2020/01/22 11:00
2.06; 10.81; 7.06; 9.81; 13.06; 2020/01/22 11:30
2.25; 10.75; 7.00; 9.81; 13.06; 2020/01/22 12:00
2.56; 10.81; 7.00; 9.87; 13.00; 2020/01/22 12:30
2.62; 10.87; 7.00; 9.93; 13.06; 2020/01/22 13:00
2.37; 10.75; 7.00; 9.81; 13.06; 2020/01/22 13:30
2.50; 10.81; 6.93; 9.93; 13.06; 2020/01/22 14:00
2.56; 10.81; 6.93; 9.93; 13.00; 2020/01/22 14:30
2.56; 10.75; 6.93; 9.81; 13.06; 2020/01/22 15:00
2.50; 10.81; 6.93; 9.93; 13.06; 2020/01/22 15:30
2.31; 10.75; 6.93; 9.81; 13.00; 2020/01/22 16:00
2.43; 10.68; 6.93; 9.87; 13.06; 2020/01/22 16:30
2.56; 10.81; 6.87; 9.87; 13.00; 2020/01/22 17:00
2.50; 10.68; 6.87; 9.81; 13.06; 2020/01/22 17:30
2.43; 10.75; 6.87; 9.81; 13.00; 2020/01/22 18:00
2.43; 10.81; 6.87; 9.87; 13.00; 2020/01/22 18:30
2.50; 10.68; 6.81; 9.81; 13.00; 2020/01/22 19:00
2.56; 10.75; 6.81; 9.87; 13.00; 2020/01/22 19:30
2.50; 10.75; 6.81; 9.81; 13.06; 2020/01/22 20:00
2.62; 10.68; 6.81; 9.87; 13.06; 2020/01/22 20:30
2.68; 10.75; 6.81; 9.93; 13.00; 2020/01/22 21:00
2.75; 10.62; 6.75; 9.81; 13.06; 2020/01/22 21:30
2.81; 10.75; 6.75; 9.93; 13.06; 2020/01/22 22:00
2.75; 10.75; 6.75; 9.75; 13.06; 2020/01/22 22:30
2.81; 10.68; 6.75; 9.75; 13.00; 2020/01/22 23:00
2.81; 10.81; 6.75; 9.81; 13.06; 2020/01/22 23:30
2.81; 10.62; 6.75; 9.81; 13.06; 2020/01/23 00:00
2.81; 10.68; 6.75; 9.87; 13.00; 2020/01/23 00:30
2.93; 10.75; 6.68; 9.87; 13.00; 2020/01/23 01:00
2.93; 10.62; 6.68; 9.68; 13.00; 2020/01/23 01:30
2.81; 10.68; 6.68; 9.81; 13.06; 2020/01/23 02:00
2.93; 10.75; 6.68; 9.75; 13.00; 2020/01/23 02:30
2.93; 10.62; 6.68; 9.81; 13.00; 2020/01/23 03:00
3.00; 10.68; 6.68; 9.81; 13.06; 2020/01/23 03:30
2.93; 10.75; 6.68; 9.75; 13.00; 2020/01/23 04:00
2.93; 10.62; 6.68; 9.75; 13.06; 2020/01/23 04:30
3.00; 10.75; 6.68; 9.81; 13.06; 2020/01/23 05:00
2.93; 10.62; 6.62; 9.75; 13.00; 2020/01/23 05:30
2.87; 10.62; 6.62; 9.81; 13.06; 2020/01/23 06:00
3.00; 10.68; 6.62; 9.81; 13.00; 2020/01/23 06:30
2.75; 10.62; 6.62; 9.75; 13.00; 2020/01/23 07:00
2.93; 10.62; 6.62; 9.75; 13.00; 2020/01/23 07:30
2.93; 10.68; 6.62; 9.75; 13.00; 2020/01/23 08:00
3.00; 10.56; 6.62; 9.68; 13.00; 2020/01/23 08:30
3.00; 10.62; 6.62; 9.75; 13.00; 2020/01/23 09:00
3.12; 10.68; 6.56; 9.68; 13.00; 2020/01/23 09:30
3.18; 10.62; 6.56; 9.68; 13.00; 2020/01/23 10:00
3.56; 10.62; 6.56; 9.75; 13.00; 2020/01/23 10:30
3.68; 10.68; 6.56; 9.68; 12.93; 2020/01/23 11:00
3.75; 10.62; 6.56; 9.68; 13.00; 2020/01/23 11:30
3.87; 10.62; 6.56; 9.81; 13.06; 2020/01/23 12:00
3.93; 10.68; 6.56; 9.75; 13.00; 2020/01/23 12:30
3.87; 10.68; 6.56; 9.68; 13.00; 2020/01/23 13:00
3.93; 10.62; 6.56; 9.75; 13.00; 2020/01/23 13:30
4.12; 10.68; 6.56; 9.75; 13.00; 2020/01/23 14:00
3.93; 10.68; 6.56; 9.75; 12.93; 2020/01/23 14:30
4.00; 10.62; 6.56; 9.81; 12.93; 2020/01/23 15:00
3.87; 10.68; 6.56; 9.81; 12.93; 2020/01/23 15:30
3.93; 10.62; 6.56; 9.75; 13.00; 2020/01/23 16:00
3.93; 10.62; 6.56; 9.75; 13.00; 2020/01/23 16:30
3.68; 10.62; 6.50; 9.81; 12.93; 2020/01/23 17:00
3.68; 10.68; 6.56; 9.75; 12.93; 2020/01/23 17:30
3.56; 10.56; 6.56; 9.75; 12.93; 2020/01/23 18:00
3.37; 10.68; 6.50; 9.81; 13.00; 2020/01/23 18:30
3.25; 10.62; 6.50; 9.75; 12.93; 2020/01/23 19:00
3.18; 10.62; 6.50; 9.68; 12.93; 2020/01/23 19:30
3.18; 10.62; 6.50; 9.87; 13.00; 2020/01/23 20:00
3.18; 10.62; 6.50; 9.75; 12.93; 2020/01/23 20:30
2.81; 10.62; 6.50; 9.75; 12.93; 2020/01/23 21:00
2.87; 10.56; 6.50; 9.75; 12.93; 2020/01/23 21:30
2.75; 10.62; 6.50; 9.62; 12.87; 2020/01/23 22:00
2.87; 10.62; 6.50; 9.75; 12.93; 2020/01/23 22:30
2.87; 10.56; 6.50; 9.68; 12.93; 2020/01/23 23:00
2.75; 10.62; 6.50; 9.75; 12.93; 2020/01/23 23:30
2.18; 10.62; 6.50; 9.75; 12.93; 2020/01/24 00:00
1.75; 10.50; 6.50; 9.62; 12.93; 2020/01/24 00:30
1.37; 10.62; 6.50; 9.81; 13.00; 2020/01/24 01:00
1.18; 10.50; 6.43; 9.62; 12.93; 2020/01/24 01:30
1.06; 10.56; 6.43; 9.75; 12.93; 2020/01/24 02:00
1.00; 10.56; 6.50; 9.68; 13.00; 2020/01/24 02:30
.87; 10.50; 6.50; 9.68; 12.93; 2020/01/24 03:00
.75; 10.56; 6.43; 9.75; 12.93; 2020/01/24 03:30
.56; 10.56; 6.43; 9.68; 12.93; 2020/01/24 04:00
1.00; 10.50; 6.43; 9.62; 12.93; 2020/01/24 04:30
1.06; 10.56; 6.43; 9.68; 12.93; 2020/01/24 05:00
1.00; 10.50; 6.43; 9.68; 12.93; 2020/01/24 05:30
1.62; 10.50; 6.43; 9.62; 12.93; 2020/01/24 06:00
1.50; 10.56; 6.37; 9.62; 12.93; 2020/01/24 06:30
1.12; 10.50; 6.37; 9.56; 12.87; 2020/01/24 07:00
1.00; 10.43; 6.37; 9.62; 12.87; 2020/01/24 07:30
1.06; 10.56; 6.37; 9.62; 12.87; 2020/01/24 08:00
.75; 10.50; 6.37; 9.56; 12.93; 2020/01/24 08:30
1.06; 10.50; 6.31; 9.56; 12.87; 2020/01/24 09:00
1.31; 10.56; 6.31; 9.56; 12.93; 2020/01/24 09:30
1.37; 10.43; 6.31; 9.50; 12.93; 2020/01/24 10:00
1.06; 10.50; 6.37; 9.56; 13.00; 2020/01/24 10:30
1.31; 10.50; 6.31; 9.50; 12.93; 2020/01/24 11:00
1.43; 10.37; 6.31; 9.43; 13.00; 2020/01/24 11:30
1.25; 10.50; 6.31; 9.50; 12.93; 2020/01/24 12:00
1.43; 10.50; 6.25; 9.43; 12.93; 2020/01/24 12:30
1.50; 10.43; 6.25; 9.43; 13.00; 2020/01/24 13:00
1.37; 10.43; 6.25; 9.43; 12.93; 2020/01/24 13:30
1.62; 10.37; 6.25; 9.43; 13.00; 2020/01/24 14:00
1.56; 10.37; 6.25; 9.56; 12.93; 2020/01/24 14:30
1.62; 10.50; 6.25; 9.43; 12.93; 2020/01/24 15:00
1.87; 10.37; 6.18; 9.37; 12.93; 2020/01/24 15:30
1.81; 10.37; 6.18; 9.37; 12.93; 2020/01/24 16:00
1.81; 10.43; 6.18; 9.37; 12.93; 2020/01/24 16:30
1.75; 10.31; 6.18; 9.43; 13.00; 2020/01/24 17:00
1.50; 10.43; 6.18; 9.43; 12.93; 2020/01/24 17:30
1.43; 10.31; 6.18; 9.43; 12.93; 2020/01/24 18:00
1.43; 10.31; 6.18; 9.37; 12.93; 2020/01/24 18:30
1.68; 10.37; 6.37; 9.62; 12.81; 2020/01/24 19:00
1.93; 10.37; 13.50; 10.12; 12.93; 2020/01/24 19:30
1.75; 11.68; 16.75; 10.50; 13.00; 2020/01/24 20:00
1.75; 10.81; 12.25; 9.75; 12.81; 2020/01/24 20:30
1.81; 13.06; 17.12; 11.06; 13.06; 2020/01/24 21:00
1.81; 10.93; 13.56; 9.87; 13.00; 2020/01/24 21:30
1.87; 10.68; 11.62; 9.56; 12.93; 2020/01/24 22:00
1.81; 10.56; 10.50; 9.50; 12.93; 2020/01/24 22:30
1.62; 10.43; 9.81; 9.50; 12.93; 2020/01/24 23:00
1.75; 10.50; 9.31; 9.50; 12.93; 2020/01/24 23:30
1.43; 10.43; 9.00; 9.43; 12.93; 2020/01/25 00:00
1.87; 10.37; 8.68; 9.43; 13.00; 2020/01/25 00:30
1.56; 10.43; 8.50; 9.43; 12.93; 2020/01/25 01:00
1.75; 10.37; 8.25; 9.43; 13.00; 2020/01/25 01:30
1.75; 10.37; 8.12; 9.50; 13.00; 2020/01/25 02:00
1.68; 10.43; 7.93; 9.37; 13.00; 2020/01/25 02:30
1.68; 10.37; 7.87; 9.37; 13.00; 2020/01/25 03:00
1.25; 10.37; 7.68; 9.43; 12.93; 2020/01/25 03:30
1.68; 10.37; 7.62; 9.37; 13.00; 2020/01/25 04:00
1.68; 10.37; 7.56; 9.37; 13.00; 2020/01/25 04:30
1.68; 10.31; 7.50; 9.37; 13.00; 2020/01/25 05:00
1.93; 10.37; 7.37; 9.31; 13.00; 2020/01/25 05:30
1.75; 10.37; 7.37; 9.37; 13.00; 2020/01/25 06:00
1.75; 10.31; 7.31; 9.37; 13.00; 2020/01/25 06:30
1.81; 10.37; 7.25; 9.37; 13.06; 2020/01/25 07:00
1.75; 10.31; 7.25; 9.31; 13.00; 2020/01/25 07:30
1.87; 10.37; 7.18; 9.37; 13.00; 2020/01/25 08:00
2.00; 10.37; 7.18; 9.31; 13.00; 2020/01/25 08:30
1.87; 10.31; 7.12; 9.31; 13.06; 2020/01/25 09:00
1.50; 10.37; 7.12; 9.31; 12.93; 2020/01/25 09:30
1.81; 10.37; 7.06; 9.37; 13.00; 2020/01/25 10:00
1.68; 10.31; 7.06; 9.37; 12.93; 2020/01/25 10:30
2.06; 10.50; 7.37; 9.62; 12.75; 2020/01/25 11:00
2.00; 10.68; 7.50; 9.81; 12.75; 2020/01/25 11:30
2.25; 10.37; 7.06; 9.37; 12.93; 2020/01/25 12:00
2.50; 10.43; 7.00; 9.37; 12.93; 2020/01/25 12:30
2.18; 10.43; 7.00; 9.37; 12.93; 2020/01/25 13:00
2.62; 10.31; 6.93; 9.31; 12.93; 2020/01/25 13:30
3.06; 10.37; 6.93; 9.37; 12.93; 2020/01/25 14:00
3.18; 10.43; 6.93; 9.37; 13.00; 2020/01/25 14:30
3.25; 10.37; 6.87; 9.31; 12.93; 2020/01/25 15:00
3.31; 10.37; 6.87; 9.43; 13.00; 2020/01/25 15:30
3.50; 10.43; 6.87; 9.31; 12.93; 2020/01/25 16:00
3.37; 10.43; 6.81; 9.37; 12.87; 2020/01/25 16:30
3.25; 10.31; 6.81; 9.37; 13.00; 2020/01/25 17:00
3.31; 10.37; 6.81; 9.37; 12.93; 2020/01/25 17:30
3.56; 10.43; 6.81; 9.37; 13.00; 2020/01/25 18:00
3.68; 10.37; 6.81; 9.31; 12.93; 2020/01/25 18:30
3.25; 10.37; 6.75; 9.43; 12.93; 2020/01/25 19:00
3.37; 10.43; 6.75; 9.37; 13.00; 2020/01/25 19:30
3.43; 10.43; 6.75; 9.31; 13.00; 2020/01/25 20:00
3.43; 10.37; 6.75; 9.37; 13.00; 2020/01/25 20:30
3.18; 10.43; 6.68; 9.43; 12.93; 2020/01/25 21:00
3.06; 10.43; 6.75; 9.31; 12.87; 2020/01/25 21:30
3.06; 10.43; 6.68; 9.37; 12.93; 2020/01/25 22:00
3.00; 10.37; 6.68; 9.37; 12.93; 2020/01/25 22:30
2.93; 10.43; 6.68; 9.43; 12.93; 2020/01/25 23:00
2.87; 10.43; 6.68; 9.50; 12.93; 2020/01/25 23:30
2.87; 10.43; 6.68; 9.37; 12.93; 2020/01/26 00:00
2.81; 10.37; 6.68; 9.43; 13.00; 2020/01/26 00:30
2.56; 10.43; 6.62; 9.43; 12.93; 2020/01/26 01:00
2.18; 10.50; 6.62; 9.37; 12.93; 2020/01/26 01:30
1.87; 10.37; 6.62; 9.43; 12.93; 2020/01/26 02:00
1.68; 10.37; 6.62; 9.43; 12.93; 2020/01/26 02:30
1.56; 10.43; 6.62; 9.43; 12.93; 2020/01/26 03:00
1.37; 10.37; 6.62; 9.31; 12.93; 2020/01/26 03:30
1.25; 10.37; 6.62; 9.43; 13.00; 2020/01/26 04:00
1.25; 10.43; 6.56; 9.43; 12.93; 2020/01/26 04:30
1.00; 10.31; 6.56; 9.31; 12.93; 2020/01/26 05:00
.87; 10.31; 6.56; 9.37; 12.93; 2020/01/26 05:30
.81; 10.37; 6.56; 9.37; 12.93; 2020/01/26 06:00
.68; 10.31; 6.56; 9.37; 12.93; 2020/01/26 06:30
.75; 10.31; 6.50; 9.37; 12.93; 2020/01/26 07:00
.75; 10.37; 6.50; 9.31; 13.00; 2020/01/26 07:30
.62; 10.31; 6.50; 9.37; 13.00; 2020/01/26 08:00
.68; 10.25; 6.50; 9.31; 13.00; 2020/01/26 08:30
1.06; 10.31; 6.43; 9.43; 13.00; 2020/01/26 09:00
1.12; 10.31; 6.50; 9.31; 12.93; 2020/01/26 09:30
1.25; 10.25; 6.43; 9.25; 13.00; 2020/01/26 10:00
1.87; 10.31; 6.43; 9.31; 12.93; 2020/01/26 10:30
2.37; 10.37; 6.43; 9.25; 12.93; 2020/01/26 11:00
2.93; 10.31; 6.43; 9.25; 13.00; 2020/01/26 11:30
5.56; 10.37; 6.37; 9.37; 12.93; 2020/01/26 12:00
6.18; 10.50; 6.43; 9.31; 12.81; 2020/01/26 12:30
6.81; 10.50; 6.43; 9.31; 12.93; 2020/01/26 13:00
7.43; 10.56; 6.43; 9.50; 12.93; 2020/01/26 13:30
7.50; 10.62; 6.43; 9.37; 12.87; 2020/01/26 14:00
7.81; 10.50; 6.50; 9.37; 12.87; 2020/01/26 14:30
8.00; 10.62; 6.50; 9.43; 12.81; 2020/01/26 15:00
8.18; 10.56; 6.50; 9.37; 12.81; 2020/01/26 15:30
7.93; 10.56; 6.50; 9.37; 12.81; 2020/01/26 16:00
7.37; 10.62; 6.50; 9.43; 12.81; 2020/01/26 16:30
7.06; 10.56; 6.50; 9.43; 12.81; 2020/01/26 17:00
6.43; 10.62; 6.56; 9.50; 12.87; 2020/01/26 17:30
5.93; 10.62; 6.56; 9.56; 12.81; 2020/01/26 18:00
5.62; 10.56; 6.56; 9.56; 12.81; 2020/01/26 18:30
5.75; 10.56; 6.56; 9.56; 12.81; 2020/01/26 19:00
5.93; 10.62; 6.56; 9.62; 12.81; 2020/01/26 19:30
6.06; 10.50; 6.62; 9.62; 12.81; 2020/01/26 20:00
6.12; 10.62; 6.62; 9.62; 12.81; 2020/01/26 20:30
6.12; 10.62; 6.62; 9.68; 12.81; 2020/01/26 21:00
6.12; 10.56; 6.62; 9.62; 12.81; 2020/01/26 21:30
6.18; 10.62; 6.68; 9.75; 12.81; 2020/01/26 22:00
5.81; 10.68; 6.68; 9.68; 12.81; 2020/01/26 22:30
5.56; 10.56; 6.68; 9.68; 12.75; 2020/01/26 23:00
5.62; 10.50; 6.68; 9.62; 12.75; 2020/01/26 23:30
5.62; 10.62; 6.68; 9.68; 12.68; 2020/01/27 00:00
5.50; 10.56; 6.68; 9.62; 12.75; 2020/01/27 00:30
5.18; 10.56; 6.68; 9.62; 12.81; 2020/01/27 01:00
5.68; 10.68; 6.68; 9.68; 12.75; 2020/01/27 01:30
5.93; 10.56; 6.75; 9.68; 12.81; 2020/01/27 02:00
5.87; 10.62; 6.75; 9.87; 12.81; 2020/01/27 02:30
6.18; 10.68; 6.75; 9.81; 12.68; 2020/01/27 03:00
6.12; 10.56; 6.75; 9.68; 12.62; 2020/01/27 03:30
6.25; 10.62; 6.75; 9.75; 12.68; 2020/01/27 04:00
6.12; 10.68; 6.75; 9.75; 12.75; 2020/01/27 04:30
6.12; 10.62; 6.75; 9.68; 12.68; 2020/01/27 05:00
6.12; 10.62; 6.75; 9.75; 12.68; 2020/01/27 05:30
6.37; 10.75; 6.75; 9.75; 12.75; 2020/01/27 06:00
6.31; 10.62; 6.81; 9.68; 12.75; 2020/01/27 06:30
6.25; 10.68; 6.81; 9.75; 12.68; 2020/01/27 07:00
6.31; 10.75; 6.81; 9.81; 12.62; 2020/01/27 07:30
6.31; 10.68; 6.81; 9.81; 12.75; 2020/01/27 08:00
6.31; 10.62; 6.81; 9.68; 12.75; 2020/01/27 08:30
6.62; 10.68; 6.81; 9.75; 12.75; 2020/01/27 09:00
6.62; 10.75; 6.81; 9.81; 12.75; 2020/01/27 09:30
6.75; 10.68; 6.81; 9.75; 12.68; 2020/01/27 10:00
6.68; 10.68; 6.81; 9.81; 12.68; 2020/01/27 10:30
6.87; 10.81; 6.87; 9.81; 12.68; 2020/01/27 11:00
7.12; 10.75; 6.87; 9.81; 12.62; 2020/01/27 11:30
7.37; 10.75; 6.87; 9.81; 12.56; 2020/01/27 12:00
7.37; 10.81; 6.87; 9.87; 12.75; 2020/01/27 12:30
7.31; 10.75; 6.87; 9.87; 12.68; 2020/01/27 13:00
7.37; 10.81; 6.93; 9.81; 12.68; 2020/01/27 13:30
7.31; 10.81; 6.93; 9.87; 12.62; 2020/01/27 14:00
7.18; 10.81; 6.93; 9.81; 12.68; 2020/01/27 14:30
7.18; 10.75; 6.93; 9.81; 12.62; 2020/01/27 15:00
7.31; 10.87; 6.93; 9.93; 12.62; 2020/01/27 15:30
7.43; 10.81; 7.00; 9.87; 12.62; 2020/01/27 16:00
7.37; 10.81; 7.00; 9.93; 12.68; 2020/01/27 16:30
7.18; 10.87; 7.00; 10.00; 12.56; 2020/01/27 17:00
7.00; 10.81; 7.00; 9.87; 12.56; 2020/01/27 17:30
6.87; 10.81; 7.00; 9.93; 12.62; 2020/01/27 18:00
6.81; 10.93; 7.00; 9.93; 12.62; 2020/01/27 18:30
6.81; 10.81; 7.00; 9.87; 12.56; 2020/01/27 19:00
6.68; 10.81; 7.06; 9.87; 12.62; 2020/01/27 19:30
6.62; 10.93; 7.06; 9.93; 12.62; 2020/01/27 20:00
6.81; 10.81; 7.06; 9.93; 12.62; 2020/01/27 20:30
7.00; 10.87; 7.06; 10.00; 12.62; 2020/01/27 21:00
6.93; 10.87; 7.06; 10.00; 12.62; 2020/01/27 21:30
6.87; 10.81; 7.06; 9.93; 12.62; 2020/01/27 22:00
7.00; 10.87; 7.12; 10.00; 12.56; 2020/01/27 22:30
6.81; 10.93; 7.12; 10.00; 12.50; 2020/01/27 23:00
6.62; 10.81; 7.12; 9.93; 12.56; 2020/01/27 23:30
6.62; 10.81; 7.12; 9.93; 12.50; 2020/01/28 00:00
6.62; 10.93; 7.12; 10.12; 12.56; 2020/01/28 00:30
6.56; 10.81; 7.12; 9.93; 12.56; 2020/01/28 01:00
6.62; 10.87; 7.12; 10.06; 12.56; 2020/01/28 01:30
6.50; 11.00; 7.18; 10.12; 12.50; 2020/01/28 02:00
6.50; 10.87; 7.18; 10.00; 12.56; 2020/01/28 02:30
6.56; 10.93; 7.18; 10.12; 12.62; 2020/01/28 03:00
6.50; 10.93; 7.18; 10.00; 12.50; 2020/01/28 03:30
6.75; 10.87; 7.18; 10.00; 12.62; 2020/01/28 04:00
6.31; 11.00; 7.25; 10.00; 12.50; 2020/01/28 04:30
5.93; 10.87; 7.25; 10.00; 12.56; 2020/01/28 05:00
5.75; 10.87; 7.25; 10.00; 12.62; 2020/01/28 05:30
5.75; 11.00; 7.25; 10.06; 12.56; 2020/01/28 06:00
5.87; 10.87; 7.25; 10.00; 12.62; 2020/01/28 06:30
6.12; 11.00; 7.25; 10.12; 12.50; 2020/01/28 07:00
6.37; 10.87; 7.25; 10.00; 12.56; 2020/01/28 07:30
6.31; 10.93; 7.25; 10.06; 12.50; 2020/01/28 08:00
6.06; 11.00; 7.31; 10.12; 12.50; 2020/01/28 08:30
5.18; 10.87; 7.25; 10.00; 12.56; 2020/01/28 09:00
5.06; 11.00; 7.25; 10.06; 12.56; 2020/01/28 09:30
5.18; 10.93; 7.31; 10.06; 12.50; 2020/01/28 10:00
5.31; 10.93; 7.31; 10.12; 12.56; 2020/01/28 10:30
5.50; 11.00; 7.31; 10.06; 12.50; 2020/01/28 11:00
5.31; 10.87; 7.31; 10.06; 12.50; 2020/01/28 11:30
5.00; 11.00; 7.31; 10.06; 12.43; 2020/01/28 12:00
4.87; 11.00; 7.31; 10.06; 12.37; 2020/01/28 12:30
4.87; 10.87; 7.31; 10.06; 12.50; 2020/01/28 13:00
4.75; 11.00; 7.31; 10.12; 12.50; 2020/01/28 13:30
5.00; 10.93; 7.31; 10.06; 12.56; 2020/01/28 14:00
5.12; 10.87; 7.31; 10.06; 12.50; 2020/01/28 14:30
4.56; 11.00; 7.31; 10.12; 12.56; 2020/01/28 15:00
5.50; 10.18; 7.31; 10.06; 12.50; 2020/01/28 15:30
4.50; 10.87; 7.31; 10.06; 12.50; 2020/01/28 16:00
4.56; 10.93; 7.31; 10.12; 12.50; 2020/01/28 16:30
4.50; 10.87; 7.31; 10.12; 12.56; 2020/01/28 17:00
4.37; 10.93; 7.31; 10.18; 12.56; 2020/01/28 17:30
4.43; 10.87; 7.31; 10.06; 12.50; 2020/01/28 18:00
4.31; 10.87; 7.31; 10.18; 12.56; 2020/01/28 18:30
4.25; 10.93; 7.31; 10.06; 12.56; 2020/01/28 19:00
4.37; 10.81; 7.31; 10.00; 12.62; 2020/01/28 19:30
4.50; 10.93; 7.31; 10.12; 12.56; 2020/01/28 20:00
4.50; 10.87; 7.31; 10.00; 12.62; 2020/01/28 20:30
4.31; 10.87; 7.31; 10.06; 12.56; 2020/01/28 21:00
4.37; 11.00; 7.31; 10.18; 12.43; 2020/01/28 21:30
4.50; 10.81; 7.31; 10.06; 12.50; 2020/01/28 22:00
4.31; 10.93; 7.31; 10.06; 12.56; 2020/01/28 22:30
4.25; 10.93; 7.31; 10.00; 12.56; 2020/01/28 23:00
4.12; 10.81; 7.31; 10.00; 12.62; 2020/01/28 23:30
4.00; 10.93; 7.25; 10.06; 12.56; 2020/01/29 00:00
3.93; 10.87; 7.31; 10.06; 12.56; 2020/01/29 00:30
4.93; 10.87; 7.25; 10.06; 12.62; 2020/01/29 01:00
4.25; 10.93; 7.25; 10.06; 12.62; 2020/01/29 01:30
4.31; 10.81; 7.25; 10.00; 12.62; 2020/01/29 02:00
4.31; 10.93; 7.25; 10.06; 12.68; 2020/01/29 02:30
4.25; 10.87; 7.25; 10.00; 12.68; 2020/01/29 03:00
4.31; 10.87; 7.25; 10.06; 12.62; 2020/01/29 03:30
4.12; 10.93; 7.25; 10.00; 12.62; 2020/01/29 04:00
4.06; 10.81; 7.25; 10.00; 12.62; 2020/01/29 04:30
4.06; 10.87; 7.25; 10.00; 12.62; 2020/01/29 05:00
4.06; 10.87; 7.25; 10.00; 12.62; 2020/01/29 05:30
4.06; 10.81; 7.25; 10.00; 12.62; 2020/01/29 06:00
4.12; 10.93; 7.25; 10.00; 12.62; 2020/01/29 06:30
4.06; 10.81; 7.25; 10.00; 12.62; 2020/01/29 07:00
4.00; 10.87; 7.25; 10.00; 12.68; 2020/01/29 07:30
3.87; 10.87; 7.18; 10.00; 12.56; 2020/01/29 08:00
3.87; 10.81; 7.18; 10.00; 12.68; 2020/01/29 08:30
4.00; 10.87; 7.18; 10.00; 12.68; 2020/01/29 09:00
4.00; 10.87; 7.18; 9.93; 12.56; 2020/01/29 09:30
4.06; 10.75; 7.18; 9.93; 12.56; 2020/01/29 10:00
4.12; 10.87; 7.18; 9.93; 12.62; 2020/01/29 10:30
4.12; 10.75; 7.18; 10.00; 12.68; 2020/01/29 11:00
4.31; 10.87; 7.18; 10.06; 12.68; 2020/01/29 11:30
4.50; 10.93; 7.18; 9.93; 12.62; 2020/01/29 12:00
4.75; 10.81; 7.18; 10.00; 12.68; 2020/01/29 12:30
5.12; 10.87; 7.18; 9.93; 12.62; 2020/01/29 13:00
5.25; 10.93; 7.18; 9.93; 12.62; 2020/01/29 13:30
6.06; 10.87; 7.18; 10.00; 12.68; 2020/01/29 14:00
6.06; 11.00; 7.18; 10.00; 12.62; 2020/01/29 14:30
5.43; 10.87; 7.18; 10.00; 12.56; 2020/01/29 15:00
3.37; 10.87; 7.18; 10.06; 12.68; 2020/01/29 15:30
4.18; 10.93; 7.18; 10.00; 12.62; 2020/01/29 16:00
4.25; 10.87; 7.18; 10.00; 12.68; 2020/01/29 16:30
4.00; 10.87; 7.18; 10.12; 12.75; 2020/01/29 17:00
3.87; 11.00; 7.18; 10.06; 12.75; 2020/01/29 17:30
4.37; 10.87; 7.18; 10.00; 12.68; 2020/01/29 18:00
3.68; 10.87; 7.18; 10.06; 12.75; 2020/01/29 18:30
3.75; 10.93; 7.18; 10.06; 12.68; 2020/01/29 19:00
3.68; 10.87; 7.18; 10.06; 12.75; 2020/01/29 19:30
3.87; 10.87; 7.18; 10.06; 12.68; 2020/01/29 20:00
4.12; 10.93; 7.18; 10.12; 12.75; 2020/01/29 20:30
4.00; 10.81; 7.18; 10.06; 12.75; 2020/01/29 21:00
4.18; 10.93; 7.18; 10.12; 12.75; 2020/01/29 21:30
4.50; 10.93; 7.18; 10.06; 12.68; 2020/01/29 22:00
4.37; 10.81; 7.18; 10.06; 12.68; 2020/01/29 22:30
4.56; 10.93; 7.18; 10.00; 12.68; 2020/01/29 23:00
4.62; 10.87; 7.18; 10.00; 12.68; 2020/01/29 23:30
4.75; 10.81; 7.18; 10.00; 12.68; 2020/01/30 00:00
4.87; 10.93; 7.18; 10.06; 12.68; 2020/01/30 00:30
5.68; 10.87; 7.12; 10.00; 12.68; 2020/01/30 01:00
5.25; 10.87; 7.12; 10.06; 12.68; 2020/01/30 01:30
5.31; 10.93; 7.18; 9.93; 12.68; 2020/01/30 02:00
5.56; 10.81; 7.12; 9.93; 12.68; 2020/01/30 02:30
5.87; 10.93; 7.12; 10.06; 12.62; 2020/01/30 03:00
5.75; 10.87; 7.18; 10.00; 12.68; 2020/01/30 03:30
5.68; 10.87; 7.18; 10.06; 12.68; 2020/01/30 04:00
5.75; 10.93; 7.18; 10.00; 12.62; 2020/01/30 04:30
5.81; 10.81; 7.12; 10.06; 12.62; 2020/01/30 05:00
5.81; 10.93; 7.12; 10.00; 12.62; 2020/01/30 05:30
5.87; 10.93; 7.18; 10.00; 12.62; 2020/01/30 06:00
5.81; 10.87; 7.12; 10.06; 12.62; 2020/01/30 06:30
6.06; 10.93; 7.12; 10.00; 12.50; 2020/01/30 07:00
5.93; 10.87; 7.12; 10.00; 12.62; 2020/01/30 07:30
6.12; 10.93; 7.18; 10.06; 12.56; 2020/01/30 08:00
6.12; 10.87; 7.18; 10.00; 12.68; 2020/01/30 08:30
6.06; 10.87; 7.18; 10.12; 12.68; 2020/01/30 09:00
6.12; 11.00; 7.18; 10.06; 12.56; 2020/01/30 09:30
6.18; 10.87; 7.18; 10.06; 12.68; 2020/01/30 10:00
6.37; 11.00; 7.18; 10.12; 12.56; 2020/01/30 10:30
6.68; 10.93; 7.18; 10.06; 12.68; 2020/01/30 11:00
7.00; 10.93; 7.18; 10.06; 12.68; 2020/01/30 11:30
7.56; 11.06; 7.18; 10.12; 12.62; 2020/01/30 12:00
8.12; 11.18; 7.25; 10.18; 12.62; 2020/01/30 12:30
8.31; 11.06; 7.25; 10.18; 12.56; 2020/01/30 13:00
8.37; 11.18; 7.25; 10.18; 12.56; 2020/01/30 13:30
8.62; 11.18; 7.25; 10.18; 12.43; 2020/01/30 14:00
8.62; 11.12; 7.31; 10.25; 12.43; 2020/01/30 14:30
8.62; 11.25; 7.31; 10.31; 12.50; 2020/01/30 15:00
8.56; 11.12; 7.31; 10.12; 12.50; 2020/01/30 15:30
9.00; 11.12; 7.31; 10.18; 12.43; 2020/01/30 16:00
8.62; 11.25; 7.37; 10.25; 12.50; 2020/01/30 16:30
8.62; 11.12; 7.37; 10.25; 12.50; 2020/01/30 17:00
8.62; 11.18; 7.37; 10.37; 12.43; 2020/01/30 17:30
8.93; 11.25; 7.43; 10.31; 12.37; 2020/01/30 18:00
8.12; 11.18; 7.43; 10.25; 12.43; 2020/01/30 18:30
8.31; 11.18; 7.43; 10.37; 12.37; 2020/01/30 19:00
8.12; 11.25; 7.50; 10.43; 12.50; 2020/01/30 19:30
7.81; 11.18; 7.50; 10.37; 12.43; 2020/01/30 20:00
7.68; 11.12; 7.50; 10.43; 12.37; 2020/01/30 20:30
7.68; 11.31; 7.50; 10.43; 12.43; 2020/01/30 21:00
7.75; 11.12; 7.56; 10.43; 12.43; 2020/01/30 21:30
7.93; 11.25; 7.56; 10.56; 12.43; 2020/01/30 22:00
8.18; 11.18; 7.56; 10.43; 12.43; 2020/01/30 22:30
8.68; 11.25; 7.56; 10.50; 12.43; 2020/01/30 23:00
9.00; 11.31; 7.62; 10.50; 12.43; 2020/01/30 23:30
9.75; 11.25; 7.62; 10.43; 12.43; 2020/01/31 00:00
10.43; 11.37; 7.68; 10.56; 12.43; 2020/01/31 00:30
10.68; 11.31; 7.68; 10.50; 12.43; 2020/01/31 01:00
10.75; 11.37; 7.75; 10.62; 12.37; 2020/01/31 01:30
10.81; 11.43; 7.75; 10.56; 12.37; 2020/01/31 02:00
10.87; 11.43; 7.81; 10.56; 12.43; 2020/01/31 02:30
10.68; 11.43; 7.81; 10.68; 12.43; 2020/01/31 03:00
10.68; 11.37; 7.81; 10.62; 12.37; 2020/01/31 03:30
10.43; 11.43; 7.87; 10.62; 12.43; 2020/01/31 04:00
10.31; 11.43; 7.87; 10.62; 12.37; 2020/01/31 04:30
10.18; 11.37; 7.87; 10.62; 12.43; 2020/01/31 05:00
10.00; 11.56; 7.87; 10.68; 12.37; 2020/01/31 05:30
9.81; 11.37; 7.93; 10.68; 12.37; 2020/01/31 06:00
9.75; 11.50; 7.93; 10.75; 12.37; 2020/01/31 06:30
9.75; 11.43; 7.93; 10.68; 12.37; 2020/01/31 07:00
9.68; 11.43; 7.93; 10.81; 12.37; 2020/01/31 07:30
9.68; 11.56; 8.00; 10.81; 12.43; 2020/01/31 08:00
9.62; 11.43; 8.00; 10.75; 12.37; 2020/01/31 08:30
9.56; 11.56; 8.00; 10.81; 12.37; 2020/01/31 09:00
9.56; 11.50; 8.06; 10.75; 12.31; 2020/01/31 09:30
9.56; 11.56; 8.06; 10.87; 12.37; 2020/01/31 10:00
9.75; 11.56; 8.06; 10.75; 12.37; 2020/01/31 10:30
9.93; 11.56; 8.12; 10.87; 12.37; 2020/01/31 11:00
10.00; 11.62; 8.12; 10.81; 12.31; 2020/01/31 11:30
10.43; 11.62; 8.18; 10.87; 12.25; 2020/01/31 12:00
10.56; 11.68; 8.18; 11.00; 12.31; 2020/01/31 12:30
10.75; 11.56; 8.18; 10.93; 12.25; 2020/01/31 13:00
10.75; 11.75; 8.25; 11.12; 12.25; 2020/01/31 13:30
11.31; 11.62; 8.31; 11.00; 12.31; 2020/01/31 14:00
11.68; 11.81; 8.31; 11.12; 12.25; 2020/01/31 14:30
11.68; 11.68; 8.37; 11.06; 12.25; 2020/01/31 15:00
11.75; 11.81; 8.37; 11.18; 12.25; 2020/01/31 15:30
11.75; 11.75; 8.37; 11.12; 12.31; 2020/01/31 16:00
11.87; 11.81; 8.37; 11.25; 12.25; 2020/01/31 16:30
11.93; 11.75; 8.43; 11.12; 12.18; 2020/01/31 17:00
11.93; 11.81; 8.50; 11.25; 12.25; 2020/01/31 17:30
11.81; 11.75; 8.50; 11.18; 12.25; 2020/01/31 18:00
11.87; 12.12; 10.87; 11.62; 12.50; 2020/01/31 18:30
11.87; 13.56; 16.62; 12.56; 13.37; 2020/01/31 19:00
11.93; 14.81; 19.75; 13.75; 13.75; 2020/01/31 19:30
11.50; 14.56; 22.43; 13.50; 12.93; 2020/01/31 20:00
11.43; 15.31; 23.68; 13.87; 13.93; 2020/01/31 20:30
11.75; 14.50; 17.81; 13.43; 14.25; 2020/01/31 21:00
12.06; 13.87; 15.87; 14.25; 12.81; 2020/01/31 21:30
12.18; 14.56; 14.75; 14.81; 12.62; 2020/01/31 22:00
12.12; 15.12; 13.87; 14.81; 12.68; 2020/01/31 22:30
11.56; 14.75; 13.31; 15.00; 12.68; 2020/01/31 23:00
11.00; 14.43; 12.93; 13.00; 14.87; 2020/01/31 23:30
