14.12; 17.00; 17.31; 17.18; 17.50; 2019/10/01 00:00
14.31; 17.00; 17.31; 17.18; 17.43; 2019/10/01 00:30
14.37; 17.00; 17.25; 17.12; 17.43; 2019/10/01 01:00
14.43; 17.00; 17.25; 17.18; 17.43; 2019/10/01 01:30
14.25; 17.00; 17.25; 17.18; 17.37; 2019/10/01 02:00
14.18; 17.00; 17.25; 17.12; 17.37; 2019/10/01 02:30
14.00; 17.00; 17.25; 17.12; 17.37; 2019/10/01 03:00
13.68; 17.00; 17.18; 17.12; 17.37; 2019/10/01 03:30
13.50; 17.00; 17.18; 17.12; 17.37; 2019/10/01 04:00
13.50; 16.93; 17.18; 17.12; 17.31; 2019/10/01 04:30
13.37; 16.93; 17.18; 17.12; 17.31; 2019/10/01 05:00
13.43; 16.93; 17.12; 17.12; 17.31; 2019/10/01 05:30
13.68; 16.93; 17.12; 17.12; 17.31; 2019/10/01 06:00
13.75; 16.93; 17.12; 17.12; 17.25; 2019/10/01 06:30
13.75; 16.93; 17.06; 17.06; 17.25; 2019/10/01 07:00
13.75; 16.93; 17.06; 17.06; 17.25; 2019/10/01 07:30
14.00; 16.93; 17.06; 17.06; 17.25; 2019/10/01 08:00
14.31; 16.87; 17.06; 17.06; 17.25; 2019/10/01 08:30
14.50; 16.87; 17.06; 17.06; 17.18; 2019/10/01 09:00
14.75; 16.87; 17.06; 17.06; 17.18; 2019/10/01 09:30
15.00; 16.87; 17.00; 17.06; 17.18; 2019/10/01 10:00
14.75; 16.87; 17.00; 17.06; 17.18; 2019/10/01 10:30
15.00; 16.87; 17.00; 17.06; 17.18; 2019/10/01 11:00
15.18; 16.87; 17.00; 17.06; 17.25; 2019/10/01 11:30
15.18; 16.87; 17.00; 17.00; 17.25; 2019/10/01 12:00
15.00; 16.87; 17.00; 17.00; 17.25; 2019/10/01 12:30
15.12; 16.87; 17.00; 17.00; 17.25; 2019/10/01 13:00
15.81; 16.93; 17.06; 17.00; 17.43; 2019/10/01 13:30
15.93; 16.93; 17.00; 17.06; 17.43; 2019/10/01 14:00
16.50; 16.93; 17.06; 17.00; 17.50; 2019/10/01 14:30
16.18; 16.93; 17.00; 17.06; 17.50; 2019/10/01 15:00
16.12; 16.93; 17.00; 17.06; 17.43; 2019/10/01 15:30
16.12; 16.93; 16.93; 17.06; 17.43; 2019/10/01 16:00
15.87; 16.93; 16.93; 17.06; 17.37; 2019/10/01 16:30
15.75; 16.93; 16.93; 17.06; 17.37; 2019/10/01 17:00
15.81; 16.87; 16.93; 17.06; 17.37; 2019/10/01 17:30
16.06; 16.87; 16.93; 17.06; 17.37; 2019/10/01 18:00
15.87; 16.87; 16.93; 17.06; 17.37; 2019/10/01 18:30
15.62; 16.93; 16.93; 17.06; 17.37; 2019/10/01 19:00
15.56; 16.87; 16.93; 17.06; 17.31; 2019/10/01 19:30
15.31; 16.87; 16.93; 17.06; 17.31; 2019/10/01 20:00
15.12; 16.87; 16.93; 17.06; 17.25; 2019/10/01 20:30
15.00; 16.87; 16.93; 17.06; 17.25; 2019/10/01 21:00
14.75; 16.87; 16.93; 17.06; 17.25; 2019/10/01 21:30
14.62; 16.87; 16.87; 17.06; 17.25; 2019/10/01 22:00
14.75; 16.87; 16.87; 17.06; 17.25; 2019/10/01 22:30
14.81; 16.87; 16.87; 17.06; 17.25; 2019/10/01 23:00
14.93; 16.87; 16.87; 17.06; 17.18; 2019/10/01 23:30
15.00; 16.87; 16.87; 17.06; 17.18; 2019/10/02 00:00
15.25; 16.87; 16.87; 17.06; 17.18; 2019/10/02 00:30
15.12; 16.87; 16.87; 17.06; 17.18; 2019/10/02 01:00
14.75; 16.87; 16.87; 17.06; 17.18; 2019/10/02 01:30
14.62; 16.87; 16.87; 17.06; 17.18; 2019/10/02 02:00
14.68; 16.81; 16.87; 17.06; 17.12; 2019/10/02 02:30
14.62; 16.87; 16.87; 17.06; 17.18; 2019/10/02 03:00
13.68; 16.87; 16.81; 17.00; 17.12; 2019/10/02 03:30
12.87; 16.81; 16.81; 17.00; 17.12; 2019/10/02 04:00
12.75; 16.81; 16.81; 17.00; 17.12; 2019/10/02 04:30
12.25; 16.81; 16.75; 17.00; 17.06; 2019/10/02 05:00
12.06; 16.81; 16.75; 17.00; 17.06; 2019/10/02 05:30
11.68; 16.75; 16.75; 16.93; 17.06; 2019/10/02 06:00
11.56; 16.75; 16.75; 16.93; 17.00; 2019/10/02 06:30
11.37; 16.75; 16.75; 16.93; 17.00; 2019/10/02 07:00
11.31; 16.68; 16.68; 16.93; 17.00; 2019/10/02 07:30
11.43; 16.68; 16.68; 16.87; 16.93; 2019/10/02 08:00
11.37; 16.68; 16.68; 16.87; 16.93; 2019/10/02 08:30
11.06; 16.62; 16.68; 16.87; 16.93; 2019/10/02 09:00
11.31; 16.62; 16.62; 16.87; 16.93; 2019/10/02 09:30
11.62; 16.62; 16.62; 16.81; 16.93; 2019/10/02 10:00
11.93; 16.62; 16.68; 16.81; 17.06; 2019/10/02 10:30
12.37; 16.62; 16.75; 16.81; 17.25; 2019/10/02 11:00
12.81; 16.68; 16.75; 16.81; 17.87; 2019/10/02 11:30
13.18; 16.68; 16.75; 16.87; 17.81; 2019/10/02 12:00
13.56; 16.81; 16.75; 16.87; 17.81; 2019/10/02 12:30
13.81; 16.75; 16.75; 16.87; 18.06; 2019/10/02 13:00
14.00; 16.75; 16.75; 16.87; 18.06; 2019/10/02 13:30
13.56; 16.75; 16.62; 16.81; 17.81; 2019/10/02 14:00
14.75; 16.87; 16.87; 17.06; 18.62; 2019/10/02 14:30
13.93; 16.81; 16.75; 17.00; 18.43; 2019/10/02 15:00
14.50; 16.81; 16.87; 17.06; 18.31; 2019/10/02 15:30
13.81; 16.81; 16.93; 17.00; 18.43; 2019/10/02 16:00
13.00; 16.81; 16.87; 17.00; 18.06; 2019/10/02 16:30
12.43; 16.75; 16.87; 16.93; 18.00; 2019/10/02 17:00
12.18; 16.68; 16.87; 16.93; 17.75; 2019/10/02 17:30
11.68; 16.68; 16.81; 16.93; 17.68; 2019/10/02 18:00
12.18; 16.62; 16.81; 16.93; 17.62; 2019/10/02 18:30
11.93; 16.62; 16.75; 17.00; 17.56; 2019/10/02 19:00
11.50; 16.62; 16.75; 17.00; 17.50; 2019/10/02 19:30
11.06; 16.56; 16.75; 17.00; 17.43; 2019/10/02 20:00
10.25; 16.56; 16.75; 17.00; 17.43; 2019/10/02 20:30
10.31; 16.56; 16.75; 17.00; 17.37; 2019/10/02 21:00
10.00; 16.50; 16.75; 17.00; 17.31; 2019/10/02 21:30
9.93; 16.50; 16.68; 16.93; 17.31; 2019/10/02 22:00
10.00; 16.43; 16.75; 16.93; 17.25; 2019/10/02 22:30
9.62; 16.37; 16.68; 16.87; 17.18; 2019/10/02 23:00
10.37; 16.37; 16.68; 16.87; 17.18; 2019/10/02 23:30
10.18; 16.37; 16.68; 16.81; 17.12; 2019/10/03 00:00
10.43; 16.37; 16.62; 16.81; 17.12; 2019/10/03 00:30
9.68; 16.37; 16.62; 16.81; 17.06; 2019/10/03 01:00
9.87; 16.31; 16.62; 16.75; 17.06; 2019/10/03 01:30
9.81; 16.31; 16.56; 16.75; 17.00; 2019/10/03 02:00
10.00; 16.31; 16.56; 16.68; 16.93; 2019/10/03 02:30
9.75; 16.25; 16.56; 16.68; 16.93; 2019/10/03 03:00
9.81; 16.25; 16.50; 16.62; 16.87; 2019/10/03 03:30
10.06; 16.18; 16.50; 16.62; 16.81; 2019/10/03 04:00
10.18; 16.18; 16.43; 16.56; 16.81; 2019/10/03 04:30
10.06; 16.18; 16.43; 16.50; 16.75; 2019/10/03 05:00
10.12; 16.18; 16.43; 16.50; 16.75; 2019/10/03 05:30
10.25; 16.18; 16.37; 16.50; 16.68; 2019/10/03 06:00
10.31; 16.12; 16.37; 16.43; 16.68; 2019/10/03 06:30
10.37; 16.12; 16.31; 16.43; 16.62; 2019/10/03 07:00
10.31; 16.12; 16.31; 16.37; 16.62; 2019/10/03 07:30
10.18; 16.06; 16.25; 16.37; 16.56; 2019/10/03 08:00
10.31; 16.06; 16.25; 16.31; 16.50; 2019/10/03 08:30
10.43; 16.06; 16.25; 16.31; 16.50; 2019/10/03 09:00
10.43; 16.00; 16.18; 16.25; 16.50; 2019/10/03 09:30
10.37; 16.00; 16.18; 16.25; 16.50; 2019/10/03 10:00
10.75; 16.00; 16.18; 16.25; 16.56; 2019/10/03 10:30
10.93; 16.00; 16.12; 16.25; 16.56; 2019/10/03 11:00
11.25; 16.00; 16.12; 16.18; 16.56; 2019/10/03 11:30
11.62; 16.00; 16.12; 16.18; 16.56; 2019/10/03 12:00
11.93; 16.00; 16.12; 16.18; 16.62; 2019/10/03 12:30
12.12; 15.93; 16.06; 16.12; 16.56; 2019/10/03 13:00
12.56; 15.93; 16.06; 16.12; 16.56; 2019/10/03 13:30
12.68; 15.93; 16.06; 16.12; 16.56; 2019/10/03 14:00
12.68; 15.93; 16.00; 16.12; 16.56; 2019/10/03 14:30
13.50; 16.00; 16.12; 16.12; 16.68; 2019/10/03 15:00
13.75; 16.00; 16.12; 16.12; 16.75; 2019/10/03 15:30
12.75; 15.93; 16.00; 16.06; 16.62; 2019/10/03 16:00
12.68; 15.93; 16.00; 16.06; 16.62; 2019/10/03 16:30
12.75; 15.93; 16.00; 16.06; 16.56; 2019/10/03 17:00
12.37; 15.87; 16.00; 16.06; 16.50; 2019/10/03 17:30
11.56; 15.87; 15.93; 16.00; 16.50; 2019/10/03 18:00
11.68; 15.87; 15.93; 16.06; 16.43; 2019/10/03 18:30
11.25; 15.87; 15.93; 16.00; 16.37; 2019/10/03 19:00
11.31; 15.81; 15.87; 16.00; 16.37; 2019/10/03 19:30
11.25; 15.81; 15.87; 16.00; 16.31; 2019/10/03 20:00
10.81; 15.81; 15.87; 16.00; 16.31; 2019/10/03 20:30
11.00; 15.75; 15.87; 16.00; 16.25; 2019/10/03 21:00
10.87; 15.75; 15.81; 16.00; 16.25; 2019/10/03 21:30
10.93; 15.75; 15.81; 15.93; 16.25; 2019/10/03 22:00
10.62; 15.68; 15.81; 15.93; 16.18; 2019/10/03 22:30
10.43; 15.68; 15.75; 15.93; 16.18; 2019/10/03 23:00
10.56; 15.68; 15.75; 15.87; 16.12; 2019/10/03 23:30
10.56; 15.62; 15.75; 15.87; 16.12; 2019/10/04 00:00
10.37; 15.62; 15.68; 15.87; 16.06; 2019/10/04 00:30
10.31; 15.62; 15.68; 15.81; 16.06; 2019/10/04 01:00
10.31; 15.56; 15.68; 15.81; 16.00; 2019/10/04 01:30
10.31; 15.56; 15.68; 15.81; 16.00; 2019/10/04 02:00
10.50; 15.56; 15.62; 15.75; 15.93; 2019/10/04 02:30
10.56; 15.50; 15.62; 15.75; 15.93; 2019/10/04 03:00
10.31; 15.50; 15.62; 15.75; 15.93; 2019/10/04 03:30
10.43; 15.50; 15.56; 15.68; 15.87; 2019/10/04 04:00
10.37; 15.50; 15.56; 15.68; 15.87; 2019/10/04 04:30
10.37; 15.43; 15.50; 15.62; 15.87; 2019/10/04 05:00
10.31; 15.43; 15.50; 15.62; 15.81; 2019/10/04 05:30
10.31; 15.43; 15.50; 15.62; 15.81; 2019/10/04 06:00
10.25; 15.37; 15.43; 15.56; 15.81; 2019/10/04 06:30
10.25; 15.37; 15.43; 15.56; 15.75; 2019/10/04 07:00
10.25; 15.37; 15.37; 15.56; 15.68; 2019/10/04 07:30
10.31; 15.37; 15.37; 15.50; 15.68; 2019/10/04 08:00
10.43; 15.31; 15.37; 15.50; 15.68; 2019/10/04 08:30
10.50; 15.31; 15.31; 15.50; 15.68; 2019/10/04 09:00
10.43; 15.31; 15.31; 15.43; 15.62; 2019/10/04 09:30
10.37; 15.31; 15.25; 15.43; 15.62; 2019/10/04 10:00
10.68; 15.25; 15.25; 15.37; 15.62; 2019/10/04 10:30
10.31; 15.25; 15.25; 15.37; 15.62; 2019/10/04 11:00
10.00; 15.25; 15.18; 15.37; 15.56; 2019/10/04 11:30
10.00; 15.25; 15.18; 15.31; 15.56; 2019/10/04 12:00
10.25; 15.18; 15.12; 15.31; 15.56; 2019/10/04 12:30
10.25; 15.18; 15.12; 15.31; 15.50; 2019/10/04 13:00
10.43; 15.18; 15.12; 15.31; 15.50; 2019/10/04 13:30
10.43; 15.18; 15.12; 15.25; 15.50; 2019/10/04 14:00
10.81; 15.12; 15.06; 15.25; 15.50; 2019/10/04 14:30
11.25; 15.12; 15.06; 15.25; 15.43; 2019/10/04 15:00
11.75; 15.12; 15.06; 15.25; 15.43; 2019/10/04 15:30
12.56; 15.12; 15.06; 15.25; 15.56; 2019/10/04 16:00
12.81; 15.12; 15.06; 15.25; 15.56; 2019/10/04 16:30
12.87; 15.12; 15.00; 15.18; 15.56; 2019/10/04 17:00
12.81; 15.12; 15.81; 15.25; 15.50; 2019/10/04 17:30
13.25; 16.81; 21.62; 16.37; 15.50; 2019/10/04 18:00
12.93; 16.62; 21.93; 16.00; 15.50; 2019/10/04 18:30
14.68; 18.25; 25.75; 17.06; 17.50; 2019/10/04 19:00
13.87; 19.25; 27.06; 17.56; 18.37; 2019/10/04 19:30
13.43; 19.25; 27.56; 17.93; 19.00; 2019/10/04 20:00
12.87; 19.62; 28.25; 18.00; 19.18; 2019/10/04 20:30
12.68; 17.62; 21.37; 16.87; 17.93; 2019/10/04 21:00
12.56; 17.18; 20.00; 16.56; 17.75; 2019/10/04 21:30
12.37; 16.43; 19.43; 16.18; 17.00; 2019/10/04 22:00
12.25; 16.12; 18.81; 16.00; 16.68; 2019/10/04 22:30
12.25; 16.00; 18.06; 15.87; 16.50; 2019/10/04 23:00
11.87; 15.93; 18.06; 15.81; 16.31; 2019/10/04 23:30
11.62; 15.81; 17.75; 15.68; 16.18; 2019/10/05 00:00
11.43; 15.75; 17.56; 15.68; 16.06; 2019/10/05 00:30
11.37; 15.68; 17.37; 15.56; 16.00; 2019/10/05 01:00
11.12; 15.62; 17.25; 15.56; 15.93; 2019/10/05 01:30
11.00; 15.62; 17.12; 15.56; 15.93; 2019/10/05 02:00
11.00; 15.56; 17.00; 15.50; 15.87; 2019/10/05 02:30
11.00; 15.56; 16.87; 15.43; 15.81; 2019/10/05 03:00
10.93; 15.50; 16.75; 15.43; 15.81; 2019/10/05 03:30
10.62; 15.50; 16.68; 15.43; 15.75; 2019/10/05 04:00
10.62; 15.43; 16.62; 15.37; 15.75; 2019/10/05 04:30
10.50; 15.43; 16.56; 15.37; 15.68; 2019/10/05 05:00
10.43; 15.43; 16.50; 15.31; 15.68; 2019/10/05 05:30
10.50; 15.37; 16.43; 15.31; 15.62; 2019/10/05 06:00
10.37; 15.37; 16.37; 15.31; 15.62; 2019/10/05 06:30
10.43; 15.31; 16.31; 15.25; 15.56; 2019/10/05 07:00
10.25; 15.31; 16.25; 15.25; 15.56; 2019/10/05 07:30
10.06; 15.25; 16.18; 15.18; 15.50; 2019/10/05 08:00
9.93; 15.25; 16.12; 15.12; 15.50; 2019/10/05 08:30
9.93; 15.25; 16.12; 15.18; 15.50; 2019/10/05 09:00
9.81; 15.25; 16.06; 15.12; 15.43; 2019/10/05 09:30
10.25; 15.18; 16.00; 15.18; 15.43; 2019/10/05 10:00
10.81; 15.18; 16.00; 15.18; 15.56; 2019/10/05 10:30
10.56; 15.18; 15.93; 15.12; 15.50; 2019/10/05 11:00
10.87; 15.18; 15.93; 15.12; 15.62; 2019/10/05 11:30
11.00; 15.12; 15.87; 15.06; 15.56; 2019/10/05 12:00
11.00; 15.12; 15.87; 15.06; 15.50; 2019/10/05 12:30
11.25; 15.12; 15.81; 15.06; 15.50; 2019/10/05 13:00
11.37; 15.12; 15.75; 15.06; 15.56; 2019/10/05 13:30
11.62; 15.12; 15.75; 15.06; 15.50; 2019/10/05 14:00
12.18; 15.12; 15.81; 15.12; 15.62; 2019/10/05 14:30
13.25; 15.18; 15.93; 15.00; 16.00; 2019/10/05 15:00
13.12; 15.18; 15.87; 15.18; 15.81; 2019/10/05 15:30
12.75; 15.18; 15.81; 15.12; 15.87; 2019/10/05 16:00
12.75; 15.12; 15.68; 15.06; 15.75; 2019/10/05 16:30
13.06; 15.12; 15.75; 15.06; 15.75; 2019/10/05 17:00
13.00; 15.12; 15.87; 15.12; 15.75; 2019/10/05 17:30
12.50; 15.12; 15.75; 15.12; 15.68; 2019/10/05 18:00
11.93; 15.06; 15.75; 15.06; 15.62; 2019/10/05 18:30
12.12; 15.06; 15.62; 15.00; 15.62; 2019/10/05 19:00
11.68; 15.06; 15.62; 15.00; 15.56; 2019/10/05 19:30
11.12; 15.00; 15.62; 15.00; 15.50; 2019/10/05 20:00
10.62; 14.93; 15.56; 15.00; 15.50; 2019/10/05 20:30
10.25; 14.93; 15.56; 14.93; 15.43; 2019/10/05 21:00
10.00; 14.93; 15.50; 14.93; 15.37; 2019/10/05 21:30
9.68; 14.93; 15.50; 14.93; 15.37; 2019/10/05 22:00
9.31; 14.87; 15.50; 14.87; 15.37; 2019/10/05 22:30
9.25; 14.87; 15.43; 14.93; 15.31; 2019/10/05 23:00
9.00; 14.87; 15.43; 14.87; 15.31; 2019/10/05 23:30
8.81; 14.81; 15.43; 14.87; 15.31; 2019/10/06 00:00
8.75; 14.81; 15.37; 14.87; 15.25; 2019/10/06 00:30
8.50; 14.75; 15.37; 14.87; 15.18; 2019/10/06 01:00
8.43; 14.75; 15.37; 14.87; 15.18; 2019/10/06 01:30
8.43; 14.75; 15.31; 14.81; 15.12; 2019/10/06 02:00
8.25; 14.68; 15.31; 14.81; 15.12; 2019/10/06 02:30
8.62; 14.68; 15.25; 14.81; 15.06; 2019/10/06 03:00
8.68; 14.68; 15.25; 14.75; 15.06; 2019/10/06 03:30
8.81; 14.68; 15.18; 14.75; 15.00; 2019/10/06 04:00
9.12; 14.62; 15.18; 14.75; 15.00; 2019/10/06 04:30
8.87; 14.62; 15.12; 14.68; 15.00; 2019/10/06 05:00
8.87; 14.62; 15.12; 14.68; 14.93; 2019/10/06 05:30
9.25; 14.56; 15.06; 14.68; 14.93; 2019/10/06 06:00
9.50; 14.56; 15.06; 14.62; 14.87; 2019/10/06 06:30
9.75; 14.56; 15.00; 14.62; 14.87; 2019/10/06 07:00
9.62; 14.56; 15.00; 14.62; 14.81; 2019/10/06 07:30
9.68; 14.50; 14.93; 14.56; 14.81; 2019/10/06 08:00
9.75; 14.50; 14.93; 14.56; 14.81; 2019/10/06 08:30
9.75; 14.50; 14.87; 14.50; 14.75; 2019/10/06 09:00
9.87; 14.50; 14.87; 14.50; 14.75; 2019/10/06 09:30
9.93; 14.43; 14.81; 14.50; 14.75; 2019/10/06 10:00
10.43; 14.43; 14.81; 14.43; 14.75; 2019/10/06 10:30
10.62; 14.43; 14.81; 14.43; 14.75; 2019/10/06 11:00
10.62; 14.43; 14.75; 14.43; 14.75; 2019/10/06 11:30
10.81; 14.43; 14.75; 14.37; 14.68; 2019/10/06 12:00
10.37; 14.43; 14.68; 14.37; 14.68; 2019/10/06 12:30
9.81; 14.37; 14.68; 14.37; 14.68; 2019/10/06 13:00
9.56; 14.37; 14.62; 14.37; 14.68; 2019/10/06 13:30
9.87; 14.37; 14.62; 14.31; 14.68; 2019/10/06 14:00
9.75; 14.31; 14.62; 14.31; 14.62; 2019/10/06 14:30
9.87; 14.31; 14.56; 14.31; 14.62; 2019/10/06 15:00
9.81; 14.31; 14.56; 14.31; 14.62; 2019/10/06 15:30
10.25; 14.37; 14.50; 14.50; 14.62; 2019/10/06 16:00
9.87; 14.25; 14.50; 14.31; 14.62; 2019/10/06 16:30
9.81; 14.25; 14.50; 14.25; 14.56; 2019/10/06 17:00
9.68; 14.18; 14.43; 14.25; 14.56; 2019/10/06 17:30
9.50; 14.18; 14.43; 14.25; 14.56; 2019/10/06 18:00
9.25; 14.18; 14.37; 14.18; 14.50; 2019/10/06 18:30
9.25; 14.18; 14.37; 14.18; 14.50; 2019/10/06 19:00
9.18; 14.12; 14.37; 14.18; 14.43; 2019/10/06 19:30
9.31; 14.12; 14.31; 14.12; 14.43; 2019/10/06 20:00
9.12; 14.12; 14.31; 14.12; 14.43; 2019/10/06 20:30
9.12; 14.12; 14.31; 14.12; 14.43; 2019/10/06 21:00
9.18; 14.06; 14.25; 14.12; 14.37; 2019/10/06 21:30
9.37; 14.06; 14.25; 14.12; 14.37; 2019/10/06 22:00
9.31; 14.06; 14.25; 14.12; 14.31; 2019/10/06 22:30
9.18; 14.06; 14.18; 14.12; 14.31; 2019/10/06 23:00
9.37; 14.00; 14.18; 14.06; 14.31; 2019/10/06 23:30
9.06; 14.00; 14.12; 14.06; 14.25; 2019/10/07 00:00
9.12; 14.00; 14.12; 14.06; 14.25; 2019/10/07 00:30
9.00; 14.00; 14.12; 14.00; 14.18; 2019/10/07 01:00
9.12; 13.93; 14.12; 14.00; 14.18; 2019/10/07 01:30
9.12; 13.93; 14.06; 14.00; 14.18; 2019/10/07 02:00
9.12; 13.93; 14.06; 14.00; 14.18; 2019/10/07 02:30
9.18; 13.93; 14.00; 13.93; 14.12; 2019/10/07 03:00
9.06; 13.87; 14.00; 13.93; 14.12; 2019/10/07 03:30
9.06; 13.87; 13.93; 13.93; 14.12; 2019/10/07 04:00
9.00; 13.87; 13.93; 13.93; 14.06; 2019/10/07 04:30
9.12; 13.81; 13.93; 13.87; 14.06; 2019/10/07 05:00
8.93; 13.81; 13.87; 13.87; 14.06; 2019/10/07 05:30
8.75; 13.81; 13.87; 13.87; 14.06; 2019/10/07 06:00
8.93; 13.81; 13.87; 13.87; 14.00; 2019/10/07 06:30
9.00; 13.75; 13.81; 13.81; 14.00; 2019/10/07 07:00
8.93; 13.75; 13.81; 13.81; 13.93; 2019/10/07 07:30
8.75; 13.75; 13.81; 13.81; 13.93; 2019/10/07 08:00
8.93; 13.75; 13.75; 13.75; 13.93; 2019/10/07 08:30
9.00; 13.68; 13.75; 13.75; 13.93; 2019/10/07 09:00
8.81; 13.68; 13.75; 13.75; 13.93; 2019/10/07 09:30
9.25; 13.68; 13.68; 13.75; 13.87; 2019/10/07 10:00
9.43; 13.68; 13.68; 13.75; 13.87; 2019/10/07 10:30
9.62; 13.68; 13.68; 13.75; 13.87; 2019/10/07 11:00
9.87; 13.68; 13.62; 13.68; 13.87; 2019/10/07 11:30
10.25; 13.62; 13.62; 13.68; 13.87; 2019/10/07 12:00
10.75; 13.68; 13.62; 13.68; 13.87; 2019/10/07 12:30
11.18; 13.68; 13.68; 13.68; 14.18; 2019/10/07 13:00
11.50; 13.68; 13.68; 13.68; 14.31; 2019/10/07 13:30
11.62; 13.75; 13.62; 13.62; 14.31; 2019/10/07 14:00
11.87; 13.68; 13.62; 13.75; 14.25; 2019/10/07 14:30
12.00; 13.68; 13.62; 13.68; 14.25; 2019/10/07 15:00
11.93; 13.68; 13.56; 13.75; 14.18; 2019/10/07 15:30
12.12; 13.68; 13.56; 13.68; 14.12; 2019/10/07 16:00
12.18; 13.68; 13.56; 13.75; 14.12; 2019/10/07 16:30
12.25; 13.68; 13.56; 13.68; 14.12; 2019/10/07 17:00
12.43; 13.68; 13.75; 13.68; 14.18; 2019/10/07 17:30
11.93; 13.68; 13.62; 13.68; 14.12; 2019/10/07 18:00
11.87; 13.68; 13.62; 13.68; 14.12; 2019/10/07 18:30
11.75; 13.62; 13.56; 13.75; 14.06; 2019/10/07 19:00
11.68; 13.62; 13.56; 13.68; 14.00; 2019/10/07 19:30
11.56; 13.62; 13.56; 13.68; 14.00; 2019/10/07 20:00
11.56; 13.62; 13.50; 13.68; 14.00; 2019/10/07 20:30
11.56; 13.62; 13.50; 13.68; 14.00; 2019/10/07 21:00
11.37; 13.62; 13.50; 13.68; 13.93; 2019/10/07 21:30
11.25; 13.62; 13.50; 13.68; 13.93; 2019/10/07 22:00
11.31; 13.56; 13.50; 13.68; 13.93; 2019/10/07 22:30
11.31; 13.56; 13.50; 13.68; 13.93; 2019/10/07 23:00
11.31; 13.56; 13.50; 13.62; 13.93; 2019/10/07 23:30
11.31; 13.56; 13.50; 13.62; 13.87; 2019/10/08 00:00
11.43; 13.56; 13.50; 13.68; 13.87; 2019/10/08 00:30
11.93; 13.56; 13.50; 13.68; 13.87; 2019/10/08 01:00
11.62; 13.56; 13.43; 13.68; 13.87; 2019/10/08 01:30
11.68; 13.56; 13.43; 13.68; 13.87; 2019/10/08 02:00
11.56; 13.50; 13.43; 13.62; 13.87; 2019/10/08 02:30
11.50; 13.56; 13.43; 13.62; 13.87; 2019/10/08 03:00
11.81; 13.50; 13.43; 13.62; 13.81; 2019/10/08 03:30
11.87; 13.50; 13.43; 13.62; 13.87; 2019/10/08 04:00
11.56; 13.50; 13.43; 13.62; 13.81; 2019/10/08 04:30
11.62; 13.50; 13.43; 13.62; 13.81; 2019/10/08 05:00
11.50; 13.50; 13.37; 13.62; 13.81; 2019/10/08 05:30
11.50; 13.50; 13.37; 13.62; 13.81; 2019/10/08 06:00
11.56; 13.50; 13.37; 13.62; 13.81; 2019/10/08 06:30
11.62; 13.50; 13.37; 13.62; 13.81; 2019/10/08 07:00
11.62; 13.50; 13.37; 13.56; 13.81; 2019/10/08 07:30
11.62; 13.50; 13.37; 13.62; 13.81; 2019/10/08 08:00
11.62; 13.50; 13.37; 13.62; 13.81; 2019/10/08 08:30
11.68; 13.50; 13.37; 13.56; 13.81; 2019/10/08 09:00
11.75; 13.50; 13.37; 13.56; 13.81; 2019/10/08 09:30
11.87; 13.50; 13.37; 13.56; 13.81; 2019/10/08 10:00
12.06; 13.50; 13.37; 13.56; 13.81; 2019/10/08 10:30
12.12; 13.50; 13.31; 13.56; 13.81; 2019/10/08 11:00
12.31; 13.50; 13.31; 13.56; 13.81; 2019/10/08 11:30
12.50; 13.50; 13.31; 13.56; 13.81; 2019/10/08 12:00
12.75; 13.50; 13.37; 13.56; 13.81; 2019/10/08 12:30
12.87; 13.50; 13.37; 13.56; 13.87; 2019/10/08 13:00
12.93; 13.50; 13.31; 13.56; 13.87; 2019/10/08 13:30
13.12; 13.50; 13.37; 13.50; 13.87; 2019/10/08 14:00
13.37; 13.50; 13.37; 13.56; 13.87; 2019/10/08 14:30
13.43; 13.50; 13.37; 13.56; 13.87; 2019/10/08 15:00
13.93; 13.56; 13.37; 13.62; 13.93; 2019/10/08 15:30
14.56; 13.62; 13.56; 13.68; 14.31; 2019/10/08 16:00
14.25; 13.62; 13.43; 13.56; 14.12; 2019/10/08 16:30
14.37; 13.62; 13.43; 13.56; 14.06; 2019/10/08 17:00
14.18; 13.62; 13.43; 13.56; 14.06; 2019/10/08 17:30
14.00; 13.56; 13.37; 13.62; 14.00; 2019/10/08 18:00
13.87; 13.56; 13.37; 13.62; 14.00; 2019/10/08 18:30
13.75; 13.56; 13.37; 13.62; 14.00; 2019/10/08 19:00
13.50; 13.56; 13.37; 13.62; 14.00; 2019/10/08 19:30
13.43; 13.56; 13.37; 13.62; 14.00; 2019/10/08 20:00
13.37; 13.56; 13.37; 13.62; 13.93; 2019/10/08 20:30
13.25; 13.56; 13.37; 13.68; 13.93; 2019/10/08 21:00
13.00; 13.56; 13.43; 13.68; 13.93; 2019/10/08 21:30
12.93; 13.56; 13.43; 13.68; 13.93; 2019/10/08 22:00
12.93; 13.56; 13.43; 13.68; 13.93; 2019/10/08 22:30
12.87; 13.56; 13.43; 13.68; 13.93; 2019/10/08 23:00
13.00; 13.56; 13.43; 13.68; 13.93; 2019/10/08 23:30
13.06; 13.56; 13.43; 13.68; 13.93; 2019/10/09 00:00
12.87; 13.56; 13.43; 13.68; 13.93; 2019/10/09 00:30
13.06; 13.56; 13.43; 13.68; 13.93; 2019/10/09 01:00
12.68; 13.56; 13.43; 13.68; 13.93; 2019/10/09 01:30
12.68; 13.56; 13.43; 13.68; 13.93; 2019/10/09 02:00
12.62; 13.56; 13.43; 13.68; 13.93; 2019/10/09 02:30
12.56; 13.56; 13.43; 13.68; 13.93; 2019/10/09 03:00
12.31; 13.56; 13.43; 13.68; 13.93; 2019/10/09 03:30
12.25; 13.56; 13.43; 13.68; 13.93; 2019/10/09 04:00
12.12; 13.56; 13.43; 13.68; 13.93; 2019/10/09 04:30
12.12; 13.56; 13.43; 13.68; 13.93; 2019/10/09 05:00
12.18; 13.56; 13.43; 13.68; 13.93; 2019/10/09 05:30
12.25; 13.56; 13.43; 13.68; 13.87; 2019/10/09 06:00
12.12; 13.56; 13.43; 13.68; 13.87; 2019/10/09 06:30
12.00; 13.56; 13.43; 13.68; 13.87; 2019/10/09 07:00
11.87; 13.56; 13.43; 13.68; 13.87; 2019/10/09 07:30
11.75; 13.56; 13.37; 13.68; 13.87; 2019/10/09 08:00
11.87; 13.56; 13.37; 13.75; 13.87; 2019/10/09 08:30
12.00; 13.56; 13.43; 13.75; 13.87; 2019/10/09 09:00
12.06; 13.56; 13.43; 13.75; 13.87; 2019/10/09 09:30
12.31; 13.56; 13.43; 13.75; 13.87; 2019/10/09 10:00
12.43; 13.56; 13.43; 13.75; 13.93; 2019/10/09 10:30
12.75; 13.56; 13.43; 13.75; 14.00; 2019/10/09 11:00
12.75; 13.56; 13.43; 13.75; 14.00; 2019/10/09 11:30
13.00; 13.56; 13.43; 13.75; 14.00; 2019/10/09 12:00
13.00; 13.56; 13.43; 13.75; 14.00; 2019/10/09 12:30
13.25; 13.56; 13.43; 13.75; 14.00; 2019/10/09 13:00
13.37; 13.56; 13.43; 13.75; 14.00; 2019/10/09 13:30
13.68; 13.56; 13.43; 13.75; 14.06; 2019/10/09 14:00
13.87; 13.62; 13.50; 13.75; 14.06; 2019/10/09 14:30
13.56; 13.62; 13.43; 13.75; 14.06; 2019/10/09 15:00
12.75; 13.62; 13.50; 13.75; 14.06; 2019/10/09 15:30
13.12; 13.62; 13.50; 13.75; 14.06; 2019/10/09 16:00
12.50; 13.62; 13.43; 13.75; 14.06; 2019/10/09 16:30
11.93; 13.62; 13.43; 13.75; 14.06; 2019/10/09 17:00
12.00; 13.62; 13.43; 13.75; 14.06; 2019/10/09 17:30
12.06; 13.56; 13.43; 13.75; 14.06; 2019/10/09 18:00
12.06; 13.56; 13.43; 13.75; 14.00; 2019/10/09 18:30
12.06; 13.56; 13.43; 13.81; 14.00; 2019/10/09 19:00
11.81; 13.56; 13.43; 13.81; 14.00; 2019/10/09 19:30
11.87; 13.56; 13.43; 13.81; 14.00; 2019/10/09 20:00
11.75; 13.56; 13.43; 13.81; 14.00; 2019/10/09 20:30
11.68; 13.56; 13.43; 13.75; 14.00; 2019/10/09 21:00
11.68; 13.56; 13.43; 13.75; 13.93; 2019/10/09 21:30
11.25; 13.56; 13.43; 13.75; 13.93; 2019/10/09 22:00
11.37; 13.56; 13.43; 13.75; 13.93; 2019/10/09 22:30
11.43; 13.56; 13.43; 13.75; 13.93; 2019/10/09 23:00
11.37; 13.50; 13.43; 13.75; 13.93; 2019/10/09 23:30
11.31; 13.50; 13.43; 13.75; 13.93; 2019/10/10 00:00
11.18; 13.50; 13.37; 13.75; 13.87; 2019/10/10 00:30
11.37; 13.50; 13.37; 13.75; 13.93; 2019/10/10 01:00
10.87; 13.50; 13.37; 13.75; 13.87; 2019/10/10 01:30
10.68; 13.50; 13.37; 13.68; 13.87; 2019/10/10 02:00
10.75; 13.50; 13.37; 13.68; 13.87; 2019/10/10 02:30
10.68; 13.50; 13.37; 13.68; 13.87; 2019/10/10 03:00
10.75; 13.43; 13.37; 13.68; 13.81; 2019/10/10 03:30
10.81; 13.43; 13.37; 13.68; 13.81; 2019/10/10 04:00
10.75; 13.43; 13.37; 13.62; 13.81; 2019/10/10 04:30
10.56; 13.43; 13.31; 13.62; 13.81; 2019/10/10 05:00
10.62; 13.43; 13.31; 13.62; 13.81; 2019/10/10 05:30
10.62; 13.43; 13.31; 13.62; 13.81; 2019/10/10 06:00
10.43; 13.43; 13.31; 13.62; 13.81; 2019/10/10 06:30
10.43; 13.43; 13.31; 13.56; 13.81; 2019/10/10 07:00
10.37; 13.43; 13.25; 13.56; 13.75; 2019/10/10 07:30
10.37; 13.43; 13.25; 13.56; 13.75; 2019/10/10 08:00
10.43; 13.37; 13.25; 13.56; 13.75; 2019/10/10 08:30
10.56; 13.37; 13.25; 13.56; 13.75; 2019/10/10 09:00
10.75; 13.37; 13.25; 13.56; 13.75; 2019/10/10 09:30
10.87; 13.37; 13.25; 13.56; 13.68; 2019/10/10 10:00
11.00; 13.37; 13.25; 13.56; 13.68; 2019/10/10 10:30
11.18; 13.37; 13.25; 13.50; 13.75; 2019/10/10 11:00
11.62; 13.37; 13.25; 13.56; 13.81; 2019/10/10 11:30
11.81; 13.37; 13.25; 13.56; 13.81; 2019/10/10 12:00
12.06; 13.43; 13.25; 13.56; 13.87; 2019/10/10 12:30
12.43; 13.43; 13.31; 13.50; 14.00; 2019/10/10 13:00
12.87; 13.43; 13.31; 13.56; 14.12; 2019/10/10 13:30
13.31; 13.50; 13.37; 13.62; 14.25; 2019/10/10 14:00
13.31; 13.50; 13.31; 13.56; 14.18; 2019/10/10 14:30
13.56; 13.56; 13.31; 13.56; 14.31; 2019/10/10 15:00
13.81; 13.50; 13.37; 13.56; 14.25; 2019/10/10 15:30
14.37; 13.62; 13.56; 13.68; 14.62; 2019/10/10 16:00
14.87; 13.68; 13.75; 13.75; 14.81; 2019/10/10 16:30
14.43; 13.68; 13.62; 13.68; 14.56; 2019/10/10 17:00
14.50; 14.25; 13.62; 14.12; 14.43; 2019/10/10 17:30
14.68; 14.37; 13.62; 14.18; 14.25; 2019/10/10 18:00
14.12; 14.00; 13.56; 14.06; 14.18; 2019/10/10 18:30
13.93; 13.93; 13.50; 13.93; 14.18; 2019/10/10 19:00
13.50; 13.75; 13.50; 13.75; 14.12; 2019/10/10 19:30
12.93; 13.68; 13.43; 13.75; 14.12; 2019/10/10 20:00
12.50; 13.62; 13.43; 13.75; 14.06; 2019/10/10 20:30
12.25; 13.62; 13.43; 13.87; 14.06; 2019/10/10 21:00
12.06; 13.56; 13.43; 13.87; 14.06; 2019/10/10 21:30
11.93; 13.56; 13.43; 13.87; 14.00; 2019/10/10 22:00
11.87; 13.56; 13.43; 13.87; 14.00; 2019/10/10 22:30
12.06; 13.56; 13.43; 13.87; 14.00; 2019/10/10 23:00
12.18; 13.56; 13.43; 13.87; 14.00; 2019/10/10 23:30
12.25; 13.56; 13.43; 13.87; 14.00; 2019/10/11 00:00
12.31; 13.56; 13.43; 13.81; 14.00; 2019/10/11 00:30
12.68; 13.56; 13.43; 13.81; 13.93; 2019/10/11 01:00
12.43; 13.56; 13.43; 13.81; 13.93; 2019/10/11 01:30
12.43; 13.56; 13.43; 13.81; 13.93; 2019/10/11 02:00
12.56; 13.50; 13.43; 13.81; 13.93; 2019/10/11 02:30
12.50; 13.56; 13.43; 13.81; 13.93; 2019/10/11 03:00
12.31; 13.56; 13.43; 13.81; 13.93; 2019/10/11 03:30
12.18; 13.50; 13.37; 13.81; 13.93; 2019/10/11 04:00
12.12; 13.50; 13.37; 13.81; 13.87; 2019/10/11 04:30
12.12; 13.50; 13.37; 13.81; 13.87; 2019/10/11 05:00
12.12; 13.50; 13.37; 13.75; 13.87; 2019/10/11 05:30
12.12; 13.50; 13.37; 13.75; 13.87; 2019/10/11 06:00
12.18; 13.50; 13.37; 13.75; 13.87; 2019/10/11 06:30
12.12; 13.50; 13.37; 13.75; 13.87; 2019/10/11 07:00
12.12; 13.50; 13.37; 13.75; 13.87; 2019/10/11 07:30
12.12; 13.50; 13.37; 13.75; 13.81; 2019/10/11 08:00
12.12; 13.50; 13.37; 13.75; 13.81; 2019/10/11 08:30
12.12; 13.50; 13.31; 13.75; 13.81; 2019/10/11 09:00
12.18; 13.50; 13.37; 13.75; 13.81; 2019/10/11 09:30
12.37; 13.50; 13.31; 13.75; 13.81; 2019/10/11 10:00
12.68; 13.50; 13.37; 13.75; 13.81; 2019/10/11 10:30
12.93; 13.50; 13.37; 13.75; 13.87; 2019/10/11 11:00
13.31; 13.50; 13.37; 13.75; 13.87; 2019/10/11 11:30
14.18; 13.56; 13.43; 13.75; 14.00; 2019/10/11 12:00
14.18; 13.56; 13.43; 13.75; 14.00; 2019/10/11 12:30
14.25; 13.62; 13.43; 13.75; 14.06; 2019/10/11 13:00
14.18; 13.62; 13.37; 13.75; 14.00; 2019/10/11 13:30
14.31; 13.62; 13.37; 13.75; 14.00; 2019/10/11 14:00
14.50; 13.62; 13.37; 13.75; 14.00; 2019/10/11 14:30
15.12; 13.62; 13.43; 13.81; 14.06; 2019/10/11 15:00
15.37; 13.68; 13.43; 13.81; 14.06; 2019/10/11 15:30
15.31; 13.68; 13.43; 13.81; 14.06; 2019/10/11 16:00
15.43; 13.75; 13.43; 13.81; 14.06; 2019/10/11 16:30
15.31; 13.68; 13.43; 13.87; 14.06; 2019/10/11 17:00
15.25; 13.68; 13.43; 13.87; 14.06; 2019/10/11 17:30
15.43; 13.75; 13.43; 13.87; 14.06; 2019/10/11 18:00
15.75; 14.25; 13.43; 14.12; 14.06; 2019/10/11 18:30
15.50; 14.37; 13.93; 14.31; 14.75; 2019/10/11 19:00
15.56; 15.50; 21.25; 15.75; 15.37; 2019/10/11 19:30
15.56; 15.43; 22.18; 15.43; 15.75; 2019/10/11 20:00
15.43; 14.93; 17.81; 14.81; 15.81; 2019/10/11 20:30
15.43; 14.93; 16.75; 14.75; 15.56; 2019/10/11 21:00
15.50; 15.25; 16.12; 15.06; 15.25; 2019/10/11 21:30
15.75; 14.50; 15.68; 14.50; 14.87; 2019/10/11 22:00
15.68; 14.31; 15.31; 14.31; 14.75; 2019/10/11 22:30
15.50; 14.25; 15.12; 14.31; 14.62; 2019/10/11 23:00
15.50; 14.18; 14.93; 14.31; 14.56; 2019/10/11 23:30
15.43; 14.18; 14.81; 14.25; 14.56; 2019/10/12 00:00
15.43; 14.12; 14.68; 14.25; 14.50; 2019/10/12 00:30
15.87; 14.12; 14.62; 14.31; 14.50; 2019/10/12 01:00
15.43; 14.12; 14.56; 14.31; 14.50; 2019/10/12 01:30
15.62; 14.12; 14.56; 14.37; 14.43; 2019/10/12 02:00
15.06; 14.12; 14.50; 14.31; 14.43; 2019/10/12 02:30
14.50; 14.06; 14.43; 14.31; 14.43; 2019/10/12 03:00
14.43; 14.06; 14.43; 14.31; 14.43; 2019/10/12 03:30
14.37; 14.06; 14.37; 14.31; 14.43; 2019/10/12 04:00
14.25; 14.06; 14.37; 14.31; 14.43; 2019/10/12 04:30
13.93; 14.06; 14.37; 14.31; 14.43; 2019/10/12 05:00
13.75; 14.06; 14.31; 14.31; 14.37; 2019/10/12 05:30
13.75; 14.00; 14.31; 14.25; 14.37; 2019/10/12 06:00
13.81; 14.00; 14.31; 14.31; 14.37; 2019/10/12 06:30
13.87; 14.00; 14.31; 14.31; 14.37; 2019/10/12 07:00
14.18; 14.00; 14.25; 14.25; 14.37; 2019/10/12 07:30
14.37; 14.00; 14.25; 14.25; 14.37; 2019/10/12 08:00
14.31; 14.06; 14.25; 14.25; 14.37; 2019/10/12 08:30
14.25; 14.06; 14.25; 14.25; 14.37; 2019/10/12 09:00
14.31; 14.06; 14.25; 14.25; 14.37; 2019/10/12 09:30
14.75; 14.06; 14.25; 14.31; 14.37; 2019/10/12 10:00
15.18; 14.12; 14.31; 14.31; 14.50; 2019/10/12 10:30
15.75; 14.18; 14.37; 14.31; 15.06; 2019/10/12 11:00
15.81; 14.18; 14.37; 14.37; 15.06; 2019/10/12 11:30
16.37; 14.25; 14.43; 14.43; 15.31; 2019/10/12 12:00
16.93; 14.37; 14.50; 14.50; 15.62; 2019/10/12 12:30
17.06; 14.37; 14.43; 14.62; 15.87; 2019/10/12 13:00
17.75; 14.50; 14.56; 14.75; 16.12; 2019/10/12 13:30
17.75; 14.50; 14.56; 14.75; 16.25; 2019/10/12 14:00
18.50; 14.62; 14.62; 14.81; 16.31; 2019/10/12 14:30
18.25; 14.62; 14.62; 14.87; 16.31; 2019/10/12 15:00
18.12; 14.68; 14.68; 14.93; 16.43; 2019/10/12 15:30
17.81; 14.62; 14.62; 14.87; 16.06; 2019/10/12 16:00
17.50; 14.56; 14.62; 14.87; 15.87; 2019/10/12 16:30
17.12; 14.56; 14.62; 14.87; 15.75; 2019/10/12 17:00
16.93; 14.56; 14.62; 14.87; 15.62; 2019/10/12 17:30
16.93; 14.50; 14.68; 14.87; 15.56; 2019/10/12 18:00
16.56; 14.56; 14.68; 14.87; 15.56; 2019/10/12 18:30
16.12; 14.56; 14.68; 14.87; 15.50; 2019/10/12 19:00
15.93; 14.56; 14.75; 14.93; 15.50; 2019/10/12 19:30
16.18; 14.56; 14.75; 14.93; 15.50; 2019/10/12 20:00
16.06; 14.56; 14.75; 15.00; 15.50; 2019/10/12 20:30
16.31; 14.56; 14.81; 15.00; 15.50; 2019/10/12 21:00
16.87; 14.56; 14.81; 15.00; 15.50; 2019/10/12 21:30
17.06; 14.56; 14.81; 15.06; 15.50; 2019/10/12 22:00
16.75; 14.62; 14.87; 15.06; 15.50; 2019/10/12 22:30
16.56; 14.62; 14.87; 15.06; 15.50; 2019/10/12 23:00
16.37; 14.62; 14.87; 15.06; 15.50; 2019/10/12 23:30
16.43; 14.62; 14.93; 15.06; 15.50; 2019/10/13 00:00
16.06; 14.62; 14.93; 15.12; 15.50; 2019/10/13 00:30
16.00; 14.62; 14.93; 15.12; 15.50; 2019/10/13 01:00
15.56; 14.62; 14.93; 15.12; 15.43; 2019/10/13 01:30
15.18; 14.62; 14.93; 15.12; 15.43; 2019/10/13 02:00
14.75; 14.62; 14.93; 15.12; 15.43; 2019/10/13 02:30
14.43; 14.62; 14.93; 15.06; 15.43; 2019/10/13 03:00
14.62; 14.62; 14.93; 15.06; 15.37; 2019/10/13 03:30
14.87; 14.62; 14.93; 15.06; 15.37; 2019/10/13 04:00
14.75; 14.62; 15.00; 15.12; 15.37; 2019/10/13 04:30
15.75; 14.62; 14.93; 15.06; 15.37; 2019/10/13 05:00
15.87; 14.62; 15.00; 15.06; 15.37; 2019/10/13 05:30
15.81; 14.62; 15.00; 15.12; 15.37; 2019/10/13 06:00
16.06; 14.68; 15.00; 15.12; 15.37; 2019/10/13 06:30
16.43; 14.68; 15.00; 15.12; 15.37; 2019/10/13 07:00
16.62; 14.68; 15.00; 15.12; 15.37; 2019/10/13 07:30
16.62; 14.68; 15.00; 15.12; 15.37; 2019/10/13 08:00
16.75; 14.75; 15.00; 15.12; 15.37; 2019/10/13 08:30
16.50; 14.75; 15.06; 15.12; 15.37; 2019/10/13 09:00
16.43; 14.75; 15.06; 15.12; 15.37; 2019/10/13 09:30
16.81; 14.81; 15.06; 15.18; 15.37; 2019/10/13 10:00
17.00; 14.81; 15.06; 15.18; 15.43; 2019/10/13 10:30
17.31; 14.81; 15.06; 15.18; 15.43; 2019/10/13 11:00
17.87; 14.81; 15.12; 15.18; 15.50; 2019/10/13 11:30
18.00; 14.87; 15.12; 15.25; 15.68; 2019/10/13 12:00
18.06; 14.87; 15.12; 15.25; 15.62; 2019/10/13 12:30
18.12; 14.93; 15.12; 15.25; 15.68; 2019/10/13 13:00
18.12; 14.93; 15.12; 15.25; 15.68; 2019/10/13 13:30
18.87; 15.00; 15.25; 15.31; 15.81; 2019/10/13 14:00
20.18; 15.12; 15.37; 15.43; 16.56; 2019/10/13 14:30
20.93; 15.25; 15.56; 15.62; 17.31; 2019/10/13 15:00
21.25; 15.31; 15.62; 15.68; 17.31; 2019/10/13 15:30
21.93; 15.37; 15.75; 15.81; 17.50; 2019/10/13 16:00
22.25; 15.43; 15.87; 15.81; 17.37; 2019/10/13 16:30
22.68; 15.50; 15.93; 15.87; 17.31; 2019/10/13 17:00
22.06; 15.56; 15.93; 15.87; 17.06; 2019/10/13 17:30
21.50; 15.50; 15.81; 15.81; 16.81; 2019/10/13 18:00
21.37; 15.50; 15.81; 15.81; 16.68; 2019/10/13 18:30
21.00; 15.50; 15.75; 15.87; 16.62; 2019/10/13 19:00
20.81; 15.50; 15.81; 15.87; 16.62; 2019/10/13 19:30
20.56; 15.50; 15.81; 15.93; 16.56; 2019/10/13 20:00
20.50; 15.50; 15.81; 15.93; 16.56; 2019/10/13 20:30
20.37; 15.50; 15.87; 16.00; 16.56; 2019/10/13 21:00
20.25; 15.56; 15.87; 16.06; 16.56; 2019/10/13 21:30
20.25; 15.56; 15.93; 16.06; 16.56; 2019/10/13 22:00
20.37; 15.62; 15.93; 16.12; 16.56; 2019/10/13 22:30
20.68; 15.62; 16.00; 16.12; 16.56; 2019/10/13 23:00
20.12; 15.68; 16.00; 16.18; 16.56; 2019/10/13 23:30
19.75; 15.68; 16.06; 16.18; 16.62; 2019/10/14 00:00
19.25; 15.68; 16.06; 16.18; 16.62; 2019/10/14 00:30
19.12; 15.68; 16.06; 16.18; 16.62; 2019/10/14 01:00
18.06; 15.68; 16.12; 16.18; 16.62; 2019/10/14 01:30
17.81; 15.68; 16.12; 16.18; 16.62; 2019/10/14 02:00
17.50; 15.68; 16.12; 16.18; 16.62; 2019/10/14 02:30
17.31; 15.68; 16.12; 16.18; 16.62; 2019/10/14 03:00
17.00; 15.68; 16.18; 16.18; 16.62; 2019/10/14 03:30
16.81; 15.68; 16.18; 16.18; 16.62; 2019/10/14 04:00
16.75; 15.68; 16.18; 16.18; 16.62; 2019/10/14 04:30
16.43; 15.68; 16.18; 16.18; 16.56; 2019/10/14 05:00
16.31; 15.62; 16.18; 16.18; 16.56; 2019/10/14 05:30
15.93; 15.68; 16.18; 16.18; 16.56; 2019/10/14 06:00
15.50; 15.62; 16.18; 16.18; 16.56; 2019/10/14 06:30
15.12; 15.62; 16.25; 16.12; 16.50; 2019/10/14 07:00
15.00; 15.62; 16.25; 16.12; 16.50; 2019/10/14 07:30
14.81; 15.62; 16.25; 16.12; 16.50; 2019/10/14 08:00
14.37; 15.62; 16.25; 16.06; 16.43; 2019/10/14 08:30
14.31; 15.62; 16.25; 16.12; 16.50; 2019/10/14 09:00
14.43; 15.62; 16.25; 16.06; 16.43; 2019/10/14 09:30
14.56; 15.62; 16.25; 16.06; 16.43; 2019/10/14 10:00
15.25; 15.62; 16.25; 16.06; 16.50; 2019/10/14 10:30
15.75; 15.62; 16.31; 16.06; 16.50; 2019/10/14 11:00
17.25; 15.68; 16.43; 16.12; 16.93; 2019/10/14 11:30
17.75; 15.75; 16.43; 16.18; 17.18; 2019/10/14 12:00
18.43; 15.81; 16.43; 16.25; 17.37; 2019/10/14 12:30
20.12; 15.93; 16.56; 16.31; 18.00; 2019/10/14 13:00
20.93; 16.06; 16.62; 16.43; 18.25; 2019/10/14 13:30
21.12; 16.12; 16.62; 16.50; 18.31; 2019/10/14 14:00
21.81; 16.25; 16.81; 16.62; 18.81; 2019/10/14 14:30
21.93; 16.31; 16.87; 16.68; 19.18; 2019/10/14 15:00
22.18; 16.31; 16.87; 16.68; 19.06; 2019/10/14 15:30
21.93; 16.37; 17.00; 16.75; 19.12; 2019/10/14 16:00
21.81; 16.37; 17.00; 16.75; 18.56; 2019/10/14 16:30
21.87; 16.37; 17.12; 16.81; 18.50; 2019/10/14 17:00
21.56; 16.37; 17.18; 16.81; 18.31; 2019/10/14 17:30
21.37; 16.43; 17.18; 16.87; 18.18; 2019/10/14 18:00
20.87; 16.43; 17.12; 16.87; 18.06; 2019/10/14 18:30
20.06; 16.43; 17.12; 16.93; 17.93; 2019/10/14 19:00
19.50; 16.62; 17.12; 17.25; 17.87; 2019/10/14 19:30
19.25; 16.43; 17.18; 17.06; 17.81; 2019/10/14 20:00
18.25; 16.43; 17.18; 17.06; 17.81; 2019/10/14 20:30
18.87; 16.43; 17.18; 17.06; 17.81; 2019/10/14 21:00
19.81; 16.43; 17.25; 17.06; 17.75; 2019/10/14 21:30
19.50; 16.43; 17.25; 17.12; 17.75; 2019/10/14 22:00
19.81; 16.50; 17.25; 17.12; 17.81; 2019/10/14 22:30
19.75; 16.50; 17.31; 17.18; 17.81; 2019/10/14 23:00
19.43; 16.56; 17.37; 17.18; 17.75; 2019/10/14 23:30
19.56; 16.56; 17.37; 17.18; 17.75; 2019/10/15 00:00
19.56; 16.56; 17.37; 17.18; 17.75; 2019/10/15 00:30
19.12; 16.56; 17.37; 17.25; 17.75; 2019/10/15 01:00
18.00; 16.62; 17.43; 17.25; 17.75; 2019/10/15 01:30
18.06; 16.62; 17.43; 17.25; 17.68; 2019/10/15 02:00
18.81; 16.62; 17.43; 17.25; 17.68; 2019/10/15 02:30
18.56; 16.62; 17.43; 17.25; 17.68; 2019/10/15 03:00
17.31; 16.62; 17.43; 17.25; 17.62; 2019/10/15 03:30
17.37; 16.62; 17.43; 17.25; 17.62; 2019/10/15 04:00
17.37; 16.62; 17.43; 17.18; 17.62; 2019/10/15 04:30
16.62; 16.62; 17.43; 17.18; 17.56; 2019/10/15 05:00
16.06; 16.62; 17.43; 17.18; 17.56; 2019/10/15 05:30
15.43; 16.62; 17.43; 17.18; 17.56; 2019/10/15 06:00
15.18; 16.62; 17.43; 17.12; 17.50; 2019/10/15 06:30
15.00; 16.62; 17.43; 17.12; 17.50; 2019/10/15 07:00
14.81; 16.56; 17.43; 17.06; 17.50; 2019/10/15 07:30
14.43; 16.56; 17.43; 17.06; 17.43; 2019/10/15 08:00
14.18; 16.56; 17.43; 17.06; 17.43; 2019/10/15 08:30
14.62; 16.56; 17.43; 17.06; 17.43; 2019/10/15 09:00
14.75; 16.56; 17.43; 17.06; 17.37; 2019/10/15 09:30
15.31; 16.56; 17.43; 17.06; 17.43; 2019/10/15 10:00
16.81; 16.62; 17.50; 17.06; 17.43; 2019/10/15 10:30
17.31; 16.62; 17.50; 17.06; 17.68; 2019/10/15 11:00
17.50; 16.68; 17.50; 17.12; 17.68; 2019/10/15 11:30
17.93; 16.75; 17.62; 17.18; 18.06; 2019/10/15 12:00
17.75; 16.75; 17.50; 17.18; 18.00; 2019/10/15 12:30
17.75; 16.75; 17.50; 17.18; 17.87; 2019/10/15 13:00
17.75; 16.75; 17.50; 17.18; 17.81; 2019/10/15 13:30
17.62; 16.81; 17.50; 17.18; 17.75; 2019/10/15 14:00
17.81; 16.75; 17.50; 17.18; 17.75; 2019/10/15 14:30
17.56; 16.81; 17.50; 17.18; 17.75; 2019/10/15 15:00
17.50; 16.81; 17.50; 17.18; 17.75; 2019/10/15 15:30
17.43; 16.81; 17.50; 17.18; 17.68; 2019/10/15 16:00
17.25; 16.81; 17.50; 17.18; 17.68; 2019/10/15 16:30
17.18; 16.81; 17.50; 17.18; 17.68; 2019/10/15 17:00
16.93; 16.81; 17.50; 17.18; 17.68; 2019/10/15 17:30
16.75; 16.75; 17.50; 17.18; 17.62; 2019/10/15 18:00
16.18; 16.81; 17.50; 17.18; 17.62; 2019/10/15 18:30
16.06; 16.81; 17.50; 17.18; 17.62; 2019/10/15 19:00
16.00; 16.75; 17.50; 17.18; 17.56; 2019/10/15 19:30
15.68; 16.75; 17.50; 17.18; 17.62; 2019/10/15 20:00
15.18; 16.75; 17.50; 17.18; 17.56; 2019/10/15 20:30
14.93; 16.75; 17.50; 17.18; 17.56; 2019/10/15 21:00
14.81; 16.75; 17.50; 17.18; 17.56; 2019/10/15 21:30
14.75; 16.75; 17.50; 17.12; 17.56; 2019/10/15 22:00
14.62; 16.75; 17.50; 17.12; 17.50; 2019/10/15 22:30
14.50; 16.75; 17.50; 17.12; 17.50; 2019/10/15 23:00
14.37; 16.75; 17.50; 17.12; 17.43; 2019/10/15 23:30
14.12; 16.75; 17.43; 17.12; 17.43; 2019/10/16 00:00
14.18; 16.75; 17.43; 17.12; 17.37; 2019/10/16 00:30
14.06; 16.68; 17.43; 17.12; 17.37; 2019/10/16 01:00
14.00; 16.68; 17.43; 17.12; 17.31; 2019/10/16 01:30
13.87; 16.68; 17.43; 17.06; 17.31; 2019/10/16 02:00
13.87; 16.68; 17.43; 17.06; 17.31; 2019/10/16 02:30
13.87; 16.68; 17.37; 17.06; 17.31; 2019/10/16 03:00
13.87; 16.68; 17.37; 17.06; 17.25; 2019/10/16 03:30
13.68; 16.68; 17.37; 17.06; 17.25; 2019/10/16 04:00
13.62; 16.68; 17.37; 17.00; 17.25; 2019/10/16 04:30
13.43; 16.68; 17.37; 17.00; 17.25; 2019/10/16 05:00
13.12; 16.62; 17.31; 17.00; 17.18; 2019/10/16 05:30
13.12; 16.62; 17.31; 17.00; 17.18; 2019/10/16 06:00
12.93; 16.62; 17.31; 16.93; 17.18; 2019/10/16 06:30
13.00; 16.62; 17.31; 16.93; 17.18; 2019/10/16 07:00
13.18; 16.62; 17.31; 16.93; 17.12; 2019/10/16 07:30
12.93; 16.62; 17.25; 16.93; 17.12; 2019/10/16 08:00
12.87; 16.62; 17.25; 16.87; 17.12; 2019/10/16 08:30
12.93; 16.56; 17.25; 16.87; 17.12; 2019/10/16 09:00
12.87; 16.56; 17.18; 16.87; 17.12; 2019/10/16 09:30
13.06; 16.56; 17.18; 16.81; 17.12; 2019/10/16 10:00
13.68; 16.56; 17.25; 16.87; 17.25; 2019/10/16 10:30
13.75; 16.56; 17.25; 16.87; 17.68; 2019/10/16 11:00
14.06; 16.62; 17.31; 16.87; 17.93; 2019/10/16 11:30
14.50; 16.68; 17.37; 16.93; 18.37; 2019/10/16 12:00
14.93; 16.75; 17.37; 17.06; 18.62; 2019/10/16 12:30
14.93; 16.81; 17.37; 17.12; 18.75; 2019/10/16 13:00
14.62; 16.81; 17.31; 17.18; 18.81; 2019/10/16 13:30
14.50; 16.75; 17.25; 17.06; 18.37; 2019/10/16 14:00
14.50; 16.75; 17.18; 17.00; 18.12; 2019/10/16 14:30
13.87; 16.68; 17.18; 17.00; 17.93; 2019/10/16 15:00
13.81; 16.68; 17.18; 17.00; 17.87; 2019/10/16 15:30
13.75; 16.68; 17.18; 16.93; 17.81; 2019/10/16 16:00
14.25; 16.68; 17.18; 16.93; 17.75; 2019/10/16 16:30
13.87; 16.68; 17.18; 17.00; 17.68; 2019/10/16 17:00
13.93; 16.62; 17.18; 17.00; 17.68; 2019/10/16 17:30
13.87; 16.62; 17.18; 17.00; 17.62; 2019/10/16 18:00
13.93; 16.62; 17.18; 17.00; 17.62; 2019/10/16 18:30
13.87; 16.62; 17.18; 17.00; 17.56; 2019/10/16 19:00
13.81; 16.62; 17.18; 17.00; 17.56; 2019/10/16 19:30
13.93; 16.62; 17.18; 17.00; 17.56; 2019/10/16 20:00
13.81; 16.62; 17.18; 17.00; 17.50; 2019/10/16 20:30
13.81; 16.62; 17.18; 17.00; 17.50; 2019/10/16 21:00
13.81; 16.62; 17.18; 17.00; 17.43; 2019/10/16 21:30
13.81; 16.56; 17.18; 16.93; 17.43; 2019/10/16 22:00
13.87; 16.56; 17.12; 16.93; 17.37; 2019/10/16 22:30
13.93; 16.56; 17.12; 16.93; 17.43; 2019/10/16 23:00
13.93; 16.56; 17.12; 16.93; 17.37; 2019/10/16 23:30
13.93; 16.56; 17.12; 16.93; 17.37; 2019/10/17 00:00
13.81; 16.56; 17.12; 16.93; 17.37; 2019/10/17 00:30
13.93; 16.56; 17.12; 16.87; 17.31; 2019/10/17 01:00
13.68; 16.56; 17.06; 16.87; 17.31; 2019/10/17 01:30
13.68; 16.56; 17.06; 16.87; 17.31; 2019/10/17 02:00
13.68; 16.56; 17.06; 16.87; 17.31; 2019/10/17 02:30
13.75; 16.56; 17.06; 16.87; 17.25; 2019/10/17 03:00
13.62; 16.56; 17.06; 16.81; 17.25; 2019/10/17 03:30
13.68; 16.50; 17.06; 16.81; 17.25; 2019/10/17 04:00
13.75; 16.50; 17.00; 16.81; 17.25; 2019/10/17 04:30
13.62; 16.50; 17.00; 16.81; 17.18; 2019/10/17 05:00
13.68; 16.50; 17.00; 16.81; 17.18; 2019/10/17 05:30
13.68; 16.50; 17.00; 16.81; 17.18; 2019/10/17 06:00
13.75; 16.50; 16.93; 16.75; 17.18; 2019/10/17 06:30
13.68; 16.50; 16.93; 16.75; 17.12; 2019/10/17 07:00
13.75; 16.43; 16.93; 16.75; 17.18; 2019/10/17 07:30
13.81; 16.50; 16.93; 16.75; 17.12; 2019/10/17 08:00
13.68; 16.50; 16.93; 16.75; 17.12; 2019/10/17 08:30
13.68; 16.43; 16.87; 16.75; 17.12; 2019/10/17 09:00
13.81; 16.43; 16.87; 16.75; 17.12; 2019/10/17 09:30
13.93; 16.43; 16.87; 16.75; 17.12; 2019/10/17 10:00
13.93; 16.43; 16.87; 16.75; 17.06; 2019/10/17 10:30
14.12; 16.43; 16.87; 16.68; 17.06; 2019/10/17 11:00
14.37; 16.43; 16.87; 16.68; 17.06; 2019/10/17 11:30
14.62; 16.43; 16.87; 16.68; 17.06; 2019/10/17 12:00
14.56; 16.43; 16.81; 16.68; 17.06; 2019/10/17 12:30
14.62; 16.43; 16.81; 16.68; 17.12; 2019/10/17 13:00
15.00; 16.43; 16.87; 16.75; 17.18; 2019/10/17 13:30
15.37; 16.50; 16.87; 16.75; 17.25; 2019/10/17 14:00
15.56; 16.50; 16.87; 16.75; 17.31; 2019/10/17 14:30
15.06; 16.50; 16.81; 16.75; 17.25; 2019/10/17 15:00
14.75; 16.43; 16.81; 16.68; 17.18; 2019/10/17 15:30
14.50; 16.43; 16.81; 16.68; 17.18; 2019/10/17 16:00
14.62; 16.43; 16.75; 16.68; 17.12; 2019/10/17 16:30
14.68; 16.43; 16.75; 16.68; 17.12; 2019/10/17 17:00
14.81; 16.43; 16.75; 16.68; 17.12; 2019/10/17 17:30
14.75; 16.43; 16.75; 16.68; 17.12; 2019/10/17 18:00
14.87; 16.43; 16.75; 16.68; 17.06; 2019/10/17 18:30
15.06; 16.43; 16.75; 16.68; 17.06; 2019/10/17 19:00
14.87; 16.43; 16.75; 16.68; 17.06; 2019/10/17 19:30
14.68; 16.43; 16.68; 16.68; 17.06; 2019/10/17 20:00
14.75; 16.43; 16.68; 16.68; 17.06; 2019/10/17 20:30
14.68; 16.43; 16.68; 16.68; 17.00; 2019/10/17 21:00
14.68; 16.37; 16.68; 16.68; 17.00; 2019/10/17 21:30
14.68; 16.37; 16.68; 16.62; 17.00; 2019/10/17 22:00
14.56; 16.37; 16.68; 16.68; 17.00; 2019/10/17 22:30
14.50; 16.37; 16.68; 16.62; 17.00; 2019/10/17 23:00
14.56; 16.37; 16.68; 16.62; 17.00; 2019/10/17 23:30
14.50; 16.37; 16.68; 16.62; 16.93; 2019/10/18 00:00
14.43; 16.37; 16.62; 16.62; 16.93; 2019/10/18 00:30
14.43; 16.37; 16.62; 16.62; 16.93; 2019/10/18 01:00
14.37; 16.37; 16.62; 16.62; 16.93; 2019/10/18 01:30
14.25; 16.37; 16.62; 16.62; 16.93; 2019/10/18 02:00
14.12; 16.37; 16.62; 16.62; 16.93; 2019/10/18 02:30
14.00; 16.37; 16.62; 16.62; 16.87; 2019/10/18 03:00
13.75; 16.31; 16.56; 16.62; 16.87; 2019/10/18 03:30
13.56; 16.31; 16.56; 16.56; 16.87; 2019/10/18 04:00
13.50; 16.31; 16.56; 16.56; 16.87; 2019/10/18 04:30
13.31; 16.31; 16.56; 16.56; 16.81; 2019/10/18 05:00
13.43; 16.31; 16.56; 16.56; 16.81; 2019/10/18 05:30
13.43; 16.31; 16.50; 16.56; 16.81; 2019/10/18 06:00
13.43; 16.31; 16.50; 16.56; 16.81; 2019/10/18 06:30
13.43; 16.25; 16.50; 16.50; 16.81; 2019/10/18 07:00
13.56; 16.25; 16.50; 16.50; 16.75; 2019/10/18 07:30
13.56; 16.25; 16.43; 16.50; 16.75; 2019/10/18 08:00
13.62; 16.25; 16.43; 16.50; 16.75; 2019/10/18 08:30
13.75; 16.25; 16.43; 16.50; 16.75; 2019/10/18 09:00
14.06; 16.25; 16.43; 16.43; 16.68; 2019/10/18 09:30
14.31; 16.25; 16.43; 16.43; 16.68; 2019/10/18 10:00
14.62; 16.25; 16.37; 16.43; 16.75; 2019/10/18 10:30
15.00; 16.25; 16.43; 16.43; 16.87; 2019/10/18 11:00
15.37; 16.25; 16.50; 16.43; 17.06; 2019/10/18 11:30
16.25; 16.37; 16.62; 16.56; 17.75; 2019/10/18 12:00
16.31; 16.43; 16.56; 16.62; 17.93; 2019/10/18 12:30
12.37; 16.43; 16.50; 16.56; 17.62; 2019/10/18 13:00
12.18; 16.37; 16.37; 16.50; 17.37; 2019/10/18 13:30
12.50; 16.31; 16.37; 16.50; 17.25; 2019/10/18 14:00
12.68; 16.25; 16.37; 16.43; 17.18; 2019/10/18 14:30
12.87; 16.25; 16.43; 16.50; 17.18; 2019/10/18 15:00
12.93; 16.25; 16.37; 16.43; 17.12; 2019/10/18 15:30
13.00; 16.25; 16.37; 16.43; 17.06; 2019/10/18 16:00
13.43; 16.25; 16.50; 16.50; 17.18; 2019/10/18 16:30
13.31; 16.25; 16.43; 16.50; 17.12; 2019/10/18 17:00
13.43; 16.18; 16.50; 16.50; 17.06; 2019/10/18 17:30
13.25; 16.18; 16.50; 16.50; 17.06; 2019/10/18 18:00
13.25; 16.31; 16.43; 16.56; 17.43; 2019/10/18 18:30
14.75; 16.62; 16.50; 16.75; 17.43; 2019/10/18 19:00
14.25; 16.43; 16.37; 16.68; 17.37; 2019/10/18 19:30
13.68; 16.68; 16.50; 16.81; 17.06; 2019/10/18 20:00
12.75; 16.43; 16.43; 16.75; 17.25; 2019/10/18 20:30
12.50; 16.25; 16.31; 16.50; 17.00; 2019/10/18 21:00
12.56; 16.18; 16.31; 16.43; 16.87; 2019/10/18 21:30
12.56; 16.12; 16.25; 16.43; 16.81; 2019/10/18 22:00
12.31; 16.12; 16.25; 16.37; 16.81; 2019/10/18 22:30
12.18; 16.06; 16.25; 16.37; 16.75; 2019/10/18 23:00
12.00; 16.06; 16.25; 16.31; 16.68; 2019/10/18 23:30
12.12; 16.06; 16.18; 16.31; 16.68; 2019/10/19 00:00
12.12; 16.00; 16.18; 16.31; 16.68; 2019/10/19 00:30
12.00; 16.00; 16.18; 16.25; 16.62; 2019/10/19 01:00
12.06; 16.00; 16.18; 16.25; 16.62; 2019/10/19 01:30
11.93; 16.00; 16.12; 16.25; 16.56; 2019/10/19 02:00
11.93; 15.93; 16.12; 16.25; 16.56; 2019/10/19 02:30
11.93; 15.93; 16.12; 16.18; 16.50; 2019/10/19 03:00
11.87; 15.93; 16.06; 16.18; 16.50; 2019/10/19 03:30
11.93; 15.93; 16.06; 16.12; 16.43; 2019/10/19 04:00
12.06; 15.87; 16.06; 16.12; 16.43; 2019/10/19 04:30
12.00; 15.87; 16.00; 16.12; 16.43; 2019/10/19 05:00
11.93; 15.87; 16.00; 16.06; 16.37; 2019/10/19 05:30
12.12; 15.87; 15.93; 16.06; 16.37; 2019/10/19 06:00
12.12; 15.87; 15.93; 16.06; 16.31; 2019/10/19 06:30
12.25; 15.81; 15.93; 16.06; 16.31; 2019/10/19 07:00
12.25; 15.81; 15.93; 16.00; 16.31; 2019/10/19 07:30
12.18; 15.81; 15.87; 16.00; 16.31; 2019/10/19 08:00
12.18; 15.81; 15.87; 16.00; 16.25; 2019/10/19 08:30
12.25; 15.75; 15.81; 15.93; 16.25; 2019/10/19 09:00
12.25; 15.75; 15.81; 15.93; 16.25; 2019/10/19 09:30
12.50; 15.75; 15.81; 15.93; 16.18; 2019/10/19 10:00
12.37; 15.75; 15.75; 15.93; 16.18; 2019/10/19 10:30
12.62; 15.75; 15.75; 15.87; 16.18; 2019/10/19 11:00
12.56; 15.75; 15.75; 15.87; 16.18; 2019/10/19 11:30
12.68; 15.75; 15.75; 15.87; 16.18; 2019/10/19 12:00
12.81; 15.75; 15.75; 15.87; 16.18; 2019/10/19 12:30
13.25; 15.68; 15.68; 15.81; 16.18; 2019/10/19 13:00
13.37; 15.68; 15.68; 15.81; 16.18; 2019/10/19 13:30
13.56; 15.68; 15.68; 15.81; 16.25; 2019/10/19 14:00
13.37; 15.68; 15.68; 15.81; 16.18; 2019/10/19 14:30
13.62; 15.68; 15.68; 15.81; 16.18; 2019/10/19 15:00
13.87; 15.68; 15.62; 15.75; 16.18; 2019/10/19 15:30
13.62; 15.68; 15.62; 15.75; 16.18; 2019/10/19 16:00
13.56; 15.68; 15.62; 15.75; 16.12; 2019/10/19 16:30
13.50; 15.68; 15.62; 15.75; 16.12; 2019/10/19 17:00
13.25; 15.62; 15.62; 15.75; 16.12; 2019/10/19 17:30
13.18; 15.62; 15.56; 15.75; 16.12; 2019/10/19 18:00
13.00; 15.62; 15.56; 15.75; 16.06; 2019/10/19 18:30
12.62; 15.62; 15.56; 15.75; 16.06; 2019/10/19 19:00
12.68; 15.62; 15.56; 15.75; 16.06; 2019/10/19 19:30
12.56; 15.62; 15.56; 15.68; 16.00; 2019/10/19 20:00
12.43; 15.62; 15.50; 15.68; 16.00; 2019/10/19 20:30
12.56; 15.56; 15.50; 15.68; 16.00; 2019/10/19 21:00
12.50; 15.56; 15.50; 15.68; 16.00; 2019/10/19 21:30
12.50; 15.56; 15.50; 15.68; 16.00; 2019/10/19 22:00
12.50; 15.56; 15.43; 15.68; 15.93; 2019/10/19 22:30
12.37; 15.56; 15.43; 15.68; 15.93; 2019/10/19 23:00
12.37; 15.56; 15.43; 15.68; 15.93; 2019/10/19 23:30
12.18; 15.56; 15.43; 15.68; 15.93; 2019/10/20 00:00
12.18; 15.50; 15.43; 15.68; 15.87; 2019/10/20 00:30
12.31; 15.50; 15.37; 15.62; 15.87; 2019/10/20 01:00
12.25; 15.50; 15.37; 15.68; 15.87; 2019/10/20 01:30
12.25; 15.50; 15.37; 15.62; 15.87; 2019/10/20 02:00
12.18; 15.56; 15.37; 15.75; 15.81; 2019/10/20 02:30
12.12; 15.56; 15.37; 15.62; 15.81; 2019/10/20 03:00
12.12; 15.50; 15.31; 15.62; 15.81; 2019/10/20 03:30
11.93; 15.50; 15.31; 15.62; 15.75; 2019/10/20 04:00
12.06; 15.43; 15.31; 15.62; 15.75; 2019/10/20 04:30
11.93; 15.43; 15.25; 15.56; 15.75; 2019/10/20 05:00
11.87; 15.43; 15.25; 15.56; 15.75; 2019/10/20 05:30
11.87; 15.43; 15.25; 15.56; 15.75; 2019/10/20 06:00
11.87; 15.37; 15.25; 15.56; 15.75; 2019/10/20 06:30
11.87; 15.37; 15.18; 15.50; 15.68; 2019/10/20 07:00
11.93; 15.37; 15.18; 15.50; 15.68; 2019/10/20 07:30
11.87; 15.37; 15.18; 15.50; 15.62; 2019/10/20 08:00
11.93; 15.37; 15.18; 15.50; 15.62; 2019/10/20 08:30
11.75; 15.31; 15.12; 15.50; 15.62; 2019/10/20 09:00
12.06; 15.31; 15.12; 15.43; 15.62; 2019/10/20 09:30
12.25; 15.31; 15.12; 15.43; 15.62; 2019/10/20 10:00
12.18; 15.31; 15.12; 15.43; 15.62; 2019/10/20 10:30
12.62; 15.31; 15.12; 15.43; 15.62; 2019/10/20 11:00
12.68; 15.31; 15.06; 15.37; 15.62; 2019/10/20 11:30
12.75; 15.31; 15.06; 15.37; 15.62; 2019/10/20 12:00
12.75; 15.31; 15.06; 15.37; 15.62; 2019/10/20 12:30
12.81; 15.31; 15.06; 15.37; 15.56; 2019/10/20 13:00
12.93; 15.31; 15.00; 15.37; 15.56; 2019/10/20 13:30
12.87; 15.25; 15.00; 15.37; 15.56; 2019/10/20 14:00
12.81; 15.25; 15.00; 15.37; 15.56; 2019/10/20 14:30
12.68; 15.25; 15.00; 15.31; 15.50; 2019/10/20 15:00
12.75; 15.25; 15.00; 15.31; 15.50; 2019/10/20 15:30
12.81; 15.25; 14.93; 15.31; 15.50; 2019/10/20 16:00
12.75; 15.25; 14.93; 15.31; 15.50; 2019/10/20 16:30
12.62; 15.18; 14.93; 15.31; 15.50; 2019/10/20 17:00
12.62; 15.18; 14.93; 15.25; 15.50; 2019/10/20 17:30
12.56; 15.18; 14.93; 15.25; 15.43; 2019/10/20 18:00
12.62; 15.18; 14.87; 15.25; 15.43; 2019/10/20 18:30
12.62; 15.18; 14.87; 15.25; 15.43; 2019/10/20 19:00
12.50; 15.18; 14.87; 15.25; 15.43; 2019/10/20 19:30
12.43; 15.12; 14.87; 15.25; 15.37; 2019/10/20 20:00
12.37; 15.12; 14.87; 15.18; 15.37; 2019/10/20 20:30
12.43; 15.12; 14.87; 15.18; 15.37; 2019/10/20 21:00
12.43; 15.12; 14.81; 15.18; 15.37; 2019/10/20 21:30
12.31; 15.12; 14.81; 15.18; 15.37; 2019/10/20 22:00
12.25; 15.12; 14.81; 15.18; 15.37; 2019/10/20 22:30
12.18; 15.12; 14.81; 15.12; 15.31; 2019/10/20 23:00
12.31; 15.06; 14.81; 15.12; 15.31; 2019/10/20 23:30
12.31; 15.06; 14.75; 15.12; 15.31; 2019/10/21 00:00
12.25; 15.06; 14.75; 15.12; 15.31; 2019/10/21 00:30
12.06; 15.06; 14.75; 15.12; 15.31; 2019/10/21 01:00
12.18; 15.06; 14.75; 15.12; 15.31; 2019/10/21 01:30
12.31; 15.00; 14.75; 15.06; 15.25; 2019/10/21 02:00
12.31; 15.00; 14.75; 15.06; 15.25; 2019/10/21 02:30
12.25; 15.00; 14.75; 15.06; 15.25; 2019/10/21 03:00
12.37; 15.00; 14.75; 15.06; 15.25; 2019/10/21 03:30
12.25; 15.00; 14.68; 15.06; 15.25; 2019/10/21 04:00
12.18; 14.93; 14.68; 15.06; 15.18; 2019/10/21 04:30
12.18; 15.00; 14.68; 15.06; 15.18; 2019/10/21 05:00
12.06; 14.93; 14.68; 15.00; 15.18; 2019/10/21 05:30
12.00; 14.93; 14.68; 15.00; 15.18; 2019/10/21 06:00
12.00; 14.93; 14.62; 15.00; 15.18; 2019/10/21 06:30
12.12; 14.93; 14.62; 15.00; 15.12; 2019/10/21 07:00
12.18; 14.87; 14.62; 15.00; 15.12; 2019/10/21 07:30
12.00; 14.87; 14.62; 15.00; 15.12; 2019/10/21 08:00
12.00; 14.87; 14.62; 15.00; 15.12; 2019/10/21 08:30
12.18; 14.87; 14.56; 15.00; 15.12; 2019/10/21 09:00
12.62; 14.87; 14.56; 14.93; 15.12; 2019/10/21 09:30
13.25; 14.87; 14.56; 14.93; 15.12; 2019/10/21 10:00
13.62; 14.87; 14.56; 14.93; 15.12; 2019/10/21 10:30
14.00; 14.87; 14.56; 14.93; 15.12; 2019/10/21 11:00
15.18; 14.93; 14.75; 15.00; 15.43; 2019/10/21 11:30
15.81; 15.00; 14.75; 15.00; 15.81; 2019/10/21 12:00
16.43; 15.12; 14.81; 15.12; 16.25; 2019/10/21 12:30
16.18; 15.12; 14.68; 15.12; 16.18; 2019/10/21 13:00
15.62; 15.06; 14.62; 15.06; 15.93; 2019/10/21 13:30
15.75; 15.06; 14.68; 15.06; 15.87; 2019/10/21 14:00
16.18; 15.12; 14.75; 15.12; 16.06; 2019/10/21 14:30
16.12; 15.18; 14.87; 15.18; 16.56; 2019/10/21 15:00
16.12; 15.25; 15.00; 15.37; 17.00; 2019/10/21 15:30
15.75; 15.25; 14.93; 15.25; 16.62; 2019/10/21 16:00
15.75; 15.25; 15.06; 15.31; 16.62; 2019/10/21 16:30
14.93; 15.25; 15.06; 15.31; 16.31; 2019/10/21 17:00
14.68; 15.18; 14.93; 15.31; 16.12; 2019/10/21 17:30
14.43; 15.12; 14.93; 15.31; 15.93; 2019/10/21 18:00
14.25; 15.12; 14.87; 15.25; 15.93; 2019/10/21 18:30
14.06; 15.12; 14.87; 15.37; 15.87; 2019/10/21 19:00
13.87; 15.12; 14.87; 15.43; 15.81; 2019/10/21 19:30
13.87; 15.06; 14.87; 15.43; 15.81; 2019/10/21 20:00
13.75; 15.06; 14.87; 15.43; 15.75; 2019/10/21 20:30
13.75; 15.06; 14.87; 15.43; 15.75; 2019/10/21 21:00
13.68; 15.06; 14.87; 15.43; 15.75; 2019/10/21 21:30
13.50; 15.06; 14.87; 15.43; 15.68; 2019/10/21 22:00
13.50; 15.06; 14.87; 15.43; 15.68; 2019/10/21 22:30
13.43; 15.06; 14.93; 15.43; 15.68; 2019/10/21 23:00
13.37; 15.00; 14.87; 15.43; 15.62; 2019/10/21 23:30
13.12; 15.06; 14.93; 15.43; 15.62; 2019/10/22 00:00
13.00; 15.00; 14.93; 15.43; 15.62; 2019/10/22 00:30
13.25; 15.00; 14.93; 15.43; 15.62; 2019/10/22 01:00
12.75; 15.00; 14.93; 15.43; 15.56; 2019/10/22 01:30
12.12; 15.00; 14.93; 15.37; 15.56; 2019/10/22 02:00
11.75; 15.00; 14.93; 15.37; 15.56; 2019/10/22 02:30
12.06; 14.93; 14.87; 15.37; 15.56; 2019/10/22 03:00
12.25; 14.93; 14.87; 15.37; 15.50; 2019/10/22 03:30
12.18; 14.93; 14.87; 15.31; 15.50; 2019/10/22 04:00
12.12; 14.93; 14.87; 15.31; 15.50; 2019/10/22 04:30
12.25; 14.93; 14.87; 15.31; 15.50; 2019/10/22 05:00
12.25; 14.93; 14.87; 15.31; 15.43; 2019/10/22 05:30
12.31; 14.93; 14.87; 15.25; 15.43; 2019/10/22 06:00
12.43; 14.87; 14.87; 15.25; 15.43; 2019/10/22 06:30
12.37; 14.87; 14.81; 15.25; 15.43; 2019/10/22 07:00
12.43; 14.87; 14.81; 15.25; 15.37; 2019/10/22 07:30
12.25; 14.87; 14.81; 15.18; 15.37; 2019/10/22 08:00
12.31; 14.87; 14.81; 15.18; 15.37; 2019/10/22 08:30
12.37; 14.87; 14.81; 15.18; 15.37; 2019/10/22 09:00
12.25; 14.87; 14.81; 15.12; 15.37; 2019/10/22 09:30
12.37; 14.87; 14.81; 15.12; 15.31; 2019/10/22 10:00
12.31; 14.87; 14.75; 15.12; 15.31; 2019/10/22 10:30
12.43; 14.87; 14.75; 15.12; 15.31; 2019/10/22 11:00
12.56; 14.81; 14.75; 15.12; 15.31; 2019/10/22 11:30
12.62; 14.81; 14.75; 15.06; 15.31; 2019/10/22 12:00
12.81; 14.87; 14.75; 15.12; 15.37; 2019/10/22 12:30
13.00; 14.87; 14.75; 15.06; 15.37; 2019/10/22 13:00
13.00; 14.81; 14.75; 15.06; 15.37; 2019/10/22 13:30
13.31; 14.87; 14.75; 15.12; 15.43; 2019/10/22 14:00
13.25; 14.87; 14.75; 15.06; 15.37; 2019/10/22 14:30
13.25; 14.81; 14.75; 15.06; 15.37; 2019/10/22 15:00
13.31; 14.81; 14.75; 15.06; 15.37; 2019/10/22 15:30
13.37; 14.81; 14.75; 15.06; 15.37; 2019/10/22 16:00
13.56; 14.87; 14.81; 15.06; 15.37; 2019/10/22 16:30
13.62; 14.81; 14.75; 15.06; 15.37; 2019/10/22 17:00
13.43; 14.81; 14.75; 15.06; 15.37; 2019/10/22 17:30
13.43; 14.81; 14.75; 15.06; 15.37; 2019/10/22 18:00
13.18; 14.81; 14.68; 15.00; 15.31; 2019/10/22 18:30
12.62; 14.81; 14.68; 15.00; 15.31; 2019/10/22 19:00
11.87; 14.81; 14.68; 15.00; 15.31; 2019/10/22 19:30
11.81; 14.81; 14.68; 15.00; 15.25; 2019/10/22 20:00
11.31; 14.75; 14.68; 15.00; 15.25; 2019/10/22 20:30
11.00; 14.75; 14.68; 15.00; 15.25; 2019/10/22 21:00
10.93; 14.75; 14.62; 15.00; 15.18; 2019/10/22 21:30
10.75; 14.68; 14.62; 15.00; 15.18; 2019/10/22 22:00
10.81; 14.68; 14.62; 14.93; 15.18; 2019/10/22 22:30
10.93; 14.68; 14.62; 14.93; 15.12; 2019/10/22 23:00
10.75; 14.68; 14.62; 14.93; 15.12; 2019/10/22 23:30
11.00; 14.68; 14.62; 14.93; 15.12; 2019/10/23 00:00
10.93; 14.62; 14.62; 14.87; 15.12; 2019/10/23 00:30
11.25; 14.62; 14.56; 14.87; 15.12; 2019/10/23 01:00
10.87; 14.62; 14.56; 14.87; 15.06; 2019/10/23 01:30
11.06; 14.62; 14.56; 14.81; 15.06; 2019/10/23 02:00
11.00; 14.62; 14.56; 14.81; 15.00; 2019/10/23 02:30
11.00; 14.56; 14.56; 14.81; 15.00; 2019/10/23 03:00
10.93; 14.56; 14.50; 14.75; 15.00; 2019/10/23 03:30
10.93; 14.56; 14.50; 14.75; 15.00; 2019/10/23 04:00
11.12; 14.56; 14.50; 14.75; 15.00; 2019/10/23 04:30
11.12; 14.50; 14.50; 14.75; 15.00; 2019/10/23 05:00
11.12; 14.50; 14.43; 14.68; 14.93; 2019/10/23 05:30
11.06; 14.50; 14.43; 14.68; 14.93; 2019/10/23 06:00
11.00; 14.50; 14.43; 14.68; 14.93; 2019/10/23 06:30
11.12; 14.50; 14.37; 14.68; 14.87; 2019/10/23 07:00
11.18; 14.50; 14.37; 14.62; 14.87; 2019/10/23 07:30
11.00; 14.43; 14.37; 14.62; 14.87; 2019/10/23 08:00
11.00; 14.43; 14.37; 14.62; 14.87; 2019/10/23 08:30
10.87; 14.43; 14.37; 14.62; 14.81; 2019/10/23 09:00
11.12; 14.43; 14.31; 14.56; 14.81; 2019/10/23 09:30
11.62; 14.43; 14.31; 14.56; 14.81; 2019/10/23 10:00
12.00; 14.43; 14.31; 14.56; 14.81; 2019/10/23 10:30
12.56; 14.43; 14.31; 14.56; 14.87; 2019/10/23 11:00
13.25; 14.50; 14.43; 14.56; 15.12; 2019/10/23 11:30
14.43; 14.56; 14.50; 14.68; 15.68; 2019/10/23 12:00
15.25; 14.68; 14.56; 14.81; 16.00; 2019/10/23 12:30
15.50; 14.68; 14.50; 14.75; 16.25; 2019/10/23 13:00
16.37; 14.75; 14.56; 14.75; 16.25; 2019/10/23 13:30
16.62; 14.81; 14.56; 14.81; 16.56; 2019/10/23 14:00
17.06; 14.87; 14.68; 15.18; 17.00; 2019/10/23 14:30
17.43; 14.93; 14.81; 15.25; 17.56; 2019/10/23 15:00
17.75; 15.00; 14.87; 15.37; 17.68; 2019/10/23 15:30
17.75; 15.06; 14.93; 15.25; 17.50; 2019/10/23 16:00
17.75; 15.12; 15.00; 15.37; 17.31; 2019/10/23 16:30
17.43; 15.06; 15.06; 15.37; 16.81; 2019/10/23 17:00
17.00; 15.06; 15.12; 15.31; 16.56; 2019/10/23 17:30
16.31; 15.06; 15.12; 15.31; 16.37; 2019/10/23 18:00
15.50; 15.06; 15.00; 15.31; 16.25; 2019/10/23 18:30
15.06; 15.00; 14.93; 15.31; 16.12; 2019/10/23 19:00
14.56; 14.93; 14.93; 15.31; 16.00; 2019/10/23 19:30
14.06; 14.93; 14.93; 15.31; 15.93; 2019/10/23 20:00
13.75; 14.87; 14.93; 15.31; 15.87; 2019/10/23 20:30
13.43; 14.87; 14.93; 15.37; 15.87; 2019/10/23 21:00
13.06; 14.87; 15.00; 15.37; 15.81; 2019/10/23 21:30
12.68; 14.87; 15.00; 15.37; 15.75; 2019/10/23 22:00
12.18; 14.87; 15.00; 15.37; 15.75; 2019/10/23 22:30
12.06; 14.87; 15.00; 15.37; 15.75; 2019/10/23 23:00
11.68; 14.87; 15.00; 15.37; 15.68; 2019/10/23 23:30
11.81; 14.87; 15.00; 15.37; 15.68; 2019/10/24 00:00
11.68; 14.87; 15.06; 15.37; 15.68; 2019/10/24 00:30
11.75; 14.81; 15.06; 15.37; 15.62; 2019/10/24 01:00
11.87; 14.81; 15.06; 15.31; 15.62; 2019/10/24 01:30
11.62; 14.81; 15.06; 15.31; 15.56; 2019/10/24 02:00
11.50; 14.81; 15.06; 15.31; 15.56; 2019/10/24 02:30
11.37; 14.81; 15.06; 15.31; 15.56; 2019/10/24 03:00
12.06; 14.75; 15.06; 15.25; 15.56; 2019/10/24 03:30
12.31; 14.75; 15.06; 15.25; 15.50; 2019/10/24 04:00
12.31; 14.75; 15.00; 15.25; 15.50; 2019/10/24 04:30
11.87; 14.75; 15.00; 15.18; 15.50; 2019/10/24 05:00
11.75; 14.75; 15.00; 15.25; 15.50; 2019/10/24 05:30
11.62; 14.75; 15.00; 15.18; 15.43; 2019/10/24 06:00
11.68; 14.75; 15.00; 15.18; 15.43; 2019/10/24 06:30
12.12; 14.68; 15.00; 15.12; 15.43; 2019/10/24 07:00
12.43; 14.68; 15.00; 15.12; 15.37; 2019/10/24 07:30
12.50; 14.68; 14.93; 15.12; 15.37; 2019/10/24 08:00
12.81; 14.68; 14.93; 15.12; 15.37; 2019/10/24 08:30
12.87; 14.68; 14.93; 15.06; 15.37; 2019/10/24 09:00
12.93; 14.68; 14.93; 15.06; 15.37; 2019/10/24 09:30
13.18; 14.68; 14.93; 15.06; 15.37; 2019/10/24 10:00
13.31; 14.68; 14.93; 15.06; 15.31; 2019/10/24 10:30
13.93; 14.68; 14.93; 15.06; 15.37; 2019/10/24 11:00
14.56; 14.75; 14.93; 15.06; 15.43; 2019/10/24 11:30
15.25; 14.81; 15.00; 15.12; 15.56; 2019/10/24 12:00
15.31; 14.81; 14.93; 15.12; 15.56; 2019/10/24 12:30
16.62; 14.93; 15.06; 15.25; 16.06; 2019/10/24 13:00
16.87; 15.00; 15.00; 15.31; 16.25; 2019/10/24 13:30
17.18; 15.00; 15.00; 15.31; 16.12; 2019/10/24 14:00
17.81; 15.06; 15.06; 15.37; 16.12; 2019/10/24 14:30
18.93; 15.18; 15.25; 15.50; 17.12; 2019/10/24 15:00
18.81; 15.31; 15.31; 15.62; 17.31; 2019/10/24 15:30
18.93; 15.31; 15.31; 15.56; 17.06; 2019/10/24 16:00
18.68; 15.31; 15.25; 15.56; 16.75; 2019/10/24 16:30
18.81; 15.31; 15.31; 15.56; 16.50; 2019/10/24 17:00
18.50; 15.31; 15.43; 15.62; 16.43; 2019/10/24 17:30
17.87; 15.31; 15.37; 15.56; 16.31; 2019/10/24 18:00
17.62; 15.25; 15.31; 15.56; 16.18; 2019/10/24 18:30
16.87; 15.25; 15.31; 15.56; 16.12; 2019/10/24 19:00
16.12; 15.18; 15.31; 15.56; 16.06; 2019/10/24 19:30
16.12; 15.18; 15.31; 15.56; 16.00; 2019/10/24 20:00
15.68; 15.18; 15.31; 15.56; 16.00; 2019/10/24 20:30
15.12; 15.18; 15.31; 15.56; 15.93; 2019/10/24 21:00
15.31; 15.18; 15.31; 15.62; 15.87; 2019/10/24 21:30
15.18; 15.18; 15.31; 15.56; 15.87; 2019/10/24 22:00
14.87; 15.18; 15.31; 15.62; 15.87; 2019/10/24 22:30
14.93; 15.18; 15.31; 15.62; 15.87; 2019/10/24 23:00
14.81; 15.18; 15.37; 15.62; 15.81; 2019/10/24 23:30
14.87; 15.18; 15.37; 15.62; 15.81; 2019/10/25 00:00
14.81; 15.18; 15.37; 15.62; 15.81; 2019/10/25 00:30
15.25; 15.18; 15.37; 15.62; 15.81; 2019/10/25 01:00
15.00; 15.18; 15.37; 15.62; 15.81; 2019/10/25 01:30
15.06; 15.18; 15.37; 15.56; 15.81; 2019/10/25 02:00
15.00; 15.18; 15.37; 15.56; 15.81; 2019/10/25 02:30
14.93; 15.18; 15.37; 15.56; 15.81; 2019/10/25 03:00
14.81; 15.18; 15.37; 15.56; 15.81; 2019/10/25 03:30
14.56; 15.18; 15.37; 15.56; 15.75; 2019/10/25 04:00
14.56; 15.18; 15.37; 15.56; 15.75; 2019/10/25 04:30
14.50; 15.18; 15.37; 15.56; 15.75; 2019/10/25 05:00
14.50; 15.18; 15.37; 15.56; 15.75; 2019/10/25 05:30
14.43; 15.18; 15.37; 15.56; 15.75; 2019/10/25 06:00
14.31; 15.12; 15.37; 15.56; 15.75; 2019/10/25 06:30
14.06; 15.12; 15.37; 15.50; 15.75; 2019/10/25 07:00
13.75; 15.12; 15.37; 15.50; 15.75; 2019/10/25 07:30
13.50; 15.12; 15.37; 15.50; 15.75; 2019/10/25 08:00
13.25; 15.12; 15.37; 15.50; 15.68; 2019/10/25 08:30
13.18; 15.12; 15.37; 15.50; 15.68; 2019/10/25 09:00
13.25; 15.12; 15.31; 15.50; 15.68; 2019/10/25 09:30
13.25; 15.12; 15.37; 15.50; 15.68; 2019/10/25 10:00
13.43; 15.12; 15.37; 15.50; 15.68; 2019/10/25 10:30
13.62; 15.12; 15.37; 15.50; 15.75; 2019/10/25 11:00
13.93; 15.18; 15.37; 15.50; 15.87; 2019/10/25 11:30
14.37; 15.18; 15.43; 15.50; 16.12; 2019/10/25 12:00
14.68; 15.25; 15.50; 15.56; 16.56; 2019/10/25 12:30
14.93; 15.31; 15.50; 15.62; 16.68; 2019/10/25 13:00
15.31; 15.31; 15.50; 15.68; 16.81; 2019/10/25 13:30
15.75; 15.50; 15.56; 15.93; 17.37; 2019/10/25 14:00
15.68; 15.43; 15.56; 15.81; 17.25; 2019/10/25 14:30
15.81; 15.43; 15.56; 15.75; 17.18; 2019/10/25 15:00
16.12; 15.50; 15.62; 15.81; 17.31; 2019/10/25 15:30
16.50; 15.56; 15.68; 15.87; 17.43; 2019/10/25 16:00
16.50; 15.56; 15.68; 15.87; 17.43; 2019/10/25 16:30
16.18; 15.56; 15.68; 15.87; 17.00; 2019/10/25 17:00
16.12; 15.50; 15.81; 15.87; 16.87; 2019/10/25 17:30
15.87; 15.50; 15.75; 15.87; 16.68; 2019/10/25 18:00
15.62; 16.25; 17.87; 16.50; 16.87; 2019/10/25 18:30
15.75; 16.75; 27.56; 16.62; 17.62; 2019/10/25 19:00
15.62; 17.12; 29.62; 17.25; 17.62; 2019/10/25 19:30
15.68; 16.62; 22.62; 16.87; 17.62; 2019/10/25 20:00
15.18; 16.31; 20.68; 16.68; 17.56; 2019/10/25 20:30
15.00; 16.31; 19.68; 16.62; 17.50; 2019/10/25 21:00
15.12; 15.93; 19.06; 16.43; 17.37; 2019/10/25 21:30
15.06; 15.93; 18.62; 16.37; 17.00; 2019/10/25 22:00
15.06; 15.87; 18.25; 16.31; 16.81; 2019/10/25 22:30
14.81; 15.81; 18.06; 16.25; 16.62; 2019/10/25 23:00
14.68; 15.75; 17.87; 16.18; 16.56; 2019/10/25 23:30
14.50; 15.75; 17.68; 16.12; 16.50; 2019/10/26 00:00
14.43; 15.68; 17.56; 16.12; 16.43; 2019/10/26 00:30
14.56; 15.68; 17.43; 16.12; 16.43; 2019/10/26 01:00
14.62; 15.68; 17.31; 16.06; 16.37; 2019/10/26 01:30
14.62; 15.62; 17.25; 16.06; 16.37; 2019/10/26 02:00
14.50; 15.62; 17.18; 16.06; 16.31; 2019/10/26 02:30
14.62; 15.62; 17.12; 16.06; 16.31; 2019/10/26 03:00
14.62; 15.62; 17.06; 16.00; 16.31; 2019/10/26 03:30
14.56; 15.62; 17.00; 16.00; 16.31; 2019/10/26 04:00
14.62; 15.62; 16.93; 16.00; 16.25; 2019/10/26 04:30
14.62; 15.56; 16.87; 16.00; 16.25; 2019/10/26 05:00
14.87; 15.56; 16.87; 16.00; 16.25; 2019/10/26 05:30
14.75; 15.56; 16.81; 15.93; 16.25; 2019/10/26 06:00
14.68; 15.56; 16.81; 15.93; 16.18; 2019/10/26 06:30
14.68; 15.56; 16.75; 15.93; 16.18; 2019/10/26 07:00
14.50; 15.56; 16.75; 15.93; 16.18; 2019/10/26 07:30
14.43; 15.56; 16.68; 15.87; 16.18; 2019/10/26 08:00
14.37; 15.56; 16.62; 15.87; 16.18; 2019/10/26 08:30
14.43; 15.56; 16.62; 15.87; 16.18; 2019/10/26 09:00
14.56; 15.56; 16.62; 15.87; 16.18; 2019/10/26 09:30
14.93; 15.56; 16.62; 15.87; 16.18; 2019/10/26 10:00
15.12; 15.56; 16.56; 15.87; 16.18; 2019/10/26 10:30
15.12; 15.56; 16.56; 15.87; 16.25; 2019/10/26 11:00
15.43; 15.56; 16.62; 15.87; 16.37; 2019/10/26 11:30
16.06; 15.68; 16.68; 16.00; 16.87; 2019/10/26 12:00
16.87; 15.81; 16.75; 16.06; 17.31; 2019/10/26 12:30
17.25; 15.93; 16.75; 16.25; 17.75; 2019/10/26 13:00
17.75; 16.00; 16.75; 16.31; 18.12; 2019/10/26 13:30
18.12; 16.12; 16.81; 16.43; 18.56; 2019/10/26 14:00
18.12; 16.18; 16.81; 16.43; 18.62; 2019/10/26 14:30
18.62; 16.25; 16.87; 16.56; 18.93; 2019/10/26 15:00
19.18; 16.31; 17.00; 16.68; 19.00; 2019/10/26 15:30
18.93; 16.25; 16.93; 16.62; 18.56; 2019/10/26 16:00
19.00; 16.25; 16.87; 16.50; 18.25; 2019/10/26 16:30
18.68; 16.18; 16.87; 16.50; 17.93; 2019/10/26 17:00
18.75; 16.18; 17.00; 16.50; 17.75; 2019/10/26 17:30
18.43; 16.18; 16.93; 16.50; 17.62; 2019/10/26 18:00
18.00; 16.12; 16.93; 16.56; 17.56; 2019/10/26 18:30
17.68; 16.12; 16.87; 16.56; 17.43; 2019/10/26 19:00
17.43; 16.12; 16.87; 16.56; 17.31; 2019/10/26 19:30
17.18; 16.12; 16.87; 16.56; 17.31; 2019/10/26 20:00
17.12; 16.12; 16.87; 16.62; 17.18; 2019/10/26 20:30
17.06; 16.12; 16.93; 16.62; 17.18; 2019/10/26 21:00
17.00; 16.12; 16.93; 16.62; 17.18; 2019/10/26 21:30
16.93; 16.12; 16.93; 16.62; 17.18; 2019/10/26 22:00
17.00; 16.12; 16.93; 16.62; 17.12; 2019/10/26 22:30
16.81; 16.12; 16.93; 16.62; 17.12; 2019/10/26 23:00
16.68; 16.12; 16.93; 16.62; 17.06; 2019/10/26 23:30
16.87; 16.12; 16.93; 16.62; 17.06; 2019/10/27 00:00
16.93; 16.12; 16.93; 16.62; 17.06; 2019/10/27 00:30
16.75; 16.12; 16.93; 16.62; 17.06; 2019/10/27 01:00
16.93; 16.12; 16.93; 16.62; 17.00; 2019/10/27 01:30
17.06; 16.12; 16.93; 16.62; 17.00; 2019/10/27 02:00
17.18; 16.12; 16.93; 16.62; 17.00; 2019/10/27 02:30
17.31; 16.18; 16.93; 16.62; 17.00; 2019/10/27 02:00
17.06; 16.12; 16.93; 16.62; 16.93; 2019/10/27 02:30
16.37; 16.12; 16.93; 16.62; 17.00; 2019/10/27 03:00
15.18; 16.12; 16.93; 16.56; 16.93; 2019/10/27 03:30
14.87; 16.06; 16.93; 16.56; 16.93; 2019/10/27 04:00
14.81; 16.06; 16.93; 16.56; 16.93; 2019/10/27 04:30
14.81; 16.06; 16.93; 16.50; 16.93; 2019/10/27 05:00
13.75; 16.12; 16.93; 16.56; 16.93; 2019/10/27 05:30
13.06; 16.06; 16.87; 16.50; 16.87; 2019/10/27 06:00
12.81; 16.06; 16.87; 16.50; 16.87; 2019/10/27 06:30
12.25; 16.06; 16.87; 16.50; 16.87; 2019/10/27 07:00
11.75; 16.00; 16.87; 16.50; 16.81; 2019/10/27 07:30
11.68; 16.00; 16.87; 16.43; 16.81; 2019/10/27 08:00
11.56; 15.93; 16.87; 16.43; 16.81; 2019/10/27 08:30
11.68; 15.93; 16.87; 16.43; 16.75; 2019/10/27 09:00
11.68; 15.93; 16.81; 16.37; 16.75; 2019/10/27 09:30
12.62; 15.50; 16.81; 16.18; 16.75; 2019/10/27 10:00
11.93; 15.68; 16.81; 16.18; 16.75; 2019/10/27 10:30
12.00; 15.68; 16.81; 16.12; 16.75; 2019/10/27 11:00
12.00; 15.75; 16.81; 16.18; 16.75; 2019/10/27 11:30
12.12; 15.43; 16.81; 16.00; 16.81; 2019/10/27 12:00
11.93; 15.68; 16.81; 16.12; 16.81; 2019/10/27 12:30
12.06; 15.75; 16.75; 16.12; 16.81; 2019/10/27 13:00
12.62; 15.75; 16.75; 16.12; 16.81; 2019/10/27 13:30
12.56; 15.75; 16.75; 16.12; 16.81; 2019/10/27 14:00
12.50; 15.75; 16.75; 16.12; 16.81; 2019/10/27 14:30
12.56; 15.75; 16.68; 16.06; 16.75; 2019/10/27 15:00
12.31; 15.75; 16.68; 16.12; 16.75; 2019/10/27 15:30
12.43; 15.75; 16.68; 16.06; 16.75; 2019/10/27 16:00
12.31; 15.75; 16.68; 16.06; 16.68; 2019/10/27 16:30
11.87; 15.68; 16.68; 16.06; 16.68; 2019/10/27 17:00
11.37; 15.68; 16.62; 16.00; 16.68; 2019/10/27 17:30
10.68; 15.62; 16.62; 16.00; 16.62; 2019/10/27 18:00
10.06; 15.62; 16.56; 16.00; 16.56; 2019/10/27 18:30
9.50; 15.56; 16.56; 15.93; 16.56; 2019/10/27 19:00
8.93; 15.56; 16.50; 15.93; 16.50; 2019/10/27 19:30
8.56; 15.56; 16.50; 15.93; 16.50; 2019/10/27 20:00
8.43; 15.50; 16.50; 15.87; 16.43; 2019/10/27 20:30
8.25; 15.50; 16.43; 15.81; 16.43; 2019/10/27 21:00
8.18; 15.43; 16.43; 15.81; 16.37; 2019/10/27 21:30
8.06; 15.43; 16.37; 15.81; 16.37; 2019/10/27 22:00
7.75; 15.37; 16.37; 15.75; 16.31; 2019/10/27 22:30
7.43; 15.37; 16.31; 15.75; 16.31; 2019/10/27 23:00
7.50; 15.31; 16.25; 15.68; 16.25; 2019/10/27 23:30
7.06; 15.31; 16.25; 15.68; 16.25; 2019/10/28 00:00
7.12; 15.31; 16.18; 15.62; 16.18; 2019/10/28 00:30
7.06; 15.25; 16.18; 15.62; 16.12; 2019/10/28 01:00
6.56; 15.18; 16.12; 15.56; 16.12; 2019/10/28 01:30
6.56; 15.18; 16.06; 15.50; 16.06; 2019/10/28 02:00
6.37; 15.12; 16.06; 15.50; 16.00; 2019/10/28 02:30
6.25; 15.12; 16.00; 15.43; 15.93; 2019/10/28 03:00
5.93; 15.06; 15.93; 15.37; 15.87; 2019/10/28 03:30
5.75; 15.06; 15.87; 15.31; 15.87; 2019/10/28 04:00
5.62; 15.00; 15.87; 15.31; 15.81; 2019/10/28 04:30
5.50; 14.93; 15.81; 15.25; 15.75; 2019/10/28 05:00
5.50; 14.93; 15.75; 15.25; 15.68; 2019/10/28 05:30
5.31; 14.87; 15.68; 15.18; 15.68; 2019/10/28 06:00
5.31; 14.87; 15.68; 15.12; 15.62; 2019/10/28 06:30
5.18; 14.81; 15.62; 15.06; 15.56; 2019/10/28 07:00
5.00; 14.81; 15.56; 15.06; 15.50; 2019/10/28 07:30
5.06; 14.75; 15.50; 15.00; 15.43; 2019/10/28 08:00
5.62; 14.75; 15.50; 14.93; 15.43; 2019/10/28 08:30
5.87; 14.68; 15.43; 14.93; 15.37; 2019/10/28 09:00
6.31; 14.68; 15.37; 14.87; 15.37; 2019/10/28 09:30
7.56; 14.68; 15.37; 14.87; 15.37; 2019/10/28 10:00
8.75; 14.68; 15.37; 14.81; 15.43; 2019/10/28 10:30
9.62; 14.75; 15.43; 14.87; 16.06; 2019/10/28 11:00
10.00; 14.81; 15.43; 14.87; 16.37; 2019/10/28 11:30
10.75; 14.81; 15.31; 14.87; 16.43; 2019/10/28 12:00
10.87; 14.81; 15.18; 14.87; 16.25; 2019/10/28 12:30
10.87; 14.75; 15.18; 14.81; 16.06; 2019/10/28 13:00
10.93; 14.75; 15.18; 14.81; 16.06; 2019/10/28 13:30
11.06; 14.75; 15.12; 14.81; 16.00; 2019/10/28 14:00
11.37; 14.75; 15.18; 14.81; 16.18; 2019/10/28 14:30
11.62; 14.81; 15.18; 14.75; 16.06; 2019/10/28 15:00
12.37; 14.81; 15.12; 14.87; 16.06; 2019/10/28 15:30
12.00; 14.81; 15.18; 14.87; 15.87; 2019/10/28 16:00
11.75; 14.81; 15.31; 14.87; 15.81; 2019/10/28 16:30
11.43; 14.75; 15.25; 14.87; 15.75; 2019/10/28 17:00
10.87; 14.75; 15.18; 14.81; 15.68; 2019/10/28 17:30
10.62; 14.68; 15.12; 14.81; 15.62; 2019/10/28 18:00
10.37; 14.62; 15.06; 14.81; 15.56; 2019/10/28 18:30
10.12; 14.62; 15.00; 14.81; 15.50; 2019/10/28 19:00
9.87; 14.62; 15.00; 14.81; 15.43; 2019/10/28 19:30
9.50; 14.56; 15.00; 14.81; 15.43; 2019/10/28 20:00
9.12; 14.56; 14.93; 14.81; 15.37; 2019/10/28 20:30
8.93; 14.56; 14.93; 14.81; 15.37; 2019/10/28 21:00
8.68; 14.50; 14.93; 14.75; 15.31; 2019/10/28 21:30
8.62; 14.50; 14.93; 14.75; 15.31; 2019/10/28 22:00
8.31; 14.43; 14.87; 14.75; 15.25; 2019/10/28 22:30
8.12; 14.43; 14.87; 14.75; 15.18; 2019/10/28 23:00
7.81; 14.43; 14.87; 14.68; 15.18; 2019/10/28 23:30
7.68; 14.37; 14.81; 14.68; 15.18; 2019/10/29 00:00
7.62; 14.37; 14.81; 14.68; 15.12; 2019/10/29 00:30
7.43; 14.37; 14.75; 14.62; 15.06; 2019/10/29 01:00
7.31; 14.31; 14.75; 14.62; 15.06; 2019/10/29 01:30
7.25; 14.31; 14.68; 14.56; 15.00; 2019/10/29 02:00
7.12; 14.25; 14.68; 14.56; 15.00; 2019/10/29 02:30
6.93; 14.25; 14.62; 14.56; 14.93; 2019/10/29 03:00
6.93; 14.25; 14.62; 14.50; 14.93; 2019/10/29 03:30
7.18; 14.18; 14.56; 14.43; 14.87; 2019/10/29 04:00
7.25; 14.18; 14.56; 14.43; 14.81; 2019/10/29 04:30
7.31; 14.12; 14.50; 14.37; 14.81; 2019/10/29 05:00
6.81; 14.12; 14.50; 14.37; 14.75; 2019/10/29 05:30
7.25; 14.12; 14.43; 14.31; 14.75; 2019/10/29 06:00
7.06; 14.06; 14.43; 14.31; 14.68; 2019/10/29 06:30
7.06; 14.06; 14.37; 14.31; 14.68; 2019/10/29 07:00
7.00; 14.06; 14.37; 14.25; 14.62; 2019/10/29 07:30
6.68; 14.00; 14.31; 14.25; 14.56; 2019/10/29 08:00
7.06; 14.00; 14.31; 14.18; 14.56; 2019/10/29 08:30
7.25; 13.93; 14.25; 14.12; 14.50; 2019/10/29 09:00
7.31; 13.93; 14.25; 14.12; 14.50; 2019/10/29 09:30
8.37; 13.93; 14.18; 14.12; 14.56; 2019/10/29 10:00
9.06; 14.00; 14.25; 14.12; 14.68; 2019/10/29 10:30
9.62; 14.00; 14.25; 14.18; 15.18; 2019/10/29 11:00
10.12; 14.12; 14.25; 14.12; 15.37; 2019/10/29 11:30
10.50; 14.12; 14.18; 14.12; 15.62; 2019/10/29 12:00
10.87; 14.12; 14.25; 14.18; 15.87; 2019/10/29 12:30
10.87; 14.18; 14.18; 14.25; 16.12; 2019/10/29 13:00
11.93; 14.25; 14.31; 14.31; 16.68; 2019/10/29 13:30
12.18; 14.31; 14.37; 14.43; 16.93; 2019/10/29 14:00
12.31; 14.31; 14.43; 14.37; 17.12; 2019/10/29 14:30
11.93; 14.31; 14.37; 14.37; 16.81; 2019/10/29 15:00
11.87; 14.25; 14.25; 14.43; 16.37; 2019/10/29 15:30
11.12; 14.25; 14.18; 14.31; 15.81; 2019/10/29 16:00
10.87; 14.18; 14.31; 14.25; 15.56; 2019/10/29 16:30
10.31; 14.12; 14.43; 14.31; 15.43; 2019/10/29 17:00
10.06; 14.12; 14.31; 14.31; 15.37; 2019/10/29 17:30
9.37; 14.06; 14.25; 14.25; 15.25; 2019/10/29 18:00
8.31; 14.06; 14.18; 14.37; 15.18; 2019/10/29 18:30
7.87; 14.00; 14.18; 14.43; 15.12; 2019/10/29 19:00
7.25; 13.93; 14.18; 14.37; 15.06; 2019/10/29 19:30
7.37; 13.93; 14.18; 14.37; 15.06; 2019/10/29 20:00
6.93; 13.93; 14.18; 14.37; 14.93; 2019/10/29 20:30
6.68; 13.87; 14.18; 14.37; 14.93; 2019/10/29 21:00
6.37; 13.87; 14.12; 14.31; 14.87; 2019/10/29 21:30
5.93; 13.81; 14.12; 14.31; 14.81; 2019/10/29 22:00
5.68; 13.81; 14.12; 14.31; 14.75; 2019/10/29 22:30
5.50; 13.75; 14.12; 14.25; 14.75; 2019/10/29 23:00
5.43; 13.68; 14.06; 14.18; 14.68; 2019/10/29 23:30
5.00; 13.68; 14.06; 14.18; 14.62; 2019/10/30 00:00
4.75; 13.62; 14.06; 14.12; 14.56; 2019/10/30 00:30
4.56; 13.56; 14.00; 14.12; 14.50; 2019/10/30 01:00
4.31; 13.56; 14.00; 14.06; 14.50; 2019/10/30 01:30
3.93; 13.50; 13.93; 14.00; 14.43; 2019/10/30 02:00
4.00; 13.50; 13.93; 13.93; 14.37; 2019/10/30 02:30
3.62; 13.43; 13.87; 13.87; 14.31; 2019/10/30 03:00
3.50; 13.43; 13.81; 13.87; 14.25; 2019/10/30 03:30
3.50; 13.37; 13.81; 13.81; 14.18; 2019/10/30 04:00
3.18; 13.31; 13.75; 13.75; 14.12; 2019/10/30 04:30
3.00; 13.31; 13.68; 13.68; 14.12; 2019/10/30 05:00
2.87; 13.25; 13.68; 13.62; 14.06; 2019/10/30 05:30
2.81; 13.25; 13.62; 13.62; 14.00; 2019/10/30 06:00
2.50; 13.18; 13.56; 13.56; 13.93; 2019/10/30 06:30
2.50; 13.12; 13.50; 13.50; 13.87; 2019/10/30 07:00
2.43; 13.06; 13.50; 13.43; 13.81; 2019/10/30 07:30
2.37; 13.06; 13.43; 13.37; 13.75; 2019/10/30 08:00
2.37; 13.00; 13.37; 13.37; 13.68; 2019/10/30 08:30
3.00; 13.00; 13.31; 13.31; 13.62; 2019/10/30 09:00
3.68; 12.93; 13.31; 13.25; 13.62; 2019/10/30 09:30
4.56; 12.93; 13.25; 13.25; 13.62; 2019/10/30 10:00
5.62; 13.00; 13.25; 13.18; 13.68; 2019/10/30 10:30
6.81; 13.00; 13.31; 13.25; 14.18; 2019/10/30 11:00
7.87; 13.06; 13.31; 13.25; 14.50; 2019/10/30 11:30
7.93; 13.06; 13.12; 13.18; 14.25; 2019/10/30 12:00
8.56; 13.06; 13.12; 13.18; 14.43; 2019/10/30 12:30
8.81; 13.06; 13.12; 13.12; 14.31; 2019/10/30 13:00
9.12; 13.06; 13.06; 13.12; 14.25; 2019/10/30 13:30
9.06; 13.00; 13.00; 13.12; 14.12; 2019/10/30 14:00
9.25; 13.00; 13.00; 13.12; 14.06; 2019/10/30 14:30
9.12; 13.00; 13.00; 13.12; 14.06; 2019/10/30 15:00
9.62; 13.00; 12.93; 13.12; 14.00; 2019/10/30 15:30
9.62; 13.00; 12.93; 13.12; 13.93; 2019/10/30 16:00
9.62; 13.00; 12.93; 13.06; 13.87; 2019/10/30 16:30
8.37; 12.93; 12.93; 13.06; 13.75; 2019/10/30 17:00
8.00; 12.87; 12.87; 13.06; 13.75; 2019/10/30 17:30
7.62; 12.87; 12.87; 13.06; 13.68; 2019/10/30 18:00
6.87; 12.81; 12.81; 13.06; 13.62; 2019/10/30 18:30
6.25; 12.75; 12.81; 13.00; 13.56; 2019/10/30 19:00
5.75; 12.75; 12.81; 13.00; 13.50; 2019/10/30 19:30
4.87; 12.68; 12.75; 12.93; 13.43; 2019/10/30 20:00
4.87; 12.68; 12.75; 12.93; 13.37; 2019/10/30 20:30
4.18; 12.62; 12.68; 12.93; 13.37; 2019/10/30 21:00
4.31; 12.56; 12.68; 12.87; 13.31; 2019/10/30 21:30
3.75; 12.56; 12.68; 12.87; 13.25; 2019/10/30 22:00
3.43; 12.50; 12.62; 12.81; 13.25; 2019/10/30 22:30
3.25; 12.50; 12.62; 12.81; 13.18; 2019/10/30 23:00
2.93; 12.43; 12.56; 12.75; 13.12; 2019/10/30 23:30
2.81; 12.37; 12.50; 12.68; 13.06; 2019/10/31 00:00
2.50; 12.37; 12.50; 12.68; 13.00; 2019/10/31 00:30
2.50; 12.31; 12.43; 12.62; 13.00; 2019/10/31 01:00
2.12; 12.25; 12.43; 12.62; 12.93; 2019/10/31 01:30
2.06; 12.25; 12.37; 12.56; 12.87; 2019/10/31 02:00
2.12; 12.18; 12.31; 12.50; 12.81; 2019/10/31 02:30
1.68; 12.12; 12.31; 12.43; 12.75; 2019/10/31 03:00
1.62; 12.12; 12.25; 12.37; 12.68; 2019/10/31 03:30
1.50; 12.06; 12.18; 12.37; 12.68; 2019/10/31 04:00
1.43; 12.00; 12.18; 12.31; 12.62; 2019/10/31 04:30
1.18; 12.00; 12.12; 12.25; 12.56; 2019/10/31 05:00
1.12; 11.93; 12.06; 12.18; 12.50; 2019/10/31 05:30
1.06; 11.93; 12.00; 12.18; 12.43; 2019/10/31 06:00
.81; 11.87; 12.00; 12.12; 12.37; 2019/10/31 06:30
.68; 11.81; 11.93; 12.06; 12.37; 2019/10/31 07:00
.75; 11.75; 11.87; 12.00; 12.25; 2019/10/31 07:30
.62; 11.75; 11.81; 11.93; 12.25; 2019/10/31 08:00
.87; 11.68; 11.75; 11.93; 12.18; 2019/10/31 08:30
1.25; 11.62; 11.68; 11.87; 12.12; 2019/10/31 09:00
2.06; 11.62; 11.68; 11.81; 12.12; 2019/10/31 09:30
3.18; 11.62; 11.62; 11.81; 12.06; 2019/10/31 10:00
4.31; 11.68; 11.68; 11.81; 12.18; 2019/10/31 10:30
5.75; 11.68; 11.68; 11.81; 12.68; 2019/10/31 11:00
6.87; 11.81; 11.75; 11.81; 13.25; 2019/10/31 11:30
8.18; 11.87; 11.68; 11.81; 13.62; 2019/10/31 12:00
9.00; 11.93; 11.68; 11.93; 14.06; 2019/10/31 12:30
9.37; 12.00; 11.62; 12.00; 14.37; 2019/10/31 13:00
9.62; 12.00; 11.62; 11.93; 14.62; 2019/10/31 13:30
9.87; 12.00; 11.68; 12.00; 14.75; 2019/10/31 14:00
10.06; 12.06; 11.75; 12.06; 14.93; 2019/10/31 14:30
10.18; 12.00; 11.75; 11.87; 14.43; 2019/10/31 15:00
10.18; 12.00; 11.62; 11.87; 13.87; 2019/10/31 15:30
10.06; 11.93; 11.56; 11.93; 13.43; 2019/10/31 16:00
9.50; 11.93; 11.56; 11.87; 13.31; 2019/10/31 16:30
9.12; 11.87; 11.68; 11.81; 13.18; 2019/10/31 17:00
8.06; 11.81; 11.56; 11.87; 13.06; 2019/10/31 17:30
7.25; 11.81; 11.56; 11.93; 13.00; 2019/10/31 18:00
6.43; 11.81; 11.56; 11.93; 12.87; 2019/10/31 18:30
5.81; 11.75; 11.56; 12.06; 12.81; 2019/10/31 19:00
5.00; 11.68; 11.56; 12.18; 12.75; 2019/10/31 19:30
4.56; 11.62; 11.50; 12.18; 12.68; 2019/10/31 20:00
4.00; 11.62; 11.50; 12.12; 12.62; 2019/10/31 20:30
3.62; 11.56; 11.50; 12.06; 12.56; 2019/10/31 21:00
3.31; 11.56; 11.50; 12.06; 12.50; 2019/10/31 21:30
2.81; 11.50; 11.50; 12.06; 12.43; 2019/10/31 22:00
2.93; 11.50; 11.50; 12.00; 12.37; 2019/10/31 22:30
2.62; 11.43; 11.43; 12.00; 12.37; 2019/10/31 23:00
2.93; 11.43; 11.43; 11.93; 12.31; 2019/10/31 23:30
