3.62; 11.37; 11.43; 11.93; 12.25; 2019/11/01 00:00
4.68; 11.37; 11.37; 11.87; 12.18; 2019/11/01 00:30
4.37; 11.31; 11.37; 11.87; 12.12; 2019/11/01 01:00
3.87; 11.31; 11.31; 11.81; 12.12; 2019/11/01 01:30
3.87; 11.31; 11.31; 11.81; 12.06; 2019/11/01 02:00
4.37; 11.25; 11.31; 11.75; 12.00; 2019/11/01 02:30
5.18; 11.25; 11.25; 11.68; 12.00; 2019/11/01 03:00
5.18; 11.25; 11.25; 11.68; 11.93; 2019/11/01 03:30
5.56; 11.18; 11.18; 11.62; 11.93; 2019/11/01 04:00
5.87; 11.18; 11.12; 11.62; 11.87; 2019/11/01 04:30
5.87; 11.18; 11.12; 11.56; 11.81; 2019/11/01 05:00
5.87; 11.18; 11.06; 11.56; 11.75; 2019/11/01 05:30
5.68; 11.12; 11.06; 11.50; 11.75; 2019/11/01 06:00
5.87; 11.12; 11.06; 11.43; 11.75; 2019/11/01 06:30
6.06; 11.12; 11.00; 11.43; 11.68; 2019/11/01 07:00
6.06; 11.12; 10.93; 11.43; 11.62; 2019/11/01 07:30
6.25; 11.06; 10.93; 11.37; 11.62; 2019/11/01 08:00
6.37; 11.06; 10.93; 11.31; 11.56; 2019/11/01 08:30
6.50; 11.06; 10.87; 11.31; 11.56; 2019/11/01 09:00
6.87; 11.00; 10.87; 11.31; 11.56; 2019/11/01 09:30
7.06; 11.06; 10.81; 11.25; 11.56; 2019/11/01 10:00
7.12; 11.00; 10.81; 11.25; 11.56; 2019/11/01 10:30
7.43; 11.00; 10.81; 11.25; 11.56; 2019/11/01 11:00
7.43; 11.00; 10.75; 11.18; 11.50; 2019/11/01 11:30
7.50; 11.00; 10.75; 11.18; 11.50; 2019/11/01 12:00
7.75; 11.00; 10.75; 11.18; 11.50; 2019/11/01 12:30
7.81; 11.00; 10.68; 11.18; 11.50; 2019/11/01 13:00
7.93; 10.93; 10.68; 11.12; 11.43; 2019/11/01 13:30
8.12; 10.93; 10.68; 11.12; 11.43; 2019/11/01 14:00
8.18; 10.93; 10.62; 11.12; 11.43; 2019/11/01 14:30
8.25; 10.93; 10.62; 11.12; 11.43; 2019/11/01 15:00
8.50; 10.93; 10.62; 11.06; 11.43; 2019/11/01 15:30
8.68; 10.93; 10.56; 11.12; 11.43; 2019/11/01 16:00
8.62; 10.87; 10.56; 11.06; 11.37; 2019/11/01 16:30
8.75; 10.87; 10.56; 11.06; 11.37; 2019/11/01 17:00
8.93; 10.87; 10.56; 11.06; 11.37; 2019/11/01 17:30
9.06; 10.87; 10.50; 11.06; 11.37; 2019/11/01 18:00
9.25; 10.87; 10.50; 11.06; 11.37; 2019/11/01 18:30
9.62; 10.87; 10.50; 11.06; 11.37; 2019/11/01 19:00
9.68; 10.87; 10.50; 11.06; 11.31; 2019/11/01 19:30
9.81; 10.87; 10.50; 11.00; 11.31; 2019/11/01 20:00
9.81; 10.87; 10.50; 11.00; 11.31; 2019/11/01 20:30
10.12; 10.87; 10.50; 11.00; 11.31; 2019/11/01 21:00
10.25; 10.87; 10.50; 11.00; 11.31; 2019/11/01 21:30
10.18; 10.87; 10.50; 11.00; 11.31; 2019/11/01 22:00
10.31; 10.87; 10.43; 11.00; 11.31; 2019/11/01 22:30
10.37; 10.87; 10.43; 11.00; 11.31; 2019/11/01 23:00
10.37; 10.87; 10.43; 11.00; 11.31; 2019/11/01 23:30
10.50; 10.87; 10.43; 11.00; 11.31; 2019/11/02 00:00
10.87; 10.87; 10.43; 11.00; 11.31; 2019/11/02 00:30
10.87; 10.87; 10.43; 11.00; 11.31; 2019/11/02 01:00
11.18; 10.87; 10.43; 11.00; 11.31; 2019/11/02 01:30
11.06; 10.87; 10.43; 11.00; 11.31; 2019/11/02 02:00
11.31; 10.87; 10.43; 11.00; 11.31; 2019/11/02 02:30
11.43; 10.87; 10.43; 11.00; 11.31; 2019/11/02 03:00
11.75; 10.87; 10.43; 11.00; 11.31; 2019/11/02 03:30
11.75; 10.87; 10.43; 11.00; 11.37; 2019/11/02 04:00
11.93; 10.87; 10.43; 11.00; 11.37; 2019/11/02 04:30
12.18; 10.87; 10.43; 11.00; 11.37; 2019/11/02 05:00
12.25; 10.87; 10.50; 11.06; 11.37; 2019/11/02 05:30
12.31; 10.93; 10.50; 11.06; 11.37; 2019/11/02 06:00
12.50; 10.93; 10.50; 11.06; 11.37; 2019/11/02 06:30
12.68; 10.93; 10.50; 11.06; 11.37; 2019/11/02 07:00
12.62; 11.00; 10.50; 11.06; 11.43; 2019/11/02 07:30
12.68; 10.93; 10.50; 11.06; 11.43; 2019/11/02 08:00
12.75; 11.00; 10.50; 11.06; 11.43; 2019/11/02 08:30
12.87; 11.00; 10.50; 11.06; 11.43; 2019/11/02 09:00
12.93; 11.06; 10.56; 11.06; 11.50; 2019/11/02 09:30
12.87; 11.06; 10.56; 11.12; 11.50; 2019/11/02 10:00
13.06; 11.06; 10.56; 11.12; 11.56; 2019/11/02 10:30
13.00; 11.12; 10.56; 11.12; 11.56; 2019/11/02 11:00
13.31; 11.12; 10.68; 11.12; 11.75; 2019/11/02 11:30
13.18; 11.18; 10.62; 11.25; 11.68; 2019/11/02 12:00
13.56; 11.18; 10.68; 11.18; 11.81; 2019/11/02 12:30
13.68; 11.25; 10.68; 11.18; 11.81; 2019/11/02 13:00
13.62; 11.25; 10.68; 11.25; 11.81; 2019/11/02 13:30
13.87; 11.31; 10.75; 11.25; 11.87; 2019/11/02 14:00
13.75; 11.31; 10.75; 11.25; 11.87; 2019/11/02 14:30
12.50; 11.25; 10.75; 11.31; 11.81; 2019/11/02 15:00
12.37; 11.25; 10.75; 11.31; 11.87; 2019/11/02 15:30
12.93; 11.25; 10.75; 11.37; 11.81; 2019/11/02 16:00
12.87; 11.25; 10.75; 11.37; 11.81; 2019/11/02 16:30
12.87; 11.50; 10.81; 11.62; 11.81; 2019/11/02 17:00
12.81; 11.31; 10.81; 11.43; 11.81; 2019/11/02 17:30
12.68; 11.25; 10.81; 11.50; 11.81; 2019/11/02 18:00
12.56; 11.25; 10.81; 11.56; 11.81; 2019/11/02 18:30
12.37; 11.25; 10.81; 11.56; 11.81; 2019/11/02 19:00
12.25; 11.25; 10.81; 11.56; 11.81; 2019/11/02 19:30
11.93; 11.18; 10.87; 11.56; 11.81; 2019/11/02 20:00
11.68; 11.25; 10.87; 11.50; 11.81; 2019/11/02 20:30
11.75; 11.18; 10.87; 11.50; 11.81; 2019/11/02 21:00
11.81; 11.25; 10.87; 11.56; 11.81; 2019/11/02 21:30
11.62; 11.18; 10.87; 11.50; 11.81; 2019/11/02 22:00
11.68; 11.18; 10.87; 11.50; 11.81; 2019/11/02 22:30
11.68; 11.25; 10.93; 11.56; 11.81; 2019/11/02 23:00
11.62; 11.25; 10.93; 11.50; 11.81; 2019/11/02 23:30
11.62; 11.25; 10.93; 11.50; 11.81; 2019/11/03 00:00
11.37; 11.25; 10.93; 11.50; 11.81; 2019/11/03 00:30
11.18; 11.18; 10.93; 11.50; 11.75; 2019/11/03 01:00
11.00; 11.18; 10.93; 11.50; 11.75; 2019/11/03 01:30
10.87; 11.18; 10.93; 11.50; 11.75; 2019/11/03 02:00
10.87; 11.18; 10.93; 11.50; 11.75; 2019/11/03 02:30
10.93; 11.18; 10.93; 11.50; 11.75; 2019/11/03 03:00
10.68; 11.18; 10.93; 11.50; 11.75; 2019/11/03 03:30
10.25; 11.18; 10.93; 11.50; 11.75; 2019/11/03 04:00
10.06; 11.18; 10.93; 11.50; 11.75; 2019/11/03 04:30
10.12; 11.18; 10.93; 11.43; 11.75; 2019/11/03 05:00
10.18; 11.18; 10.93; 11.43; 11.75; 2019/11/03 05:30
10.12; 11.18; 10.93; 11.43; 11.75; 2019/11/03 06:00
10.12; 11.18; 10.93; 11.43; 11.75; 2019/11/03 06:30
10.12; 11.18; 10.93; 11.43; 11.75; 2019/11/03 07:00
10.12; 11.18; 10.93; 11.43; 11.68; 2019/11/03 07:30
10.06; 11.18; 10.93; 11.43; 11.75; 2019/11/03 08:00
10.06; 11.18; 10.93; 11.43; 11.75; 2019/11/03 08:30
10.06; 11.18; 10.93; 11.43; 11.75; 2019/11/03 09:00
10.31; 11.18; 10.93; 11.43; 11.75; 2019/11/03 09:30
10.37; 11.18; 10.93; 11.43; 11.75; 2019/11/03 10:00
10.50; 11.18; 10.93; 11.43; 11.75; 2019/11/03 10:30
10.75; 11.18; 11.00; 11.43; 11.75; 2019/11/03 11:00
11.50; 11.18; 11.00; 11.43; 11.81; 2019/11/03 11:30
12.25; 11.25; 11.06; 11.50; 12.12; 2019/11/03 12:00
12.37; 11.25; 11.06; 11.50; 12.12; 2019/11/03 12:30
12.93; 11.31; 11.12; 11.50; 12.18; 2019/11/03 13:00
13.37; 11.43; 11.18; 11.62; 12.81; 2019/11/03 13:30
13.93; 11.50; 11.25; 11.75; 13.12; 2019/11/03 14:00
13.87; 11.56; 11.25; 11.75; 13.12; 2019/11/03 14:30
13.56; 11.50; 11.25; 11.75; 12.87; 2019/11/03 15:00
13.25; 11.43; 11.18; 11.68; 12.62; 2019/11/03 15:30
13.18; 11.43; 11.18; 11.68; 12.43; 2019/11/03 16:00
12.81; 11.43; 11.18; 11.68; 12.31; 2019/11/03 16:30
12.68; 11.43; 11.18; 11.68; 12.25; 2019/11/03 17:00
12.43; 11.43; 11.18; 11.75; 12.25; 2019/11/03 17:30
12.56; 11.43; 11.25; 11.75; 12.25; 2019/11/03 18:00
12.50; 11.43; 11.25; 11.75; 12.18; 2019/11/03 18:30
12.43; 11.43; 11.25; 11.75; 12.18; 2019/11/03 19:00
12.37; 11.43; 11.25; 11.81; 12.18; 2019/11/03 19:30
12.25; 11.43; 11.31; 11.81; 12.18; 2019/11/03 20:00
11.93; 11.43; 11.31; 11.81; 12.18; 2019/11/03 20:30
11.81; 11.43; 11.31; 11.81; 12.18; 2019/11/03 21:00
11.68; 11.43; 11.31; 11.81; 12.18; 2019/11/03 21:30
11.75; 11.43; 11.37; 11.81; 12.12; 2019/11/03 22:00
11.68; 11.43; 11.37; 11.81; 12.12; 2019/11/03 22:30
11.68; 11.43; 11.37; 11.81; 12.18; 2019/11/03 23:00
11.43; 11.43; 11.37; 11.81; 12.18; 2019/11/03 23:30
11.31; 11.43; 11.37; 11.81; 12.12; 2019/11/04 00:00
11.25; 11.43; 11.37; 11.81; 12.12; 2019/11/04 00:30
10.93; 11.50; 11.43; 11.81; 12.12; 2019/11/04 01:00
10.50; 11.50; 11.43; 11.81; 12.12; 2019/11/04 01:30
10.37; 11.43; 11.43; 11.81; 12.12; 2019/11/04 02:00
10.37; 11.43; 11.43; 11.81; 12.12; 2019/11/04 02:30
10.43; 11.43; 11.43; 11.81; 12.12; 2019/11/04 03:00
10.37; 11.43; 11.43; 11.81; 12.12; 2019/11/04 03:30
10.31; 11.43; 11.43; 11.81; 12.12; 2019/11/04 04:00
10.31; 11.43; 11.43; 11.81; 12.12; 2019/11/04 04:30
10.31; 11.43; 11.43; 11.75; 12.12; 2019/11/04 05:00
10.31; 11.43; 11.43; 11.81; 12.12; 2019/11/04 05:30
10.37; 11.43; 11.43; 11.75; 12.12; 2019/11/04 06:00
10.18; 11.43; 11.43; 11.75; 12.12; 2019/11/04 06:30
10.12; 11.43; 11.43; 11.75; 12.12; 2019/11/04 07:00
9.93; 11.43; 11.43; 11.75; 12.06; 2019/11/04 07:30
10.12; 11.43; 11.43; 11.75; 12.12; 2019/11/04 08:00
10.00; 11.37; 11.43; 11.75; 12.06; 2019/11/04 08:30
10.12; 11.37; 11.43; 11.75; 12.12; 2019/11/04 09:00
10.18; 11.43; 11.43; 11.68; 12.06; 2019/11/04 09:30
10.37; 11.43; 11.43; 11.68; 12.12; 2019/11/04 10:00
10.56; 11.43; 11.43; 11.75; 12.12; 2019/11/04 10:30
10.93; 11.43; 11.50; 11.75; 12.25; 2019/11/04 11:00
11.18; 11.50; 11.50; 11.75; 12.25; 2019/11/04 11:30
11.50; 11.50; 11.50; 11.81; 12.37; 2019/11/04 12:00
11.62; 11.50; 11.50; 11.81; 12.37; 2019/11/04 12:30
11.87; 11.50; 11.56; 11.81; 12.37; 2019/11/04 13:00
12.31; 11.56; 11.56; 11.93; 12.62; 2019/11/04 13:30
11.87; 11.56; 11.56; 11.87; 12.62; 2019/11/04 14:00
11.31; 11.56; 11.56; 11.87; 12.50; 2019/11/04 14:30
11.31; 11.56; 11.56; 11.81; 12.37; 2019/11/04 15:00
11.00; 11.56; 11.56; 11.81; 12.37; 2019/11/04 15:30
10.93; 11.56; 11.56; 11.81; 12.37; 2019/11/04 16:00
10.93; 11.56; 11.56; 11.81; 12.31; 2019/11/04 16:30
10.93; 11.56; 11.56; 11.81; 12.31; 2019/11/04 17:00
10.75; 11.50; 11.56; 11.81; 12.31; 2019/11/04 17:30
10.62; 11.50; 11.56; 11.81; 12.25; 2019/11/04 18:00
10.12; 11.50; 11.56; 11.81; 12.25; 2019/11/04 18:30
9.75; 11.50; 11.56; 11.87; 12.25; 2019/11/04 19:00
9.50; 11.50; 11.56; 11.81; 12.25; 2019/11/04 19:30
9.37; 11.50; 11.56; 11.81; 12.25; 2019/11/04 20:00
9.31; 11.50; 11.56; 11.81; 12.25; 2019/11/04 20:30
9.31; 11.50; 11.56; 11.81; 12.18; 2019/11/04 21:00
9.06; 11.50; 11.56; 11.81; 12.18; 2019/11/04 21:30
9.62; 11.50; 11.56; 11.81; 12.18; 2019/11/04 22:00
9.75; 11.43; 11.56; 11.81; 12.18; 2019/11/04 22:30
9.68; 11.43; 11.56; 11.75; 12.18; 2019/11/04 23:00
9.56; 11.43; 11.56; 11.75; 12.18; 2019/11/04 23:30
9.68; 11.43; 11.50; 11.75; 12.12; 2019/11/05 00:00
9.68; 11.43; 11.50; 11.75; 12.12; 2019/11/05 00:30
10.18; 11.43; 11.50; 11.75; 12.12; 2019/11/05 01:00
9.50; 11.43; 11.50; 11.75; 12.12; 2019/11/05 01:30
9.56; 11.43; 11.50; 11.75; 12.12; 2019/11/05 02:00
9.50; 11.43; 11.50; 11.75; 12.12; 2019/11/05 02:30
9.56; 11.43; 11.50; 11.68; 12.12; 2019/11/05 03:00
9.43; 11.43; 11.50; 11.68; 12.12; 2019/11/05 03:30
9.43; 11.43; 11.43; 11.68; 12.12; 2019/11/05 04:00
9.50; 11.43; 11.43; 11.68; 12.06; 2019/11/05 04:30
9.43; 11.43; 11.43; 11.68; 12.06; 2019/11/05 05:00
9.50; 11.43; 11.43; 11.68; 12.06; 2019/11/05 05:30
9.37; 11.43; 11.43; 11.62; 12.06; 2019/11/05 06:00
9.31; 11.43; 11.43; 11.62; 12.06; 2019/11/05 06:30
9.25; 11.43; 11.43; 11.62; 12.06; 2019/11/05 07:00
9.43; 11.37; 11.37; 11.62; 12.06; 2019/11/05 07:30
9.18; 11.43; 11.37; 11.62; 12.00; 2019/11/05 08:00
9.25; 11.43; 11.37; 11.62; 12.00; 2019/11/05 08:30
9.12; 11.37; 11.37; 11.62; 12.00; 2019/11/05 09:00
9.12; 11.37; 11.37; 11.62; 12.00; 2019/11/05 09:30
9.12; 11.37; 11.37; 11.62; 12.00; 2019/11/05 10:00
9.50; 11.37; 11.37; 11.62; 12.00; 2019/11/05 10:30
9.68; 11.43; 11.37; 11.62; 12.06; 2019/11/05 11:00
9.87; 11.43; 11.37; 11.62; 12.06; 2019/11/05 11:30
9.68; 11.43; 11.37; 11.62; 12.06; 2019/11/05 12:00
9.68; 11.43; 11.37; 11.56; 12.06; 2019/11/05 12:30
9.68; 11.37; 11.37; 11.56; 12.00; 2019/11/05 13:00
10.00; 11.37; 11.37; 11.56; 12.06; 2019/11/05 13:30
10.18; 11.43; 11.37; 11.56; 12.06; 2019/11/05 14:00
10.37; 11.43; 11.37; 11.62; 12.06; 2019/11/05 14:30
10.31; 11.43; 11.37; 11.56; 12.06; 2019/11/05 15:00
10.50; 11.43; 11.37; 11.62; 12.06; 2019/11/05 15:30
10.31; 11.43; 11.37; 11.62; 12.06; 2019/11/05 16:00
10.50; 12.37; 17.68; 12.12; 12.06; 2019/11/05 16:30
9.87; 12.37; 16.87; 12.18; 12.06; 2019/11/05 17:00
9.37; 11.75; 14.93; 11.87; 12.06; 2019/11/05 17:30
8.87; 11.62; 13.93; 11.75; 12.06; 2019/11/05 18:00
8.75; 11.56; 13.43; 11.75; 12.00; 2019/11/05 18:30
8.43; 11.56; 13.06; 11.68; 12.00; 2019/11/05 19:00
8.25; 11.50; 12.75; 11.68; 12.00; 2019/11/05 19:30
7.93; 11.50; 12.50; 11.68; 12.00; 2019/11/05 20:00
7.75; 11.43; 12.37; 11.62; 12.00; 2019/11/05 20:30
7.68; 11.43; 12.25; 11.62; 11.93; 2019/11/05 21:00
7.81; 11.43; 12.12; 11.62; 11.93; 2019/11/05 21:30
7.75; 11.37; 12.06; 11.62; 11.93; 2019/11/05 22:00
7.81; 11.37; 12.00; 11.56; 11.93; 2019/11/05 22:30
7.56; 11.37; 11.93; 11.56; 11.93; 2019/11/05 23:00
7.37; 11.37; 11.93; 11.56; 11.87; 2019/11/05 23:30
7.31; 11.31; 11.87; 11.56; 11.87; 2019/11/06 00:00
7.12; 11.31; 11.81; 11.50; 11.87; 2019/11/06 00:30
7.87; 11.31; 11.75; 11.50; 11.87; 2019/11/06 01:00
7.50; 11.31; 11.75; 11.50; 11.81; 2019/11/06 01:30
7.81; 11.31; 11.68; 11.43; 11.81; 2019/11/06 02:00
8.00; 11.31; 11.68; 11.43; 11.81; 2019/11/06 02:30
8.18; 11.25; 11.62; 11.43; 11.81; 2019/11/06 03:00
8.37; 11.25; 11.62; 11.43; 11.75; 2019/11/06 03:30
8.50; 11.25; 11.56; 11.43; 11.75; 2019/11/06 04:00
8.50; 11.25; 11.56; 11.37; 11.75; 2019/11/06 04:30
8.68; 11.25; 11.50; 11.37; 11.75; 2019/11/06 05:00
8.68; 11.25; 11.50; 11.37; 11.75; 2019/11/06 05:30
8.68; 11.25; 11.43; 11.37; 11.75; 2019/11/06 06:00
8.68; 11.25; 11.43; 11.37; 11.68; 2019/11/06 06:30
8.75; 11.25; 11.43; 11.37; 11.68; 2019/11/06 07:00
8.81; 11.25; 11.43; 11.31; 11.68; 2019/11/06 07:30
8.75; 11.25; 11.37; 11.37; 11.68; 2019/11/06 08:00
8.81; 11.25; 11.37; 11.31; 11.68; 2019/11/06 08:30
8.87; 11.25; 11.37; 11.31; 11.68; 2019/11/06 09:00
9.00; 11.25; 11.31; 11.31; 11.68; 2019/11/06 09:30
9.12; 11.25; 11.31; 11.31; 11.62; 2019/11/06 10:00
9.18; 11.18; 11.31; 11.31; 11.68; 2019/11/06 10:30
9.18; 11.18; 11.31; 11.31; 11.62; 2019/11/06 11:00
9.06; 11.18; 11.31; 11.31; 11.62; 2019/11/06 11:30
9.43; 11.18; 11.25; 11.31; 11.68; 2019/11/06 12:00
9.56; 11.18; 11.25; 11.31; 11.68; 2019/11/06 12:30
9.43; 11.18; 11.25; 11.31; 11.68; 2019/11/06 13:00
9.68; 11.25; 11.25; 11.31; 11.68; 2019/11/06 13:30
9.50; 11.18; 11.25; 11.31; 11.68; 2019/11/06 14:00
9.31; 11.18; 11.18; 11.25; 11.68; 2019/11/06 14:30
9.18; 11.18; 11.18; 11.31; 11.62; 2019/11/06 15:00
9.18; 11.18; 11.18; 11.25; 11.62; 2019/11/06 15:30
9.00; 11.18; 11.18; 11.25; 11.62; 2019/11/06 16:00
9.06; 11.18; 11.18; 11.25; 11.62; 2019/11/06 16:30
9.00; 11.18; 11.18; 11.25; 11.62; 2019/11/06 17:00
8.87; 11.18; 11.12; 11.25; 11.62; 2019/11/06 17:30
8.87; 11.12; 11.12; 11.25; 11.62; 2019/11/06 18:00
8.62; 11.12; 11.12; 11.25; 11.62; 2019/11/06 18:30
8.25; 11.12; 11.12; 11.25; 11.56; 2019/11/06 19:00
8.06; 11.12; 11.12; 11.25; 11.56; 2019/11/06 19:30
7.87; 11.12; 11.12; 11.25; 11.56; 2019/11/06 20:00
7.93; 11.12; 11.06; 11.18; 11.56; 2019/11/06 20:30
7.68; 11.12; 11.06; 11.18; 11.56; 2019/11/06 21:00
7.75; 11.12; 11.06; 11.18; 11.56; 2019/11/06 21:30
7.68; 11.06; 11.06; 11.18; 11.50; 2019/11/06 22:00
7.75; 11.06; 11.00; 11.18; 11.50; 2019/11/06 22:30
7.37; 11.06; 11.00; 11.18; 11.50; 2019/11/06 23:00
7.50; 11.06; 11.00; 11.12; 11.50; 2019/11/06 23:30
7.50; 11.06; 11.00; 11.18; 11.43; 2019/11/07 00:00
7.31; 11.06; 11.00; 11.12; 11.43; 2019/11/07 00:30
7.43; 11.00; 10.93; 11.12; 11.43; 2019/11/07 01:00
7.18; 11.00; 10.93; 11.12; 11.43; 2019/11/07 01:30
7.18; 11.00; 10.93; 11.12; 11.43; 2019/11/07 02:00
7.31; 11.00; 10.93; 11.06; 11.43; 2019/11/07 02:30
7.25; 11.00; 10.87; 11.06; 11.37; 2019/11/07 03:00
7.25; 10.93; 10.87; 11.06; 11.37; 2019/11/07 03:30
7.12; 10.93; 10.87; 11.06; 11.37; 2019/11/07 04:00
7.25; 10.93; 10.87; 11.00; 11.37; 2019/11/07 04:30
7.00; 10.93; 10.81; 11.00; 11.31; 2019/11/07 05:00
7.12; 10.87; 10.81; 11.00; 11.31; 2019/11/07 05:30
7.31; 10.87; 10.81; 11.00; 11.31; 2019/11/07 06:00
7.43; 10.87; 10.81; 11.00; 11.31; 2019/11/07 06:30
7.50; 10.87; 10.75; 10.93; 11.31; 2019/11/07 07:00
7.62; 10.87; 10.75; 10.93; 11.31; 2019/11/07 07:30
7.62; 10.87; 10.75; 10.93; 11.25; 2019/11/07 08:00
8.00; 10.87; 10.75; 10.93; 11.25; 2019/11/07 08:30
8.50; 10.87; 10.68; 10.93; 11.25; 2019/11/07 09:00
8.62; 10.87; 10.68; 10.87; 11.25; 2019/11/07 09:30
9.12; 10.87; 10.68; 10.93; 11.25; 2019/11/07 10:00
9.31; 10.87; 10.68; 10.93; 11.31; 2019/11/07 10:30
9.75; 10.87; 10.68; 10.93; 11.37; 2019/11/07 11:00
9.93; 10.93; 10.68; 10.93; 11.37; 2019/11/07 11:30
10.00; 10.93; 10.68; 10.93; 11.50; 2019/11/07 12:00
9.87; 10.93; 10.68; 10.93; 11.43; 2019/11/07 12:30
9.62; 10.87; 10.62; 10.93; 11.43; 2019/11/07 13:00
9.31; 10.87; 10.62; 10.93; 11.37; 2019/11/07 13:30
9.18; 10.87; 10.62; 10.93; 11.37; 2019/11/07 14:00
9.37; 10.87; 10.62; 10.93; 11.37; 2019/11/07 14:30
9.43; 10.87; 10.62; 10.93; 11.37; 2019/11/07 15:00
9.37; 10.87; 10.62; 10.93; 11.37; 2019/11/07 15:30
9.37; 10.87; 10.62; 10.93; 11.37; 2019/11/07 16:00
9.31; 11.00; 10.62; 11.00; 11.37; 2019/11/07 16:30
9.31; 11.06; 10.81; 11.06; 11.43; 2019/11/07 17:00
9.00; 11.81; 11.25; 11.43; 12.68; 2019/11/07 17:30
8.93; 12.68; 10.75; 11.81; 11.56; 2019/11/07 18:00
8.25; 13.62; 10.68; 12.18; 11.56; 2019/11/07 18:30
7.93; 13.68; 10.68; 12.31; 11.56; 2019/11/07 19:00
7.93; 13.75; 10.68; 12.43; 11.56; 2019/11/07 19:30
7.68; 13.93; 10.68; 12.62; 11.62; 2019/11/07 20:00
7.56; 14.06; 10.68; 12.68; 11.62; 2019/11/07 20:30
7.68; 14.12; 10.68; 12.81; 11.62; 2019/11/07 21:00
7.31; 14.12; 10.68; 12.75; 11.62; 2019/11/07 21:30
7.06; 14.12; 10.68; 12.81; 11.62; 2019/11/07 22:00
7.06; 14.12; 10.68; 12.75; 11.68; 2019/11/07 22:30
7.50; 14.25; 10.68; 12.75; 11.68; 2019/11/07 23:00
7.43; 14.25; 10.62; 12.81; 11.68; 2019/11/07 23:30
7.31; 14.37; 10.68; 12.93; 11.68; 2019/11/08 00:00
6.56; 14.43; 10.62; 12.93; 11.68; 2019/11/08 00:30
6.18; 14.37; 10.62; 12.93; 11.75; 2019/11/08 01:00
5.75; 14.25; 10.62; 12.93; 11.68; 2019/11/08 01:30
5.43; 14.18; 10.62; 12.93; 11.68; 2019/11/08 02:00
5.25; 14.37; 10.62; 13.00; 11.68; 2019/11/08 02:30
5.25; 14.37; 10.56; 13.00; 11.68; 2019/11/08 03:00
5.06; 14.31; 10.56; 12.93; 11.68; 2019/11/08 03:30
4.81; 14.37; 10.56; 13.00; 11.62; 2019/11/08 04:00
4.62; 14.50; 10.56; 13.00; 11.62; 2019/11/08 04:30
4.25; 14.50; 10.50; 12.93; 11.62; 2019/11/08 05:00
4.18; 14.56; 10.50; 13.00; 11.62; 2019/11/08 05:30
3.81; 14.50; 10.50; 13.00; 11.62; 2019/11/08 06:00
3.87; 14.37; 10.50; 12.87; 11.62; 2019/11/08 06:30
3.75; 14.43; 10.43; 12.87; 11.56; 2019/11/08 07:00
3.56; 14.43; 10.43; 12.93; 11.56; 2019/11/08 07:30
3.68; 14.62; 10.43; 13.06; 11.56; 2019/11/08 08:00
3.43; 14.62; 10.43; 13.06; 11.56; 2019/11/08 08:30
3.25; 14.50; 10.37; 13.00; 11.56; 2019/11/08 09:00
3.62; 14.56; 10.37; 13.00; 11.56; 2019/11/08 09:30
4.62; 14.56; 10.37; 12.93; 11.56; 2019/11/08 10:00
5.31; 14.68; 10.37; 13.06; 11.56; 2019/11/08 10:30
5.81; 14.81; 10.31; 13.18; 11.62; 2019/11/08 11:00
6.81; 14.81; 10.37; 13.06; 11.81; 2019/11/08 11:30
8.37; 14.93; 10.50; 13.18; 12.50; 2019/11/08 12:00
8.93; 14.87; 10.43; 13.25; 12.68; 2019/11/08 12:30
8.93; 15.00; 10.37; 13.18; 12.50; 2019/11/08 13:00
9.37; 14.81; 10.43; 13.25; 12.37; 2019/11/08 13:30
10.00; 15.00; 10.43; 13.25; 13.12; 2019/11/08 14:00
10.06; 15.12; 10.43; 13.31; 13.06; 2019/11/08 14:30
10.06; 15.12; 10.43; 13.31; 12.62; 2019/11/08 15:00
9.93; 15.00; 10.43; 13.31; 12.56; 2019/11/08 15:30
9.81; 15.12; 10.43; 13.43; 12.43; 2019/11/08 16:00
9.37; 15.25; 10.43; 13.50; 12.37; 2019/11/08 16:30
8.93; 15.18; 10.43; 13.43; 12.31; 2019/11/08 17:00
8.25; 15.12; 10.43; 13.50; 12.25; 2019/11/08 17:30
7.87; 15.12; 10.50; 14.00; 12.75; 2019/11/08 18:00
7.31; 15.56; 10.43; 14.18; 12.31; 2019/11/08 18:30
7.18; 16.50; 17.43; 15.06; 14.50; 2019/11/08 19:00
7.18; 16.50; 22.62; 15.18; 16.12; 2019/11/08 19:30
6.31; 16.75; 24.56; 15.50; 14.62; 2019/11/08 20:00
6.18; 16.18; 27.06; 15.00; 15.93; 2019/11/08 20:30
5.56; 16.31; 25.93; 15.25; 14.56; 2019/11/08 21:00
5.87; 16.56; 18.75; 15.31; 13.87; 2019/11/08 21:30
5.56; 16.93; 16.93; 15.56; 13.68; 2019/11/08 22:00
5.43; 17.00; 15.93; 15.75; 13.25; 2019/11/08 22:30
5.06; 16.87; 15.31; 15.68; 13.18; 2019/11/08 23:00
5.06; 17.50; 14.75; 16.06; 14.25; 2019/11/08 23:30
5.06; 18.06; 14.75; 18.06; 13.62; 2019/11/09 00:00
5.00; 18.00; 14.12; 16.62; 12.93; 2019/11/09 00:30
4.81; 17.37; 13.75; 16.25; 12.81; 2019/11/09 01:00
4.43; 17.31; 13.56; 16.18; 12.75; 2019/11/09 01:30
4.12; 17.31; 13.37; 16.12; 12.68; 2019/11/09 02:00
4.00; 17.62; 13.18; 16.68; 12.62; 2019/11/09 02:30
4.18; 18.06; 13.06; 16.50; 12.62; 2019/11/09 03:00
4.25; 18.12; 13.00; 16.50; 12.56; 2019/11/09 03:30
4.37; 17.81; 12.87; 16.25; 12.56; 2019/11/09 04:00
4.31; 18.12; 12.75; 16.25; 12.50; 2019/11/09 04:30
4.31; 17.87; 12.62; 16.25; 12.50; 2019/11/09 05:00
4.37; 18.06; 12.56; 16.37; 12.50; 2019/11/09 05:30
4.43; 18.31; 12.50; 16.81; 12.50; 2019/11/09 06:00
4.75; 18.43; 12.37; 16.68; 12.50; 2019/11/09 06:30
5.62; 18.68; 12.31; 16.75; 12.43; 2019/11/09 07:00
5.87; 18.56; 12.25; 16.62; 12.43; 2019/11/09 07:30
5.81; 18.62; 12.25; 16.68; 12.43; 2019/11/09 08:00
5.81; 18.62; 12.18; 16.68; 12.43; 2019/11/09 08:30
5.87; 18.62; 12.12; 16.81; 12.43; 2019/11/09 09:00
5.87; 18.68; 12.06; 16.87; 12.43; 2019/11/09 09:30
5.93; 18.62; 12.00; 16.87; 12.50; 2019/11/09 10:00
5.93; 18.43; 12.00; 16.56; 12.43; 2019/11/09 10:30
6.12; 18.25; 11.93; 16.56; 12.43; 2019/11/09 11:00
6.31; 18.31; 11.93; 16.62; 12.43; 2019/11/09 11:30
6.43; 18.81; 11.87; 17.00; 12.50; 2019/11/09 12:00
6.68; 18.81; 11.87; 16.87; 12.56; 2019/11/09 12:30
6.75; 18.87; 11.81; 16.93; 12.56; 2019/11/09 13:00
6.75; 18.93; 11.81; 17.06; 12.50; 2019/11/09 13:30
6.87; 19.06; 11.75; 17.18; 12.56; 2019/11/09 14:00
7.00; 18.50; 11.75; 16.31; 12.56; 2019/11/09 14:30
7.56; 18.87; 11.75; 16.50; 12.56; 2019/11/09 15:00
7.93; 18.81; 11.75; 16.75; 12.62; 2019/11/09 15:30
7.56; 18.93; 11.75; 16.75; 12.62; 2019/11/09 16:00
7.37; 18.81; 11.68; 16.62; 12.56; 2019/11/09 16:30
7.12; 18.75; 11.68; 16.62; 12.62; 2019/11/09 17:00
6.93; 18.56; 11.62; 16.56; 12.62; 2019/11/09 17:30
6.06; 18.56; 11.62; 16.68; 12.56; 2019/11/09 18:00
5.75; 18.68; 11.62; 16.81; 12.62; 2019/11/09 18:30
5.37; 18.68; 11.62; 16.93; 12.62; 2019/11/09 19:00
5.00; 19.31; 11.56; 17.18; 12.62; 2019/11/09 19:30
5.00; 19.12; 11.56; 17.25; 12.62; 2019/11/09 20:00
5.12; 19.18; 11.50; 17.25; 12.62; 2019/11/09 20:30
5.06; 19.18; 11.50; 17.18; 12.62; 2019/11/09 21:00
4.87; 18.93; 11.50; 17.00; 12.56; 2019/11/09 21:30
4.43; 18.62; 11.43; 16.68; 12.62; 2019/11/09 22:00
4.31; 19.25; 11.43; 17.43; 12.62; 2019/11/09 22:30
4.06; 19.25; 11.43; 17.43; 12.62; 2019/11/09 23:00
3.75; 19.06; 11.37; 17.06; 12.56; 2019/11/09 23:30
3.56; 18.81; 11.37; 16.81; 12.56; 2019/11/10 00:00
3.06; 19.00; 11.37; 17.06; 12.50; 2019/11/10 00:30
3.18; 18.93; 11.31; 16.93; 12.50; 2019/11/10 01:00
3.00; 18.93; 11.31; 17.00; 12.56; 2019/11/10 01:30
2.87; 18.93; 11.31; 16.87; 12.56; 2019/11/10 02:00
2.37; 18.56; 11.25; 16.81; 12.50; 2019/11/10 02:30
2.62; 18.62; 11.18; 16.81; 12.50; 2019/11/10 03:00
2.43; 19.25; 11.18; 17.18; 12.43; 2019/11/10 03:30
2.18; 18.68; 11.18; 16.50; 12.43; 2019/11/10 04:00
2.06; 19.18; 11.12; 17.06; 12.43; 2019/11/10 04:30
2.00; 19.12; 11.12; 17.43; 12.43; 2019/11/10 05:00
1.81; 18.68; 11.06; 17.00; 12.43; 2019/11/10 05:30
1.56; 19.12; 11.06; 17.12; 12.37; 2019/11/10 06:00
1.50; 19.18; 11.06; 17.25; 12.31; 2019/11/10 06:30
1.18; 18.62; 11.00; 16.75; 12.31; 2019/11/10 07:00
1.50; 19.31; 10.93; 17.25; 12.31; 2019/11/10 07:30
1.37; 19.06; 10.93; 17.18; 12.25; 2019/11/10 08:00
1.25; 18.87; 10.87; 16.93; 12.25; 2019/11/10 08:30
1.56; 18.75; 10.87; 17.00; 12.18; 2019/11/10 09:00
1.75; 19.43; 10.81; 17.18; 12.18; 2019/11/10 09:30
2.12; 18.62; 10.81; 16.56; 12.25; 2019/11/10 10:00
3.00; 19.06; 10.81; 16.93; 12.25; 2019/11/10 10:30
4.12; 19.12; 10.87; 17.25; 12.18; 2019/11/10 11:00
5.18; 19.56; 10.87; 17.37; 12.87; 2019/11/10 11:30
6.50; 18.87; 10.93; 16.81; 13.25; 2019/11/10 12:00
7.68; 19.68; 10.93; 17.43; 13.75; 2019/11/10 12:30
8.25; 19.06; 10.93; 17.00; 14.25; 2019/11/10 13:00
8.50; 19.75; 10.93; 17.31; 14.68; 2019/11/10 13:30
8.93; 19.75; 10.93; 17.43; 14.87; 2019/11/10 14:00
9.00; 20.00; 10.93; 17.68; 14.56; 2019/11/10 14:30
8.87; 19.18; 10.87; 16.87; 13.87; 2019/11/10 15:00
8.87; 19.93; 10.93; 17.68; 13.68; 2019/11/10 15:30
8.50; 19.00; 10.87; 17.06; 13.56; 2019/11/10 16:00
7.62; 19.25; 10.87; 17.12; 13.43; 2019/11/10 16:30
6.93; 19.43; 10.87; 17.31; 13.37; 2019/11/10 17:00
6.12; 19.75; 10.87; 17.62; 13.31; 2019/11/10 17:30
5.37; 19.93; 10.93; 17.75; 13.18; 2019/11/10 18:00
5.06; 19.56; 10.87; 17.56; 13.18; 2019/11/10 18:30
4.56; 19.56; 10.87; 17.68; 13.06; 2019/11/10 19:00
4.06; 19.25; 10.87; 17.43; 13.06; 2019/11/10 19:30
3.81; 19.00; 10.87; 17.25; 13.06; 2019/11/10 20:00
3.43; 19.68; 10.87; 17.87; 13.06; 2019/11/10 20:30
3.06; 19.00; 10.87; 17.31; 13.06; 2019/11/10 21:00
2.87; 19.62; 10.87; 17.75; 12.93; 2019/11/10 21:30
2.62; 19.25; 10.87; 17.62; 12.93; 2019/11/10 22:00
2.31; 19.25; 10.87; 17.68; 12.87; 2019/11/10 22:30
2.25; 19.37; 10.87; 17.75; 12.81; 2019/11/10 23:00
2.06; 19.43; 10.87; 17.75; 12.81; 2019/11/10 23:30
1.81; 18.93; 10.87; 17.12; 12.81; 2019/11/11 00:00
1.93; 19.31; 10.81; 17.56; 12.75; 2019/11/11 00:30
2.68; 19.62; 10.81; 17.81; 12.75; 2019/11/11 01:00
2.75; 18.93; 10.81; 17.25; 12.75; 2019/11/11 01:30
2.37; 19.37; 10.81; 17.50; 12.62; 2019/11/11 02:00
2.25; 19.31; 10.81; 17.75; 12.62; 2019/11/11 02:30
2.81; 19.06; 10.75; 17.37; 12.68; 2019/11/11 03:00
3.31; 19.00; 10.75; 17.18; 12.62; 2019/11/11 03:30
3.50; 19.50; 10.68; 17.68; 12.62; 2019/11/11 04:00
3.37; 19.50; 10.68; 17.68; 12.56; 2019/11/11 04:30
3.06; 19.25; 10.68; 17.50; 12.56; 2019/11/11 05:00
3.37; 19.00; 10.68; 17.31; 12.50; 2019/11/11 05:30
3.50; 19.00; 10.62; 17.25; 12.50; 2019/11/11 06:00
3.81; 19.56; 10.62; 17.56; 12.43; 2019/11/11 06:30
4.43; 19.50; 10.62; 17.62; 12.43; 2019/11/11 07:00
4.68; 19.25; 10.56; 17.56; 12.43; 2019/11/11 07:30
4.62; 19.62; 10.56; 17.62; 12.37; 2019/11/11 08:00
4.81; 19.12; 10.56; 17.25; 12.50; 2019/11/11 08:30
4.87; 19.31; 10.56; 17.50; 12.37; 2019/11/11 09:00
4.93; 19.43; 10.56; 17.50; 12.43; 2019/11/11 09:30
4.93; 19.50; 10.56; 17.62; 12.37; 2019/11/11 10:00
5.12; 19.06; 10.56; 17.18; 12.37; 2019/11/11 10:30
5.37; 19.62; 10.56; 17.75; 12.43; 2019/11/11 11:00
5.50; 19.18; 10.56; 17.31; 12.50; 2019/11/11 11:30
5.56; 18.93; 10.50; 17.12; 12.43; 2019/11/11 12:00
6.06; 19.56; 10.50; 17.81; 12.43; 2019/11/11 12:30
6.25; 19.37; 10.50; 17.56; 12.37; 2019/11/11 13:00
6.56; 19.12; 10.50; 17.43; 12.43; 2019/11/11 13:30
6.75; 19.06; 10.50; 17.18; 12.56; 2019/11/11 14:00
6.75; 18.87; 10.56; 17.12; 12.56; 2019/11/11 14:30
7.00; 19.31; 10.50; 17.37; 12.50; 2019/11/11 15:00
7.00; 19.12; 10.56; 17.31; 12.50; 2019/11/11 15:30
6.75; 19.12; 10.50; 17.12; 12.50; 2019/11/11 16:00
6.68; 19.50; 10.50; 17.62; 12.50; 2019/11/11 16:30
6.37; 19.06; 10.50; 17.06; 12.43; 2019/11/11 17:00
6.37; 19.12; 10.43; 17.00; 12.50; 2019/11/11 17:30
6.00; 19.56; 10.43; 17.81; 12.50; 2019/11/11 18:00
5.81; 19.25; 10.50; 16.93; 12.43; 2019/11/11 18:30
5.87; 19.68; 10.50; 17.56; 12.43; 2019/11/11 19:00
5.62; 19.31; 10.43; 17.56; 12.31; 2019/11/11 19:30
5.75; 19.18; 10.43; 17.37; 12.43; 2019/11/11 20:00
5.75; 19.37; 10.50; 17.37; 12.37; 2019/11/11 20:30
5.87; 19.37; 10.43; 17.31; 12.37; 2019/11/11 21:00
5.93; 19.12; 10.43; 17.12; 12.43; 2019/11/11 21:30
6.00; 19.31; 10.43; 17.31; 12.31; 2019/11/11 22:00
6.12; 19.31; 10.43; 17.12; 12.37; 2019/11/11 22:30
6.12; 19.43; 10.43; 17.18; 12.31; 2019/11/11 23:00
6.18; 19.75; 10.43; 17.68; 12.43; 2019/11/11 23:30
6.06; 19.62; 10.43; 17.62; 12.37; 2019/11/12 00:00
6.06; 19.50; 10.43; 17.31; 12.43; 2019/11/12 00:30
6.31; 19.87; 10.43; 17.62; 12.37; 2019/11/12 01:00
6.12; 19.56; 10.43; 17.62; 12.37; 2019/11/12 01:30
5.87; 19.18; 10.43; 17.25; 12.37; 2019/11/12 02:00
5.62; 20.00; 10.43; 17.81; 12.37; 2019/11/12 02:30
5.56; 19.62; 10.37; 17.68; 12.37; 2019/11/12 03:00
5.50; 19.31; 10.37; 17.31; 12.37; 2019/11/12 03:30
5.37; 19.12; 10.37; 17.25; 12.43; 2019/11/12 04:00
5.37; 19.25; 10.37; 17.18; 12.37; 2019/11/12 04:30
5.37; 19.31; 10.37; 17.56; 12.37; 2019/11/12 05:00
5.62; 19.25; 10.37; 17.18; 12.31; 2019/11/12 05:30
5.43; 19.18; 10.37; 17.25; 12.31; 2019/11/12 06:00
5.43; 19.18; 10.37; 17.43; 12.37; 2019/11/12 06:30
5.62; 19.18; 10.37; 17.37; 12.37; 2019/11/12 07:00
5.68; 19.12; 10.37; 17.25; 12.37; 2019/11/12 07:30
5.56; 19.31; 10.37; 17.43; 12.37; 2019/11/12 08:00
5.56; 19.31; 10.37; 17.25; 12.31; 2019/11/12 08:30
5.50; 19.56; 10.37; 17.68; 12.31; 2019/11/12 09:00
5.62; 19.62; 10.37; 17.56; 12.25; 2019/11/12 09:30
5.87; 19.68; 10.37; 17.50; 12.31; 2019/11/12 10:00
6.12; 19.68; 10.37; 17.87; 12.37; 2019/11/12 10:30
5.75; 19.50; 10.31; 17.75; 12.31; 2019/11/12 11:00
6.06; 19.87; 10.37; 17.62; 12.31; 2019/11/12 11:30
6.06; 19.56; 10.37; 17.93; 12.37; 2019/11/12 12:00
6.18; 19.75; 10.31; 17.50; 12.37; 2019/11/12 12:30
5.93; 19.43; 10.37; 17.43; 12.37; 2019/11/12 13:00
5.93; 19.37; 10.43; 17.18; 12.37; 2019/11/12 13:30
5.75; 19.62; 10.37; 17.56; 12.37; 2019/11/12 14:00
6.31; 19.87; 10.37; 17.75; 12.43; 2019/11/12 14:30
6.50; 19.43; 10.37; 17.50; 12.37; 2019/11/12 15:00
6.68; 19.43; 10.37; 17.43; 12.50; 2019/11/12 15:30
6.81; 19.18; 10.37; 17.25; 12.50; 2019/11/12 16:00
6.62; 19.56; 10.37; 17.25; 12.37; 2019/11/12 16:30
6.18; 19.93; 10.37; 18.00; 12.43; 2019/11/12 17:00
5.81; 19.93; 10.37; 18.00; 12.43; 2019/11/12 17:30
5.75; 19.81; 10.37; 17.56; 12.43; 2019/11/12 18:00
5.37; 19.56; 10.37; 17.50; 12.37; 2019/11/12 18:30
5.31; 19.31; 10.37; 17.25; 12.37; 2019/11/12 19:00
5.06; 19.81; 10.37; 17.68; 12.31; 2019/11/12 19:30
4.75; 19.25; 10.31; 17.37; 12.43; 2019/11/12 20:00
4.87; 19.81; 10.31; 17.68; 12.37; 2019/11/12 20:30
4.56; 19.68; 10.31; 17.75; 12.31; 2019/11/12 21:00
4.68; 19.50; 10.25; 17.62; 12.31; 2019/11/12 21:30
4.56; 19.62; 10.31; 17.62; 12.37; 2019/11/12 22:00
4.37; 19.75; 10.25; 17.81; 12.37; 2019/11/12 22:30
4.43; 19.56; 10.25; 17.56; 12.37; 2019/11/12 23:00
4.31; 19.31; 10.25; 17.62; 12.31; 2019/11/12 23:30
4.25; 19.62; 10.25; 17.62; 12.31; 2019/11/13 00:00
4.00; 19.68; 10.25; 17.87; 12.25; 2019/11/13 00:30
4.43; 19.43; 10.25; 17.50; 12.25; 2019/11/13 01:00
4.37; 19.18; 10.25; 17.50; 12.31; 2019/11/13 01:30
4.18; 19.68; 10.25; 17.68; 12.18; 2019/11/13 02:00
4.12; 19.75; 10.25; 17.62; 12.25; 2019/11/13 02:30
4.18; 19.68; 10.25; 17.56; 12.31; 2019/11/13 03:00
4.25; 19.43; 10.18; 17.62; 12.18; 2019/11/13 03:30
4.25; 19.31; 10.18; 17.37; 12.25; 2019/11/13 04:00
4.43; 19.31; 10.18; 17.25; 12.18; 2019/11/13 04:30
4.25; 19.56; 10.18; 17.37; 12.18; 2019/11/13 05:00
4.25; 19.12; 10.12; 17.18; 12.12; 2019/11/13 05:30
4.62; 19.81; 10.18; 17.62; 12.18; 2019/11/13 06:00
4.62; 20.62; 10.18; 18.25; 12.18; 2019/11/13 06:30
4.43; 20.87; 10.18; 18.50; 12.18; 2019/11/13 07:00
4.68; 21.12; 10.18; 18.43; 12.18; 2019/11/13 07:30
4.62; 21.12; 10.18; 18.56; 12.25; 2019/11/13 08:00
4.75; 21.18; 10.18; 18.50; 12.25; 2019/11/13 08:30
4.81; 21.25; 10.25; 18.93; 12.31; 2019/11/13 09:00
5.18; 21.18; 10.18; 18.56; 12.18; 2019/11/13 09:30
4.93; 21.31; 10.18; 18.93; 12.31; 2019/11/13 10:00
5.18; 21.31; 10.18; 18.68; 12.25; 2019/11/13 10:30
5.37; 21.43; 10.25; 18.87; 12.31; 2019/11/13 11:00
5.62; 21.43; 10.18; 18.75; 12.31; 2019/11/13 11:30
6.06; 20.00; 10.18; 18.00; 12.31; 2019/11/13 12:00
6.31; 19.93; 10.18; 17.75; 12.31; 2019/11/13 12:30
6.37; 20.18; 10.18; 17.68; 12.43; 2019/11/13 13:00
6.62; 19.93; 10.18; 17.87; 12.31; 2019/11/13 13:30
6.81; 19.75; 10.12; 17.68; 12.37; 2019/11/13 14:00
7.06; 20.31; 10.12; 18.06; 12.50; 2019/11/13 14:30
7.25; 20.25; 10.18; 18.00; 12.43; 2019/11/13 15:00
7.18; 19.68; 10.18; 17.68; 12.37; 2019/11/13 15:30
7.25; 19.62; 10.18; 17.68; 12.43; 2019/11/13 16:00
7.56; 19.37; 10.12; 17.56; 14.75; 2019/11/13 16:30
7.12; 20.00; 10.56; 18.06; 12.68; 2019/11/13 17:00
7.12; 19.56; 10.25; 17.50; 12.62; 2019/11/13 17:30
7.06; 19.93; 10.18; 17.81; 12.56; 2019/11/13 18:00
7.06; 20.06; 10.18; 17.75; 12.50; 2019/11/13 18:30
6.93; 20.18; 10.12; 18.00; 12.50; 2019/11/13 19:00
6.81; 19.62; 10.12; 17.50; 12.43; 2019/11/13 19:30
6.81; 20.18; 10.12; 18.00; 12.50; 2019/11/13 20:00
6.62; 19.93; 10.12; 17.93; 12.43; 2019/11/13 20:30
6.37; 19.68; 10.12; 17.43; 12.43; 2019/11/13 21:00
6.00; 20.06; 10.12; 17.87; 12.43; 2019/11/13 21:30
5.93; 20.12; 10.12; 18.18; 12.50; 2019/11/13 22:00
5.75; 19.93; 10.12; 17.81; 12.50; 2019/11/13 22:30
5.75; 19.50; 10.12; 17.56; 12.43; 2019/11/13 23:00
6.00; 20.06; 10.12; 17.75; 12.43; 2019/11/13 23:30
5.81; 19.56; 10.12; 17.56; 12.43; 2019/11/14 00:00
5.56; 20.12; 10.12; 17.93; 12.43; 2019/11/14 00:30
6.12; 19.81; 10.06; 17.81; 12.43; 2019/11/14 01:00
5.87; 20.12; 10.12; 17.93; 12.43; 2019/11/14 01:30
5.75; 19.75; 10.12; 17.75; 12.43; 2019/11/14 02:00
5.81; 19.43; 10.12; 17.62; 12.43; 2019/11/14 02:30
5.87; 20.31; 10.12; 18.12; 12.43; 2019/11/14 03:00
6.00; 19.75; 10.12; 17.68; 12.43; 2019/11/14 03:30
5.68; 19.43; 10.06; 17.50; 12.37; 2019/11/14 04:00
5.62; 19.75; 10.12; 17.68; 12.43; 2019/11/14 04:30
5.50; 20.25; 10.06; 18.06; 12.37; 2019/11/14 05:00
5.56; 19.62; 10.12; 17.50; 12.43; 2019/11/14 05:30
5.68; 19.68; 10.06; 17.50; 12.43; 2019/11/14 06:00
5.56; 19.87; 10.06; 17.87; 12.50; 2019/11/14 06:30
5.43; 19.81; 10.06; 17.93; 12.43; 2019/11/14 07:00
5.25; 19.75; 10.00; 17.75; 12.31; 2019/11/14 07:30
5.25; 19.56; 10.00; 17.56; 12.37; 2019/11/14 08:00
5.31; 19.43; 10.00; 17.43; 12.31; 2019/11/14 08:30
5.75; 19.87; 10.00; 17.87; 12.43; 2019/11/14 09:00
5.93; 19.93; 10.06; 17.87; 12.31; 2019/11/14 09:30
6.06; 19.75; 10.06; 17.62; 12.37; 2019/11/14 10:00
6.31; 19.68; 10.06; 17.50; 12.31; 2019/11/14 10:30
6.43; 20.06; 10.06; 18.18; 12.37; 2019/11/14 11:00
6.81; 19.62; 10.06; 17.68; 12.37; 2019/11/14 11:30
7.00; 19.62; 10.06; 17.62; 12.43; 2019/11/14 12:00
7.12; 20.00; 10.06; 18.00; 12.37; 2019/11/14 12:30
7.75; 20.18; 10.06; 18.00; 12.50; 2019/11/14 13:00
7.93; 19.62; 10.12; 17.50; 12.68; 2019/11/14 13:30
8.75; 20.12; 10.12; 18.06; 12.81; 2019/11/14 14:00
8.25; 20.12; 10.12; 17.87; 12.87; 2019/11/14 14:30
8.18; 19.81; 10.06; 17.68; 12.87; 2019/11/14 15:00
8.06; 19.87; 10.06; 17.43; 12.81; 2019/11/14 15:30
7.75; 20.31; 10.06; 17.87; 12.75; 2019/11/14 16:00
7.62; 20.25; 10.06; 18.00; 12.68; 2019/11/14 16:30
7.18; 20.31; 10.06; 18.06; 12.62; 2019/11/14 17:00
7.43; 19.81; 10.06; 17.62; 12.62; 2019/11/14 17:30
7.18; 20.06; 10.12; 17.87; 12.62; 2019/11/14 18:00
6.68; 19.75; 10.12; 17.75; 12.56; 2019/11/14 18:30
6.12; 19.93; 10.06; 17.56; 12.62; 2019/11/14 19:00
6.00; 20.31; 10.06; 18.06; 12.62; 2019/11/14 19:30
5.81; 19.68; 10.06; 17.50; 12.62; 2019/11/14 20:00
5.75; 20.37; 10.06; 18.25; 12.62; 2019/11/14 20:30
5.50; 20.18; 10.06; 17.68; 12.56; 2019/11/14 21:00
5.12; 19.62; 10.06; 17.68; 12.56; 2019/11/14 21:30
4.56; 20.12; 10.06; 17.75; 12.56; 2019/11/14 22:00
4.50; 20.37; 10.06; 18.06; 12.50; 2019/11/14 22:30
4.25; 20.12; 10.00; 17.93; 12.56; 2019/11/14 23:00
3.81; 19.87; 10.00; 17.68; 12.50; 2019/11/14 23:30
3.62; 19.56; 10.00; 17.62; 12.56; 2019/11/15 00:00
3.87; 19.87; 10.00; 17.62; 12.50; 2019/11/15 00:30
3.87; 20.06; 10.00; 17.81; 12.50; 2019/11/15 01:00
3.68; 20.18; 10.00; 17.81; 12.43; 2019/11/15 01:30
3.50; 19.75; 10.00; 17.87; 12.43; 2019/11/15 02:00
3.12; 19.56; 10.00; 17.62; 12.43; 2019/11/15 02:30
3.43; 19.87; 10.00; 17.75; 12.37; 2019/11/15 03:00
2.18; 20.18; 9.93; 18.12; 12.43; 2019/11/15 03:30
2.93; 19.62; 9.93; 17.75; 12.37; 2019/11/15 04:00
2.81; 20.00; 10.00; 18.00; 12.43; 2019/11/15 04:30
2.18; 20.31; 9.93; 18.12; 12.31; 2019/11/15 05:00
2.68; 19.62; 9.93; 17.43; 12.37; 2019/11/15 05:30
3.06; 19.68; 9.93; 17.75; 12.31; 2019/11/15 06:00
3.31; 19.56; 9.87; 17.62; 12.31; 2019/11/15 06:30
3.37; 20.18; 9.87; 18.06; 12.31; 2019/11/15 07:00
3.93; 19.75; 9.87; 17.68; 12.25; 2019/11/15 07:30
3.56; 19.81; 9.87; 17.50; 12.25; 2019/11/15 08:00
3.37; 19.81; 9.87; 17.93; 12.31; 2019/11/15 08:30
3.68; 20.31; 9.81; 17.87; 12.25; 2019/11/15 09:00
4.25; 19.62; 9.81; 17.68; 12.25; 2019/11/15 09:30
4.43; 20.37; 9.81; 18.00; 12.18; 2019/11/15 10:00
4.68; 20.50; 9.81; 17.87; 12.18; 2019/11/15 10:30
5.12; 20.06; 9.81; 17.93; 12.25; 2019/11/15 11:00
5.37; 19.56; 9.81; 17.50; 12.25; 2019/11/15 11:30
5.68; 20.25; 9.87; 17.81; 12.43; 2019/11/15 12:00
6.62; 19.81; 9.87; 17.62; 12.62; 2019/11/15 12:30
6.31; 19.68; 9.87; 17.37; 12.75; 2019/11/15 13:00
6.50; 20.31; 9.81; 18.12; 12.56; 2019/11/15 13:30
6.43; 19.81; 9.87; 17.37; 12.50; 2019/11/15 14:00
6.50; 20.00; 9.81; 17.93; 12.43; 2019/11/15 14:30
6.50; 20.43; 9.81; 18.06; 12.43; 2019/11/15 15:00
6.50; 19.81; 9.81; 17.62; 12.43; 2019/11/15 15:30
6.68; 20.43; 9.81; 18.00; 12.31; 2019/11/15 16:00
6.87; 19.75; 9.81; 17.50; 12.43; 2019/11/15 16:30
6.56; 19.87; 9.87; 17.43; 12.37; 2019/11/15 17:00
6.12; 20.00; 9.87; 17.56; 12.37; 2019/11/15 17:30
5.81; 20.31; 9.87; 18.06; 12.37; 2019/11/15 18:00
5.56; 20.12; 14.12; 18.06; 12.56; 2019/11/15 18:30
5.62; 17.56; 20.00; 16.06; 14.56; 2019/11/15 19:00
5.68; 19.06; 18.68; 18.81; 13.31; 2019/11/15 19:30
5.43; 18.75; 17.00; 17.75; 14.12; 2019/11/15 20:00
5.00; 19.06; 14.00; 18.37; 14.31; 2019/11/15 20:30
5.37; 20.12; 13.93; 19.75; 13.93; 2019/11/15 21:00
4.87; 20.06; 13.06; 20.25; 15.12; 2019/11/15 21:30
5.31; 21.43; 12.62; 20.62; 14.75; 2019/11/15 22:00
5.43; 21.62; 12.18; 22.00; 14.62; 2019/11/15 22:30
6.00; 19.00; 15.93; 18.43; 15.25; 2019/11/15 23:00
5.37; 17.12; 12.93; 16.37; 14.68; 2019/11/15 23:30
4.37; 16.93; 12.00; 15.68; 13.93; 2019/11/16 00:00
4.56; 16.18; 11.75; 15.43; 13.50; 2019/11/16 00:30
4.18; 16.00; 11.50; 15.06; 13.25; 2019/11/16 01:00
4.37; 16.25; 11.31; 15.25; 13.00; 2019/11/16 01:30
4.31; 15.37; 11.18; 14.56; 12.87; 2019/11/16 02:00
4.31; 15.37; 11.12; 14.56; 12.75; 2019/11/16 02:30
4.12; 15.50; 11.00; 14.62; 12.56; 2019/11/16 03:00
4.25; 15.56; 10.93; 14.68; 12.43; 2019/11/16 03:30
4.31; 15.50; 10.87; 14.75; 12.43; 2019/11/16 04:00
4.18; 15.12; 10.81; 14.50; 12.31; 2019/11/16 04:30
4.18; 15.62; 10.75; 14.37; 12.31; 2019/11/16 05:00
4.06; 15.93; 10.75; 14.62; 12.31; 2019/11/16 05:30
4.06; 16.43; 10.68; 15.06; 12.18; 2019/11/16 06:00
4.00; 15.75; 10.62; 14.37; 12.12; 2019/11/16 06:30
3.87; 15.93; 10.62; 14.50; 12.06; 2019/11/16 07:00
3.75; 16.25; 10.56; 14.87; 12.00; 2019/11/16 07:30
3.62; 15.56; 10.50; 14.50; 12.00; 2019/11/16 08:00
3.43; 15.81; 10.50; 14.37; 11.87; 2019/11/16 08:30
3.50; 16.12; 10.50; 14.56; 11.93; 2019/11/16 09:00
3.56; 16.37; 10.43; 15.06; 11.81; 2019/11/16 09:30
3.75; 15.68; 10.43; 14.31; 11.81; 2019/11/16 10:00
4.00; 15.87; 10.37; 14.56; 11.75; 2019/11/16 10:30
5.06; 16.37; 10.37; 14.87; 11.68; 2019/11/16 11:00
6.00; 15.68; 10.43; 14.31; 11.68; 2019/11/16 11:30
6.81; 15.93; 10.43; 14.43; 11.75; 2019/11/16 12:00
7.62; 16.31; 10.50; 14.81; 11.81; 2019/11/16 12:30
8.00; 15.68; 10.50; 14.43; 11.87; 2019/11/16 13:00
8.43; 15.87; 10.50; 14.31; 12.00; 2019/11/16 13:30
8.06; 16.18; 10.43; 14.68; 12.00; 2019/11/16 14:00
8.50; 16.31; 10.43; 14.68; 11.93; 2019/11/16 14:30
8.12; 15.87; 10.43; 14.37; 11.93; 2019/11/16 15:00
8.12; 15.87; 10.43; 14.37; 11.81; 2019/11/16 15:30
8.18; 16.50; 10.37; 15.06; 11.81; 2019/11/16 16:00
8.00; 15.75; 10.37; 14.37; 11.75; 2019/11/16 16:30
7.62; 15.81; 10.37; 14.31; 11.81; 2019/11/16 17:00
6.68; 16.06; 10.37; 14.50; 11.81; 2019/11/16 17:30
5.87; 16.56; 10.31; 15.00; 11.75; 2019/11/16 18:00
5.31; 15.68; 10.31; 14.37; 11.75; 2019/11/16 18:30
4.87; 15.75; 10.31; 14.43; 11.68; 2019/11/16 19:00
4.37; 16.00; 10.31; 14.68; 11.68; 2019/11/16 19:30
4.06; 16.37; 10.31; 15.00; 11.68; 2019/11/16 20:00
3.87; 15.56; 10.31; 14.43; 11.62; 2019/11/16 20:30
4.00; 15.62; 10.31; 14.43; 11.56; 2019/11/16 21:00
3.62; 15.62; 10.25; 14.43; 11.56; 2019/11/16 21:30
3.56; 16.06; 10.25; 14.75; 11.56; 2019/11/16 22:00
3.37; 16.31; 10.25; 15.00; 11.56; 2019/11/16 22:30
3.31; 15.50; 10.18; 14.37; 11.50; 2019/11/16 23:00
3.12; 15.50; 10.18; 14.37; 11.43; 2019/11/16 23:30
2.68; 15.56; 10.18; 14.37; 11.50; 2019/11/17 00:00
2.81; 15.81; 10.12; 14.50; 11.43; 2019/11/17 00:30
2.43; 16.06; 10.12; 14.81; 11.37; 2019/11/17 01:00
2.31; 16.12; 10.12; 15.00; 11.37; 2019/11/17 01:30
2.12; 15.43; 10.06; 14.31; 11.37; 2019/11/17 02:00
2.12; 15.43; 10.06; 14.31; 11.31; 2019/11/17 02:30
2.06; 15.62; 10.06; 14.37; 11.31; 2019/11/17 03:00
1.87; 16.00; 10.00; 14.56; 11.25; 2019/11/17 03:30
1.81; 16.12; 10.00; 14.87; 11.25; 2019/11/17 04:00
1.68; 15.31; 9.93; 14.12; 11.18; 2019/11/17 04:30
1.37; 15.31; 9.93; 14.06; 11.18; 2019/11/17 05:00
1.56; 15.31; 9.87; 14.25; 11.12; 2019/11/17 05:30
1.31; 15.37; 9.87; 14.25; 11.12; 2019/11/17 06:00
1.12; 15.62; 9.81; 14.37; 11.12; 2019/11/17 06:30
1.18; 15.68; 9.81; 14.37; 11.06; 2019/11/17 07:00
1.12; 16.00; 9.75; 14.75; 11.00; 2019/11/17 07:30
1.12; 15.25; 9.75; 14.12; 11.00; 2019/11/17 08:00
1.12; 15.18; 9.68; 13.87; 10.87; 2019/11/17 08:30
1.18; 15.25; 9.68; 13.93; 10.93; 2019/11/17 09:00
1.43; 15.25; 9.62; 14.00; 10.93; 2019/11/17 09:30
1.68; 15.31; 9.62; 14.00; 10.87; 2019/11/17 10:00
2.06; 15.37; 9.56; 14.12; 10.87; 2019/11/17 10:30
2.43; 15.62; 9.56; 14.12; 10.75; 2019/11/17 11:00
2.87; 15.68; 9.56; 14.37; 10.75; 2019/11/17 11:30
3.37; 15.81; 9.50; 14.31; 10.75; 2019/11/17 12:00
3.87; 15.93; 9.50; 14.31; 10.75; 2019/11/17 12:30
4.50; 16.00; 9.43; 14.50; 10.75; 2019/11/17 13:00
4.68; 15.31; 9.43; 14.06; 10.68; 2019/11/17 13:30
4.75; 15.18; 9.37; 13.68; 10.68; 2019/11/17 14:00
4.81; 15.18; 9.37; 13.75; 10.68; 2019/11/17 14:30
4.81; 15.18; 9.37; 13.75; 10.62; 2019/11/17 15:00
4.93; 15.37; 9.37; 13.81; 10.62; 2019/11/17 15:30
4.87; 15.62; 9.31; 13.93; 10.62; 2019/11/17 16:00
4.87; 15.81; 9.25; 14.12; 10.62; 2019/11/17 16:30
4.75; 15.93; 9.25; 14.31; 10.56; 2019/11/17 17:00
4.81; 15.93; 9.31; 14.37; 10.62; 2019/11/17 17:30
4.56; 15.25; 9.25; 13.81; 10.56; 2019/11/17 18:00
4.50; 15.12; 9.25; 13.68; 10.56; 2019/11/17 18:30
4.62; 15.18; 9.18; 13.75; 10.56; 2019/11/17 19:00
4.68; 15.25; 9.18; 13.75; 10.50; 2019/11/17 19:30
4.62; 15.31; 9.18; 13.87; 10.56; 2019/11/17 20:00
4.68; 15.43; 9.18; 13.81; 10.56; 2019/11/17 20:30
4.62; 15.62; 9.12; 13.93; 10.50; 2019/11/17 21:00
4.56; 15.62; 9.12; 14.06; 10.43; 2019/11/17 21:30
4.62; 15.62; 9.06; 14.12; 10.50; 2019/11/17 22:00
4.43; 15.81; 9.12; 14.31; 10.43; 2019/11/17 22:30
4.56; 15.81; 9.06; 14.31; 10.43; 2019/11/17 23:00
4.56; 15.87; 9.06; 14.18; 10.50; 2019/11/17 23:30
4.50; 15.43; 9.06; 13.87; 10.43; 2019/11/18 00:00
4.37; 15.12; 9.00; 13.56; 10.43; 2019/11/18 00:30
4.43; 15.18; 9.00; 13.68; 10.43; 2019/11/18 01:00
4.50; 15.12; 9.00; 13.56; 10.43; 2019/11/18 01:30
4.25; 15.12; 9.00; 13.62; 10.37; 2019/11/18 02:00
4.31; 15.18; 9.00; 13.62; 10.43; 2019/11/18 02:30
4.43; 15.25; 8.93; 13.75; 10.43; 2019/11/18 03:00
4.68; 15.37; 8.93; 13.81; 10.37; 2019/11/18 03:30
4.75; 15.68; 8.93; 14.00; 10.37; 2019/11/18 04:00
4.68; 15.75; 8.93; 14.18; 10.37; 2019/11/18 04:30
4.68; 15.93; 8.93; 14.18; 10.37; 2019/11/18 05:00
4.75; 15.81; 8.93; 14.25; 10.37; 2019/11/18 05:30
4.81; 15.75; 8.87; 14.06; 10.31; 2019/11/18 06:00
5.00; 15.56; 8.93; 13.87; 10.37; 2019/11/18 06:30
5.00; 15.18; 8.93; 13.75; 10.37; 2019/11/18 07:00
5.06; 15.06; 8.87; 13.56; 10.37; 2019/11/18 07:30
5.18; 15.06; 8.87; 13.50; 10.37; 2019/11/18 08:00
5.18; 15.06; 8.87; 13.50; 10.37; 2019/11/18 08:30
5.25; 15.00; 8.87; 13.56; 10.37; 2019/11/18 09:00
5.37; 15.06; 8.87; 13.62; 10.31; 2019/11/18 09:30
5.43; 15.12; 8.87; 13.62; 10.37; 2019/11/18 10:00
5.50; 15.18; 8.81; 13.75; 10.31; 2019/11/18 10:30
5.56; 15.31; 8.87; 13.75; 10.37; 2019/11/18 11:00
5.68; 15.31; 8.81; 13.68; 10.31; 2019/11/18 11:30
5.75; 15.37; 8.81; 13.81; 10.31; 2019/11/18 12:00
5.75; 15.37; 8.81; 13.87; 10.37; 2019/11/18 12:30
5.75; 15.62; 8.81; 13.87; 10.37; 2019/11/18 13:00
5.87; 15.68; 8.81; 14.06; 10.37; 2019/11/18 13:30
5.87; 15.75; 8.81; 14.12; 10.37; 2019/11/18 14:00
5.87; 15.81; 8.81; 14.25; 10.31; 2019/11/18 14:30
5.93; 15.75; 8.81; 14.18; 10.37; 2019/11/18 15:00
5.81; 15.87; 8.81; 14.18; 10.31; 2019/11/18 15:30
6.06; 15.87; 8.81; 14.25; 10.31; 2019/11/18 16:00
6.06; 15.68; 8.81; 14.00; 10.31; 2019/11/18 16:30
5.75; 15.43; 8.81; 14.00; 10.37; 2019/11/18 17:00
5.81; 15.00; 8.75; 13.50; 10.37; 2019/11/18 17:30
5.56; 15.06; 8.75; 13.56; 10.31; 2019/11/18 18:00
5.62; 15.12; 8.81; 13.56; 10.31; 2019/11/18 18:30
6.06; 14.50; 11.31; 13.56; 11.12; 2019/11/18 19:00
5.50; 14.81; 8.93; 13.68; 10.37; 2019/11/18 19:30
5.68; 14.68; 8.81; 13.56; 10.31; 2019/11/18 20:00
5.68; 14.62; 8.81; 13.43; 10.31; 2019/11/18 20:30
5.68; 14.31; 8.75; 13.18; 10.31; 2019/11/18 21:00
5.68; 14.12; 8.75; 13.12; 10.25; 2019/11/18 21:30
5.87; 14.12; 8.75; 13.12; 10.25; 2019/11/18 22:00
5.81; 14.81; 8.75; 13.56; 10.25; 2019/11/18 22:30
6.18; 14.75; 8.75; 13.31; 10.25; 2019/11/18 23:00
6.62; 15.25; 8.75; 13.62; 10.31; 2019/11/18 23:30
6.56; 15.25; 8.75; 13.75; 10.31; 2019/11/19 00:00
6.50; 15.12; 8.75; 13.62; 10.31; 2019/11/19 00:30
6.87; 15.12; 8.75; 13.50; 10.31; 2019/11/19 01:00
6.50; 15.12; 8.75; 13.68; 10.31; 2019/11/19 01:30
6.31; 15.06; 8.75; 13.62; 10.31; 2019/11/19 02:00
6.06; 15.06; 8.75; 13.62; 10.25; 2019/11/19 02:30
5.56; 15.06; 8.75; 13.62; 10.31; 2019/11/19 03:00
5.31; 15.06; 8.75; 13.62; 10.31; 2019/11/19 03:30
4.93; 15.00; 8.68; 13.56; 10.31; 2019/11/19 04:00
4.50; 15.00; 8.68; 13.50; 10.31; 2019/11/19 04:30
4.50; 15.00; 8.68; 13.62; 10.31; 2019/11/19 05:00
4.37; 15.06; 8.68; 13.62; 10.25; 2019/11/19 05:30
4.56; 15.06; 8.68; 13.68; 10.31; 2019/11/19 06:00
4.56; 15.31; 8.68; 13.87; 10.25; 2019/11/19 06:30
4.68; 15.31; 8.68; 13.75; 10.25; 2019/11/19 07:00
4.68; 15.25; 8.68; 13.75; 10.25; 2019/11/19 07:30
4.75; 15.18; 8.68; 13.68; 10.25; 2019/11/19 08:00
4.93; 15.06; 8.68; 13.62; 10.25; 2019/11/19 08:30
5.00; 15.00; 8.68; 13.56; 10.25; 2019/11/19 09:00
4.93; 15.06; 8.68; 13.50; 10.25; 2019/11/19 09:30
4.75; 15.00; 8.68; 13.62; 10.25; 2019/11/19 10:00
4.62; 15.06; 8.68; 13.62; 10.25; 2019/11/19 10:30
4.68; 15.06; 8.68; 13.62; 10.25; 2019/11/19 11:00
6.50; 15.12; 8.68; 13.68; 10.18; 2019/11/19 11:30
4.93; 14.87; 8.62; 13.43; 10.25; 2019/11/19 12:00
5.12; 14.93; 8.62; 13.50; 10.18; 2019/11/19 12:30
5.12; 14.93; 8.62; 13.50; 10.25; 2019/11/19 13:00
5.37; 14.93; 8.62; 13.50; 10.25; 2019/11/19 13:30
5.50; 14.93; 8.62; 13.56; 10.25; 2019/11/19 14:00
5.62; 14.93; 8.62; 13.50; 10.18; 2019/11/19 14:30
5.87; 14.87; 8.62; 13.43; 10.25; 2019/11/19 15:00
5.87; 14.87; 8.68; 13.43; 10.25; 2019/11/19 15:30
5.87; 14.93; 8.68; 13.37; 10.18; 2019/11/19 16:00
5.81; 14.87; 8.68; 13.43; 10.75; 2019/11/19 16:30
5.25; 14.93; 8.62; 13.50; 10.25; 2019/11/19 17:00
4.93; 14.93; 8.62; 13.37; 10.31; 2019/11/19 17:30
4.81; 14.93; 8.62; 13.43; 10.25; 2019/11/19 18:00
4.43; 15.00; 8.56; 13.50; 10.25; 2019/11/19 18:30
4.25; 15.00; 8.56; 13.50; 10.25; 2019/11/19 19:00
4.18; 15.06; 8.56; 13.50; 10.25; 2019/11/19 19:30
4.25; 15.00; 8.56; 13.43; 10.18; 2019/11/19 20:00
4.31; 15.00; 8.56; 13.50; 10.18; 2019/11/19 20:30
4.31; 14.87; 8.56; 13.43; 10.18; 2019/11/19 21:00
4.18; 15.00; 8.56; 13.56; 10.25; 2019/11/19 21:30
3.93; 14.93; 8.56; 13.43; 10.18; 2019/11/19 22:00
3.81; 14.93; 8.50; 13.68; 10.18; 2019/11/19 22:30
3.62; 15.06; 8.50; 13.68; 10.18; 2019/11/19 23:00
3.37; 15.68; 8.50; 14.06; 10.12; 2019/11/19 23:30
3.18; 15.68; 8.50; 14.06; 10.18; 2019/11/20 00:00
3.25; 15.68; 8.50; 14.06; 10.12; 2019/11/20 00:30
3.18; 15.56; 8.50; 14.06; 10.18; 2019/11/20 01:00
2.56; 15.37; 8.43; 13.87; 10.12; 2019/11/20 01:30
2.68; 15.37; 8.43; 13.87; 10.12; 2019/11/20 02:00
2.43; 15.31; 8.43; 13.68; 10.12; 2019/11/20 02:30
2.31; 15.12; 8.43; 13.68; 10.06; 2019/11/20 03:00
2.37; 15.06; 8.37; 13.56; 10.00; 2019/11/20 03:30
2.37; 15.00; 8.37; 13.50; 10.06; 2019/11/20 04:00
2.62; 14.87; 8.37; 13.37; 10.06; 2019/11/20 04:30
2.81; 14.87; 8.37; 13.50; 10.06; 2019/11/20 05:00
2.75; 14.87; 8.37; 13.31; 10.06; 2019/11/20 05:30
2.93; 14.81; 8.37; 13.31; 10.00; 2019/11/20 06:00
3.00; 14.81; 8.37; 13.25; 10.00; 2019/11/20 06:30
2.81; 14.75; 8.31; 13.31; 10.00; 2019/11/20 07:00
2.56; 15.25; 8.31; 13.62; 10.00; 2019/11/20 07:30
2.12; 15.50; 8.31; 14.00; 10.00; 2019/11/20 08:00
2.18; 15.37; 8.25; 13.93; 10.00; 2019/11/20 08:30
2.00; 15.31; 8.25; 13.75; 9.93; 2019/11/20 09:00
1.68; 15.25; 8.25; 13.62; 9.93; 2019/11/20 09:30
2.37; 15.18; 8.25; 13.62; 9.93; 2019/11/20 10:00
2.43; 15.06; 8.18; 13.50; 9.87; 2019/11/20 10:30
3.06; 15.00; 8.25; 13.43; 9.87; 2019/11/20 11:00
3.43; 14.87; 8.25; 13.31; 9.87; 2019/11/20 11:30
3.62; 14.87; 8.25; 13.25; 9.93; 2019/11/20 12:00
4.12; 14.81; 8.18; 13.25; 9.87; 2019/11/20 12:30
4.31; 14.81; 8.18; 13.12; 9.87; 2019/11/20 13:00
4.50; 14.81; 8.18; 13.25; 9.87; 2019/11/20 13:30
5.12; 15.18; 8.25; 13.75; 9.93; 2019/11/20 14:00
5.43; 15.56; 8.25; 13.93; 10.00; 2019/11/20 14:30
5.87; 15.56; 8.25; 13.75; 9.93; 2019/11/20 15:00
5.56; 15.50; 8.18; 13.87; 9.93; 2019/11/20 15:30
5.12; 15.62; 8.25; 13.81; 9.87; 2019/11/20 16:00
4.93; 15.68; 8.18; 13.87; 9.93; 2019/11/20 16:30
4.62; 15.75; 8.18; 13.93; 9.93; 2019/11/20 17:00
4.43; 15.62; 8.18; 13.93; 9.93; 2019/11/20 17:30
4.18; 15.68; 8.18; 14.06; 9.87; 2019/11/20 18:00
3.75; 15.62; 8.18; 13.87; 9.93; 2019/11/20 18:30
3.81; 15.56; 8.18; 13.93; 9.87; 2019/11/20 19:00
4.00; 15.56; 8.18; 13.93; 9.93; 2019/11/20 19:30
3.93; 15.56; 8.18; 13.81; 9.93; 2019/11/20 20:00
3.93; 15.43; 8.18; 13.87; 9.93; 2019/11/20 20:30
3.81; 15.18; 8.18; 13.75; 9.87; 2019/11/20 21:00
3.43; 15.12; 8.12; 13.62; 9.93; 2019/11/20 21:30
2.75; 15.06; 8.12; 13.43; 9.93; 2019/11/20 22:00
2.68; 15.00; 8.12; 13.37; 9.87; 2019/11/20 22:30
2.43; 14.87; 8.12; 13.31; 9.87; 2019/11/20 23:00
2.68; 14.87; 8.12; 13.31; 9.81; 2019/11/20 23:30
2.00; 14.87; 8.12; 13.37; 9.87; 2019/11/21 00:00
1.68; 14.81; 8.06; 13.31; 9.81; 2019/11/21 00:30
2.37; 14.68; 8.12; 13.50; 9.81; 2019/11/21 01:00
2.12; 15.50; 8.06; 13.87; 9.81; 2019/11/21 01:30
2.06; 15.62; 8.06; 13.87; 9.75; 2019/11/21 02:00
1.81; 15.37; 8.06; 13.81; 9.75; 2019/11/21 02:30
1.50; 15.12; 8.00; 13.68; 9.81; 2019/11/21 03:00
1.87; 14.87; 8.00; 13.37; 9.75; 2019/11/21 03:30
1.75; 14.75; 8.00; 13.25; 9.75; 2019/11/21 04:00
1.37; 14.68; 8.00; 13.12; 9.75; 2019/11/21 04:30
1.50; 15.00; 8.00; 13.50; 9.75; 2019/11/21 05:00
1.56; 15.50; 7.93; 13.87; 9.68; 2019/11/21 05:30
1.18; 15.37; 7.93; 13.81; 9.62; 2019/11/21 06:00
.87; 15.06; 7.93; 13.56; 9.68; 2019/11/21 06:30
.87; 14.75; 7.87; 13.18; 9.62; 2019/11/21 07:00
.81; 14.62; 7.87; 13.06; 9.62; 2019/11/21 07:30
.56; 14.62; 7.87; 13.06; 9.68; 2019/11/21 08:00
.43; 14.50; 7.87; 13.12; 9.56; 2019/11/21 08:30
.56; 15.31; 7.81; 13.75; 9.56; 2019/11/21 09:00
.68; 15.43; 7.81; 13.56; 9.62; 2019/11/21 09:30
.87; 15.31; 7.81; 13.75; 9.50; 2019/11/21 10:00
1.25; 15.12; 7.81; 13.43; 9.56; 2019/11/21 10:30
1.87; 15.00; 7.81; 13.31; 9.50; 2019/11/21 11:00
2.62; 14.81; 7.81; 13.18; 9.50; 2019/11/21 11:30
3.43; 14.68; 7.81; 13.12; 9.50; 2019/11/21 12:00
3.93; 14.68; 7.81; 13.00; 9.56; 2019/11/21 12:30
4.18; 14.56; 7.81; 12.87; 9.56; 2019/11/21 13:00
4.68; 15.06; 7.75; 13.50; 9.56; 2019/11/21 13:30
4.81; 15.50; 7.81; 13.62; 9.56; 2019/11/21 14:00
5.18; 15.37; 7.81; 13.68; 9.56; 2019/11/21 14:30
5.93; 15.68; 7.81; 13.75; 9.56; 2019/11/21 15:00
6.18; 15.62; 7.81; 13.75; 9.56; 2019/11/21 15:30
5.87; 15.56; 7.81; 13.62; 9.56; 2019/11/21 16:00
6.06; 15.43; 7.75; 13.68; 9.56; 2019/11/21 16:30
5.50; 15.37; 7.75; 13.68; 9.56; 2019/11/21 17:00
5.18; 15.43; 7.75; 13.56; 9.50; 2019/11/21 17:30
4.93; 15.37; 7.75; 13.68; 9.50; 2019/11/21 18:00
4.62; 15.25; 7.75; 13.50; 9.56; 2019/11/21 18:30
4.50; 15.00; 7.75; 13.37; 9.50; 2019/11/21 19:00
4.31; 14.87; 7.75; 13.25; 9.50; 2019/11/21 19:30
4.12; 14.81; 7.75; 13.12; 9.56; 2019/11/21 20:00
4.37; 14.68; 7.75; 13.12; 9.50; 2019/11/21 20:30
5.12; 14.62; 7.75; 13.06; 9.56; 2019/11/21 21:00
5.43; 14.62; 7.75; 13.18; 9.50; 2019/11/21 21:30
5.43; 15.12; 7.75; 13.56; 9.56; 2019/11/21 22:00
5.56; 15.50; 7.75; 13.81; 9.62; 2019/11/21 22:30
4.87; 15.43; 7.75; 13.81; 9.56; 2019/11/21 23:00
4.68; 15.37; 7.75; 13.62; 9.62; 2019/11/21 23:30
4.56; 15.25; 7.75; 13.43; 9.56; 2019/11/22 00:00
4.50; 15.12; 7.75; 13.50; 9.56; 2019/11/22 00:30
4.37; 15.00; 7.75; 13.37; 9.56; 2019/11/22 01:00
4.12; 14.93; 7.75; 13.31; 9.56; 2019/11/22 01:30
4.12; 14.87; 7.68; 13.18; 9.56; 2019/11/22 02:00
4.12; 14.75; 7.68; 13.25; 9.62; 2019/11/22 02:30
4.18; 15.37; 7.75; 13.81; 9.56; 2019/11/22 03:00
4.31; 15.37; 7.68; 13.68; 9.56; 2019/11/22 03:30
3.93; 15.12; 7.68; 13.31; 9.56; 2019/11/22 04:00
4.18; 15.06; 7.68; 13.37; 9.56; 2019/11/22 04:30
5.06; 14.87; 7.68; 13.18; 9.62; 2019/11/22 05:00
5.56; 14.81; 7.75; 13.12; 9.62; 2019/11/22 05:30
6.12; 14.75; 7.75; 13.12; 9.56; 2019/11/22 06:00
6.31; 15.00; 7.75; 13.50; 9.56; 2019/11/22 06:30
6.18; 15.43; 7.75; 13.87; 9.62; 2019/11/22 07:00
6.12; 15.56; 7.75; 13.81; 9.62; 2019/11/22 07:30
6.06; 15.37; 7.75; 13.75; 9.62; 2019/11/22 08:00
6.12; 15.18; 7.75; 13.56; 9.68; 2019/11/22 08:30
6.25; 15.12; 7.75; 13.43; 9.62; 2019/11/22 09:00
6.31; 15.12; 7.75; 13.37; 9.62; 2019/11/22 09:30
6.31; 15.12; 7.75; 13.43; 9.68; 2019/11/22 10:00
6.50; 15.00; 7.75; 13.37; 9.68; 2019/11/22 10:30
6.56; 14.93; 7.81; 13.31; 9.68; 2019/11/22 11:00
7.12; 15.00; 7.81; 13.37; 9.68; 2019/11/22 11:30
7.62; 15.00; 7.93; 13.25; 9.68; 2019/11/22 12:00
7.75; 14.93; 7.93; 13.37; 9.75; 2019/11/22 12:30
8.00; 15.00; 7.93; 13.43; 9.81; 2019/11/22 13:00
7.75; 15.00; 8.00; 13.43; 9.87; 2019/11/22 13:30
7.93; 14.93; 8.00; 13.37; 9.93; 2019/11/22 14:00
8.06; 14.93; 8.00; 13.43; 9.93; 2019/11/22 14:30
8.18; 15.00; 8.00; 13.43; 9.93; 2019/11/22 15:00
7.93; 14.87; 8.00; 13.37; 9.87; 2019/11/22 15:30
7.68; 14.93; 8.00; 13.37; 9.93; 2019/11/22 16:00
7.37; 14.87; 8.00; 13.37; 9.93; 2019/11/22 16:30
6.93; 14.87; 8.00; 13.37; 10.00; 2019/11/22 17:00
6.75; 15.06; 8.00; 13.68; 9.93; 2019/11/22 17:30
6.56; 15.06; 8.00; 13.81; 9.93; 2019/11/22 18:00
6.62; 15.81; 11.62; 14.37; 9.93; 2019/11/22 18:30
6.68; 15.31; 15.00; 14.12; 10.56; 2019/11/22 19:00
5.93; 16.18; 19.50; 14.75; 15.12; 2019/11/22 19:30
5.68; 16.00; 14.81; 14.56; 15.12; 2019/11/22 20:00
4.93; 14.75; 13.31; 13.81; 14.25; 2019/11/22 20:30
4.62; 14.31; 11.87; 13.43; 13.87; 2019/11/22 21:00
4.25; 13.75; 11.12; 13.00; 13.43; 2019/11/22 21:30
4.25; 13.62; 10.50; 12.75; 13.37; 2019/11/22 22:00
3.75; 13.50; 10.18; 12.75; 13.31; 2019/11/22 22:30
3.87; 13.43; 10.00; 12.75; 13.31; 2019/11/22 23:00
3.50; 13.37; 9.81; 12.68; 13.37; 2019/11/22 23:30
3.56; 13.37; 9.68; 12.68; 13.37; 2019/11/23 00:00
3.50; 13.37; 9.56; 12.56; 13.43; 2019/11/23 00:30
3.37; 13.31; 9.50; 12.50; 13.37; 2019/11/23 01:00
3.18; 13.31; 9.37; 12.50; 13.37; 2019/11/23 01:30
3.06; 13.18; 9.25; 12.43; 13.37; 2019/11/23 02:00
3.25; 13.06; 9.18; 12.50; 13.37; 2019/11/23 02:30
2.87; 13.12; 9.12; 12.37; 13.37; 2019/11/23 03:00
2.87; 13.12; 9.06; 12.25; 13.31; 2019/11/23 03:30
2.62; 13.00; 9.00; 12.43; 13.31; 2019/11/23 04:00
2.56; 13.06; 9.00; 12.18; 13.31; 2019/11/23 04:30
3.00; 13.00; 8.93; 12.18; 13.31; 2019/11/23 05:00
3.18; 12.87; 8.93; 12.31; 13.25; 2019/11/23 05:30
2.93; 13.00; 8.87; 12.06; 13.31; 2019/11/23 06:00
3.12; 12.93; 8.81; 12.12; 13.31; 2019/11/23 06:30
2.56; 12.81; 8.81; 12.06; 13.25; 2019/11/23 07:00
3.00; 12.93; 8.75; 12.00; 13.25; 2019/11/23 07:30
2.93; 12.87; 8.75; 12.00; 13.25; 2019/11/23 08:00
3.25; 12.75; 8.75; 12.06; 13.25; 2019/11/23 08:30
3.06; 12.87; 8.68; 11.93; 13.25; 2019/11/23 09:00
3.56; 12.75; 8.68; 12.00; 13.25; 2019/11/23 09:30
4.12; 12.87; 8.62; 11.93; 13.25; 2019/11/23 10:00
4.56; 12.81; 8.62; 11.87; 13.25; 2019/11/23 10:30
5.12; 12.68; 8.68; 11.87; 13.18; 2019/11/23 11:00
5.81; 12.87; 8.68; 11.87; 13.25; 2019/11/23 11:30
6.75; 12.93; 8.68; 11.81; 13.25; 2019/11/23 12:00
7.43; 12.87; 8.68; 12.00; 13.18; 2019/11/23 12:30
7.50; 13.00; 8.62; 11.93; 13.18; 2019/11/23 13:00
7.87; 13.00; 8.62; 11.87; 13.18; 2019/11/23 13:30
8.31; 12.87; 8.68; 11.87; 13.12; 2019/11/23 14:00
8.56; 13.00; 8.62; 11.87; 13.18; 2019/11/23 14:30
8.75; 13.00; 8.62; 11.87; 13.12; 2019/11/23 15:00
9.00; 12.93; 8.62; 11.87; 13.18; 2019/11/23 15:30
8.68; 12.93; 8.62; 11.87; 13.12; 2019/11/23 16:00
7.93; 13.06; 8.62; 11.93; 13.18; 2019/11/23 16:30
7.31; 12.87; 8.62; 11.81; 13.18; 2019/11/23 17:00
6.87; 12.81; 8.62; 11.75; 13.12; 2019/11/23 17:30
6.50; 12.93; 8.62; 11.93; 13.12; 2019/11/23 18:00
6.12; 12.81; 8.62; 11.93; 13.06; 2019/11/23 18:30
5.87; 12.87; 8.62; 11.87; 13.06; 2019/11/23 19:00
5.68; 12.87; 8.62; 11.81; 13.12; 2019/11/23 19:30
5.43; 12.68; 8.62; 11.81; 13.12; 2019/11/23 20:00
5.12; 12.81; 8.62; 11.87; 13.06; 2019/11/23 20:30
5.00; 12.81; 8.62; 11.87; 13.06; 2019/11/23 21:00
4.75; 12.62; 8.56; 11.81; 13.06; 2019/11/23 21:30
4.50; 12.81; 8.56; 11.93; 13.06; 2019/11/23 22:00
4.25; 12.68; 8.56; 11.75; 13.06; 2019/11/23 22:30
3.93; 12.68; 8.56; 11.87; 13.06; 2019/11/23 23:00
3.62; 12.68; 8.56; 11.81; 13.06; 2019/11/23 23:30
3.43; 12.56; 8.56; 11.75; 13.06; 2019/11/24 00:00
3.37; 12.68; 8.56; 11.81; 13.06; 2019/11/24 00:30
3.31; 12.56; 8.56; 11.75; 13.06; 2019/11/24 01:00
3.12; 12.68; 8.56; 11.81; 13.06; 2019/11/24 01:30
2.93; 12.56; 8.50; 11.75; 13.06; 2019/11/24 02:00
2.75; 12.56; 8.50; 11.75; 13.06; 2019/11/24 02:30
2.56; 12.50; 8.50; 11.62; 13.06; 2019/11/24 03:00
2.62; 12.56; 8.43; 11.68; 13.06; 2019/11/24 03:30
2.37; 12.50; 8.43; 11.68; 13.06; 2019/11/24 04:00
2.25; 12.50; 8.43; 11.62; 13.06; 2019/11/24 04:30
1.93; 12.50; 8.43; 11.62; 13.06; 2019/11/24 05:00
2.18; 12.37; 8.37; 11.56; 13.06; 2019/11/24 05:30
2.43; 12.50; 8.37; 11.56; 13.06; 2019/11/24 06:00
2.31; 12.31; 8.37; 11.56; 13.06; 2019/11/24 06:30
2.31; 12.50; 8.37; 11.56; 13.06; 2019/11/24 07:00
2.25; 12.31; 8.31; 11.43; 13.06; 2019/11/24 07:30
2.37; 12.43; 8.31; 11.50; 13.06; 2019/11/24 08:00
2.31; 12.31; 8.31; 11.37; 13.06; 2019/11/24 08:30
2.37; 12.43; 8.25; 11.43; 13.06; 2019/11/24 09:00
2.62; 12.25; 8.25; 11.37; 13.06; 2019/11/24 09:30
2.87; 12.37; 8.25; 11.43; 13.06; 2019/11/24 10:00
3.37; 12.25; 8.25; 11.31; 13.00; 2019/11/24 10:30
4.06; 12.43; 8.25; 11.37; 13.06; 2019/11/24 11:00
4.68; 12.31; 8.25; 11.37; 13.06; 2019/11/24 11:30
5.93; 12.50; 8.31; 11.37; 13.06; 2019/11/24 12:00
8.00; 12.43; 8.37; 11.50; 13.06; 2019/11/24 12:30
9.06; 12.68; 8.37; 11.43; 13.12; 2019/11/24 13:00
9.37; 12.56; 8.37; 11.56; 13.06; 2019/11/24 13:30
9.00; 12.62; 8.37; 11.43; 13.06; 2019/11/24 14:00
8.93; 12.62; 8.37; 11.56; 13.06; 2019/11/24 14:30
8.31; 12.50; 8.37; 11.37; 13.00; 2019/11/24 15:00
9.62; 12.62; 8.37; 11.50; 13.06; 2019/11/24 15:30
9.00; 12.50; 8.37; 11.43; 13.00; 2019/11/24 16:00
7.68; 12.68; 8.37; 11.50; 13.00; 2019/11/24 16:30
7.12; 12.43; 8.31; 11.43; 13.00; 2019/11/24 17:00
6.62; 12.62; 8.31; 11.56; 13.00; 2019/11/24 17:30
6.18; 12.43; 8.31; 11.50; 13.00; 2019/11/24 18:00
5.81; 12.62; 8.31; 11.56; 13.00; 2019/11/24 18:30
5.43; 12.43; 8.37; 11.50; 13.00; 2019/11/24 19:00
5.12; 12.56; 8.31; 11.56; 13.00; 2019/11/24 19:30
5.00; 12.43; 8.31; 11.50; 13.00; 2019/11/24 20:00
4.75; 12.56; 8.37; 11.62; 13.00; 2019/11/24 20:30
4.68; 12.37; 8.31; 11.50; 12.93; 2019/11/24 21:00
4.43; 12.56; 8.37; 11.68; 13.00; 2019/11/24 21:30
4.50; 12.37; 8.31; 11.56; 13.00; 2019/11/24 22:00
4.43; 12.37; 8.31; 11.62; 13.00; 2019/11/24 22:30
4.31; 12.37; 8.31; 11.50; 12.93; 2019/11/24 23:00
4.12; 12.43; 8.31; 11.62; 13.00; 2019/11/24 23:30
3.93; 12.37; 8.31; 11.43; 12.93; 2019/11/25 00:00
3.68; 12.43; 8.31; 11.50; 13.00; 2019/11/25 00:30
3.75; 12.37; 8.31; 11.56; 13.00; 2019/11/25 01:00
3.62; 12.37; 8.31; 11.50; 13.00; 2019/11/25 01:30
3.75; 12.43; 8.31; 11.50; 12.93; 2019/11/25 02:00
3.75; 12.31; 8.31; 11.43; 12.93; 2019/11/25 02:30
3.68; 12.43; 8.31; 11.56; 13.00; 2019/11/25 03:00
3.68; 12.31; 8.25; 11.43; 13.00; 2019/11/25 03:30
3.75; 12.37; 8.25; 11.56; 13.00; 2019/11/25 04:00
3.87; 12.31; 8.25; 11.43; 12.93; 2019/11/25 04:30
4.00; 12.43; 8.25; 11.43; 13.00; 2019/11/25 05:00
4.12; 12.25; 8.25; 11.31; 13.00; 2019/11/25 05:30
4.18; 12.37; 8.25; 11.37; 13.00; 2019/11/25 06:00
4.25; 12.25; 8.18; 11.31; 13.00; 2019/11/25 06:30
4.50; 12.37; 8.18; 11.37; 13.00; 2019/11/25 07:00
4.62; 12.25; 8.18; 11.25; 12.93; 2019/11/25 07:30
4.75; 12.37; 8.18; 11.43; 13.00; 2019/11/25 08:00
4.93; 12.31; 8.18; 11.31; 12.93; 2019/11/25 08:30
5.06; 12.31; 8.18; 11.25; 13.00; 2019/11/25 09:00
5.18; 12.31; 8.18; 11.25; 13.00; 2019/11/25 09:30
5.50; 12.37; 8.18; 11.31; 13.00; 2019/11/25 10:00
5.68; 12.31; 8.18; 11.25; 13.00; 2019/11/25 10:30
6.00; 12.37; 8.18; 11.37; 13.00; 2019/11/25 11:00
6.18; 12.31; 8.18; 11.25; 13.00; 2019/11/25 11:30
6.50; 12.37; 8.18; 11.37; 13.00; 2019/11/25 12:00
6.75; 12.31; 8.18; 11.25; 13.00; 2019/11/25 12:30
7.06; 12.37; 8.18; 11.31; 13.00; 2019/11/25 13:00
7.25; 12.31; 8.18; 11.31; 13.00; 2019/11/25 13:30
7.37; 12.43; 8.18; 11.37; 13.00; 2019/11/25 14:00
7.56; 12.31; 8.18; 11.25; 13.00; 2019/11/25 14:30
7.75; 12.37; 8.18; 11.31; 13.00; 2019/11/25 15:00
7.75; 12.37; 8.18; 11.43; 12.93; 2019/11/25 15:30
7.81; 12.31; 8.18; 11.25; 13.00; 2019/11/25 16:00
8.62; 12.43; 8.18; 11.43; 12.93; 2019/11/25 16:30
7.87; 12.31; 8.18; 11.25; 12.93; 2019/11/25 17:00
7.62; 12.37; 8.18; 11.37; 12.93; 2019/11/25 17:30
7.50; 12.25; 8.18; 11.25; 12.93; 2019/11/25 18:00
7.43; 12.43; 8.18; 11.37; 12.93; 2019/11/25 18:30
7.37; 12.31; 8.25; 11.31; 12.93; 2019/11/25 19:00
7.06; 12.37; 8.18; 11.37; 12.93; 2019/11/25 19:30
6.81; 12.25; 8.25; 11.25; 12.93; 2019/11/25 20:00
6.50; 12.43; 8.25; 11.37; 12.93; 2019/11/25 20:30
6.12; 12.25; 8.25; 11.31; 12.87; 2019/11/25 21:00
5.81; 12.43; 8.25; 11.43; 12.93; 2019/11/25 21:30
5.50; 12.25; 8.18; 11.37; 12.93; 2019/11/25 22:00
5.25; 12.37; 8.25; 11.37; 12.93; 2019/11/25 22:30
5.12; 12.25; 8.25; 11.31; 12.87; 2019/11/25 23:00
5.12; 12.31; 8.18; 11.37; 12.87; 2019/11/25 23:30
5.18; 12.31; 8.18; 11.31; 12.87; 2019/11/26 00:00
5.18; 12.31; 8.18; 11.37; 12.87; 2019/11/26 00:30
5.12; 12.37; 8.25; 11.37; 12.87; 2019/11/26 01:00
5.00; 12.31; 8.18; 11.25; 12.87; 2019/11/26 01:30
5.37; 12.37; 8.25; 11.43; 12.93; 2019/11/26 02:00
5.25; 12.25; 8.18; 11.31; 12.87; 2019/11/26 02:30
5.12; 12.43; 8.18; 11.37; 12.87; 2019/11/26 03:00
4.87; 12.25; 8.18; 11.31; 12.87; 2019/11/26 03:30
4.68; 12.37; 8.18; 11.31; 12.87; 2019/11/26 04:00
5.31; 12.25; 8.18; 11.25; 12.87; 2019/11/26 04:30
6.00; 12.43; 8.18; 11.31; 12.87; 2019/11/26 05:00
6.68; 12.25; 8.18; 11.25; 12.87; 2019/11/26 05:30
7.18; 12.43; 8.18; 11.37; 12.87; 2019/11/26 06:00
7.37; 12.31; 8.18; 11.25; 12.87; 2019/11/26 06:30
7.37; 12.43; 8.18; 11.37; 12.87; 2019/11/26 07:00
7.50; 12.31; 8.18; 11.31; 12.87; 2019/11/26 07:30
7.68; 12.37; 8.18; 11.31; 12.87; 2019/11/26 08:00
7.75; 12.37; 8.18; 11.37; 12.87; 2019/11/26 08:30
7.93; 12.37; 8.25; 11.31; 12.87; 2019/11/26 09:00
8.18; 12.43; 8.25; 11.43; 12.87; 2019/11/26 09:30
8.37; 12.31; 8.25; 11.12; 12.87; 2019/11/26 10:00
8.56; 12.50; 8.25; 11.37; 12.81; 2019/11/26 10:30
8.93; 12.37; 8.25; 11.31; 12.81; 2019/11/26 11:00
9.25; 12.50; 8.25; 11.31; 12.87; 2019/11/26 11:30
9.18; 12.43; 8.31; 11.37; 12.87; 2019/11/26 12:00
9.62; 12.43; 8.31; 11.31; 12.81; 2019/11/26 12:30
9.62; 12.50; 8.31; 11.50; 12.87; 2019/11/26 13:00
10.12; 12.56; 8.37; 11.25; 12.81; 2019/11/26 13:30
10.37; 12.56; 8.37; 11.43; 12.81; 2019/11/26 14:00
10.18; 12.43; 8.37; 11.37; 12.81; 2019/11/26 14:30
10.06; 12.56; 8.37; 11.43; 12.81; 2019/11/26 15:00
10.31; 12.56; 8.43; 11.50; 12.81; 2019/11/26 15:30
10.25; 12.43; 8.43; 11.37; 12.81; 2019/11/26 16:00
10.31; 12.62; 8.43; 11.56; 12.81; 2019/11/26 16:30
10.18; 12.50; 8.43; 11.43; 12.81; 2019/11/26 17:00
10.00; 12.56; 8.43; 11.50; 12.75; 2019/11/26 17:30
9.93; 12.62; 8.43; 11.56; 12.75; 2019/11/26 18:00
9.81; 12.50; 8.50; 11.50; 12.75; 2019/11/26 18:30
9.87; 12.62; 8.50; 11.50; 12.68; 2019/11/26 19:00
9.87; 12.56; 8.50; 11.62; 12.68; 2019/11/26 19:30
9.50; 12.50; 8.50; 11.56; 12.75; 2019/11/26 20:00
9.25; 12.62; 8.50; 11.62; 12.75; 2019/11/26 20:30
9.50; 12.50; 8.56; 11.56; 12.62; 2019/11/26 21:00
9.50; 12.56; 8.56; 11.56; 12.68; 2019/11/26 21:30
9.56; 12.62; 8.56; 11.75; 12.75; 2019/11/26 22:00
9.62; 12.50; 8.62; 11.62; 12.68; 2019/11/26 22:30
9.62; 12.62; 8.62; 11.68; 12.62; 2019/11/26 23:00
9.75; 12.62; 8.62; 11.68; 12.68; 2019/11/26 23:30
9.50; 12.56; 8.62; 11.62; 12.68; 2019/11/27 00:00
9.62; 12.68; 8.62; 11.75; 12.68; 2019/11/27 00:30
9.62; 12.56; 8.62; 11.62; 12.68; 2019/11/27 01:00
9.68; 12.62; 8.68; 11.75; 12.68; 2019/11/27 01:30
9.68; 12.62; 8.68; 11.81; 12.62; 2019/11/27 02:00
9.56; 12.50; 8.68; 11.75; 12.68; 2019/11/27 02:30
9.87; 12.75; 8.68; 11.81; 12.68; 2019/11/27 03:00
9.81; 12.62; 8.75; 11.75; 12.68; 2019/11/27 03:30
9.87; 12.56; 8.75; 11.68; 12.68; 2019/11/27 04:00
10.00; 12.81; 8.75; 11.81; 12.68; 2019/11/27 04:30
9.93; 12.68; 8.75; 11.81; 12.68; 2019/11/27 05:00
10.18; 12.62; 8.81; 11.81; 12.62; 2019/11/27 05:30
10.12; 12.81; 8.81; 11.87; 12.62; 2019/11/27 06:00
10.18; 12.62; 8.81; 11.81; 12.62; 2019/11/27 06:30
10.12; 12.75; 8.81; 11.81; 12.62; 2019/11/27 07:00
10.25; 12.75; 8.81; 11.87; 12.62; 2019/11/27 07:30
10.56; 12.68; 8.87; 11.75; 12.56; 2019/11/27 08:00
10.50; 12.87; 8.87; 11.93; 12.56; 2019/11/27 08:30
10.43; 12.68; 8.87; 11.87; 12.56; 2019/11/27 09:00
10.43; 12.81; 8.93; 11.93; 12.62; 2019/11/27 09:30
10.50; 12.75; 8.93; 11.87; 12.56; 2019/11/27 10:00
10.25; 12.93; 8.93; 12.00; 12.68; 2019/11/27 10:30
10.50; 12.81; 9.00; 11.81; 12.56; 2019/11/27 11:00
10.12; 12.93; 9.00; 12.12; 12.62; 2019/11/27 11:30
10.31; 12.93; 9.00; 12.00; 12.62; 2019/11/27 12:00
10.68; 12.81; 9.06; 12.00; 12.62; 2019/11/27 12:30
11.18; 12.93; 9.06; 12.12; 12.56; 2019/11/27 13:00
11.12; 13.00; 9.12; 12.06; 12.50; 2019/11/27 13:30
11.37; 12.93; 9.12; 12.00; 12.56; 2019/11/27 14:00
11.25; 13.06; 9.12; 12.12; 12.56; 2019/11/27 14:30
11.31; 13.00; 9.12; 12.06; 12.56; 2019/11/27 15:00
11.31; 12.87; 9.18; 12.00; 12.50; 2019/11/27 15:30
10.50; 13.12; 9.18; 12.18; 12.50; 2019/11/27 16:00
10.56; 12.93; 9.18; 12.06; 12.56; 2019/11/27 16:30
10.25; 12.93; 9.18; 12.12; 12.56; 2019/11/27 17:00
9.93; 12.93; 9.18; 12.12; 12.56; 2019/11/27 17:30
9.81; 13.00; 9.18; 12.25; 12.56; 2019/11/27 18:00
9.68; 12.93; 9.25; 12.18; 12.50; 2019/11/27 18:30
9.75; 12.87; 9.25; 12.18; 12.56; 2019/11/27 19:00
9.87; 13.00; 9.25; 12.31; 12.56; 2019/11/27 19:30
9.93; 12.87; 9.25; 12.12; 12.50; 2019/11/27 20:00
10.06; 13.00; 9.25; 12.31; 12.56; 2019/11/27 20:30
10.25; 12.81; 9.31; 12.12; 12.43; 2019/11/27 21:00
10.43; 13.06; 9.31; 12.31; 12.43; 2019/11/27 21:30
10.25; 12.93; 9.37; 12.18; 12.43; 2019/11/27 22:00
10.31; 12.87; 9.37; 12.18; 12.50; 2019/11/27 22:30
10.06; 13.00; 9.37; 12.25; 12.50; 2019/11/27 23:00
10.37; 12.87; 9.37; 12.18; 12.56; 2019/11/27 23:30
10.56; 13.06; 9.37; 12.31; 12.56; 2019/11/28 00:00
10.50; 12.93; 9.43; 12.18; 12.56; 2019/11/28 00:30
10.62; 13.06; 9.43; 12.25; 12.50; 2019/11/28 01:00
10.75; 13.06; 9.43; 12.25; 12.43; 2019/11/28 01:30
10.75; 12.93; 9.43; 12.18; 12.43; 2019/11/28 02:00
10.56; 13.18; 9.50; 12.37; 12.50; 2019/11/28 02:30
10.43; 13.00; 9.50; 12.31; 12.37; 2019/11/28 03:00
10.37; 13.12; 9.50; 12.31; 12.43; 2019/11/28 03:30
10.06; 13.12; 9.50; 12.37; 12.56; 2019/11/28 04:00
10.06; 13.00; 9.50; 12.25; 12.50; 2019/11/28 04:30
9.87; 13.12; 9.50; 12.37; 12.50; 2019/11/28 05:00
9.93; 13.00; 9.56; 12.31; 12.50; 2019/11/28 05:30
9.87; 13.12; 9.56; 12.43; 12.50; 2019/11/28 06:00
9.50; 13.12; 9.56; 12.37; 12.50; 2019/11/28 06:30
9.56; 12.93; 9.56; 12.31; 12.50; 2019/11/28 07:00
9.62; 13.18; 9.56; 12.37; 12.50; 2019/11/28 07:30
9.62; 13.06; 9.62; 12.31; 12.56; 2019/11/28 08:00
9.75; 13.00; 9.62; 12.25; 12.50; 2019/11/28 08:30
9.68; 13.18; 9.62; 12.37; 12.56; 2019/11/28 09:00
9.50; 13.00; 9.62; 12.31; 12.56; 2019/11/28 09:30
9.75; 13.12; 9.62; 12.31; 12.56; 2019/11/28 10:00
9.81; 13.18; 9.68; 12.43; 12.43; 2019/11/28 10:30
10.12; 13.00; 9.68; 12.43; 12.50; 2019/11/28 11:00
10.06; 13.18; 9.68; 12.43; 12.50; 2019/11/28 11:30
9.87; 13.18; 9.68; 12.43; 12.56; 2019/11/28 12:00
9.81; 13.06; 9.68; 12.37; 12.56; 2019/11/28 12:30
9.50; 13.25; 9.68; 12.50; 12.50; 2019/11/28 13:00
9.56; 13.12; 9.68; 12.43; 12.50; 2019/11/28 13:30
9.43; 13.06; 9.75; 12.31; 12.50; 2019/11/28 14:00
9.37; 13.25; 9.75; 12.50; 12.56; 2019/11/28 14:30
9.37; 13.12; 9.75; 12.37; 12.50; 2019/11/28 15:00
9.31; 13.06; 9.75; 12.37; 12.56; 2019/11/28 15:30
9.25; 13.25; 9.75; 12.50; 12.56; 2019/11/28 16:00
9.31; 13.25; 9.75; 12.43; 12.56; 2019/11/28 16:30
9.37; 13.00; 9.75; 12.31; 12.56; 2019/11/28 17:00
9.25; 13.18; 9.75; 12.50; 12.56; 2019/11/28 17:30
9.31; 13.12; 9.75; 12.50; 12.62; 2019/11/28 18:00
9.37; 13.00; 9.81; 12.37; 12.56; 2019/11/28 18:30
9.25; 13.18; 9.81; 12.43; 12.62; 2019/11/28 19:00
9.37; 13.12; 9.81; 12.43; 12.56; 2019/11/28 19:30
9.31; 13.00; 9.81; 12.43; 12.56; 2019/11/28 20:00
9.31; 13.12; 9.81; 12.50; 12.56; 2019/11/28 20:30
9.31; 13.12; 9.87; 12.50; 12.62; 2019/11/28 21:00
9.25; 13.06; 9.81; 12.37; 12.56; 2019/11/28 21:30
9.18; 13.12; 9.81; 12.37; 12.56; 2019/11/28 22:00
9.12; 13.18; 9.81; 12.50; 12.62; 2019/11/28 22:30
9.06; 13.06; 9.87; 12.37; 12.62; 2019/11/28 23:00
8.87; 13.06; 9.87; 12.37; 12.62; 2019/11/28 23:30
8.75; 13.25; 9.87; 12.50; 12.62; 2019/11/29 00:00
8.81; 13.18; 9.87; 12.50; 12.62; 2019/11/29 00:30
8.68; 13.06; 9.87; 12.37; 12.62; 2019/11/29 01:00
8.37; 13.18; 9.87; 12.43; 12.62; 2019/11/29 01:30
8.37; 13.18; 9.87; 12.56; 12.62; 2019/11/29 02:00
8.00; 13.12; 9.87; 12.50; 12.62; 2019/11/29 02:30
7.93; 13.06; 9.87; 12.37; 12.62; 2019/11/29 03:00
7.68; 13.18; 9.87; 12.50; 12.68; 2019/11/29 03:30
7.75; 13.12; 9.87; 12.43; 12.68; 2019/11/29 04:00
7.50; 13.00; 9.87; 12.43; 12.62; 2019/11/29 04:30
7.31; 13.18; 9.87; 12.50; 12.62; 2019/11/29 05:00
6.75; 13.12; 9.87; 12.50; 12.68; 2019/11/29 05:30
6.06; 13.00; 9.87; 12.50; 12.68; 2019/11/29 06:00
5.87; 13.12; 9.87; 12.43; 12.68; 2019/11/29 06:30
5.31; 13.12; 9.87; 12.43; 12.68; 2019/11/29 07:00
5.12; 13.00; 9.87; 12.43; 12.62; 2019/11/29 07:30
4.81; 12.87; 9.87; 12.31; 12.62; 2019/11/29 08:00
4.68; 13.12; 9.87; 12.43; 12.62; 2019/11/29 08:30
4.75; 13.06; 9.87; 12.50; 12.68; 2019/11/29 09:00
4.93; 13.00; 9.81; 12.37; 12.62; 2019/11/29 09:30
5.25; 13.00; 9.81; 12.37; 12.62; 2019/11/29 10:00
6.06; 13.06; 9.81; 12.43; 12.68; 2019/11/29 10:30
6.56; 13.00; 9.81; 12.37; 12.62; 2019/11/29 11:00
7.00; 13.12; 9.87; 12.43; 12.68; 2019/11/29 11:30
7.43; 13.25; 9.93; 12.50; 12.75; 2019/11/29 12:00
7.93; 13.18; 10.00; 12.56; 12.68; 2019/11/29 12:30
8.06; 13.12; 10.00; 12.62; 12.68; 2019/11/29 13:00
8.06; 13.25; 9.93; 12.43; 12.62; 2019/11/29 13:30
7.75; 13.18; 9.93; 12.43; 12.68; 2019/11/29 14:00
8.06; 13.12; 9.87; 12.37; 12.62; 2019/11/29 14:30
7.87; 13.06; 9.87; 12.37; 12.62; 2019/11/29 15:00
7.93; 13.18; 9.87; 12.43; 12.68; 2019/11/29 15:30
7.93; 13.25; 9.87; 12.56; 12.68; 2019/11/29 16:00
7.62; 13.06; 9.87; 12.43; 12.68; 2019/11/29 16:30
6.87; 13.00; 16.62; 12.68; 12.68; 2019/11/29 17:00
6.50; 13.12; 13.50; 12.43; 12.68; 2019/11/29 17:30
6.18; 13.06; 12.37; 12.50; 12.75; 2019/11/29 18:00
5.87; 13.00; 11.75; 12.56; 12.68; 2019/11/29 18:30
6.87; 14.31; 13.81; 13.50; 13.06; 2019/11/29 19:00
5.75; 14.93; 17.93; 13.93; 13.75; 2019/11/29 19:30
5.56; 14.37; 15.50; 13.62; 13.87; 2019/11/29 20:00
5.43; 13.50; 14.25; 12.93; 13.37; 2019/11/29 20:30
5.25; 13.06; 13.31; 12.62; 13.18; 2019/11/29 21:00
5.56; 12.93; 13.06; 12.50; 12.87; 2019/11/29 21:30
5.68; 12.87; 12.43; 12.43; 12.68; 2019/11/29 22:00
5.75; 12.81; 12.00; 12.37; 12.68; 2019/11/29 22:30
5.62; 12.93; 11.75; 12.37; 12.68; 2019/11/29 23:00
5.31; 12.81; 11.56; 12.31; 12.68; 2019/11/29 23:30
4.93; 12.81; 11.43; 12.31; 12.68; 2019/11/30 00:00
4.75; 12.75; 11.31; 12.31; 12.62; 2019/11/30 00:30
4.18; 12.68; 11.25; 12.25; 12.62; 2019/11/30 01:00
3.81; 12.81; 11.12; 12.25; 12.62; 2019/11/30 01:30
3.68; 12.68; 11.06; 12.25; 12.62; 2019/11/30 02:00
3.50; 12.75; 11.00; 12.25; 12.62; 2019/11/30 02:30
3.25; 12.62; 10.93; 12.18; 12.62; 2019/11/30 03:00
3.12; 12.62; 10.87; 12.18; 12.62; 2019/11/30 03:30
2.81; 12.50; 10.81; 12.12; 12.62; 2019/11/30 04:00
2.75; 12.56; 10.75; 12.12; 12.62; 2019/11/30 04:30
2.37; 12.62; 10.68; 12.12; 12.68; 2019/11/30 05:00
2.18; 12.50; 10.62; 12.06; 12.68; 2019/11/30 05:30
2.37; 12.50; 10.62; 12.00; 12.68; 2019/11/30 06:00
2.18; 12.43; 10.56; 12.00; 12.68; 2019/11/30 06:30
2.06; 12.50; 10.50; 12.00; 12.68; 2019/11/30 07:00
2.43; 12.37; 10.50; 11.93; 12.68; 2019/11/30 07:30
2.75; 12.43; 10.43; 11.93; 12.68; 2019/11/30 08:00
2.87; 12.43; 10.37; 11.93; 12.68; 2019/11/30 08:30
3.12; 12.43; 10.37; 11.87; 12.68; 2019/11/30 09:00
3.12; 12.43; 10.31; 11.87; 12.75; 2019/11/30 09:30
3.37; 12.37; 10.25; 11.81; 12.75; 2019/11/30 10:00
3.37; 12.43; 10.25; 11.81; 12.75; 2019/11/30 10:30
3.50; 12.31; 10.18; 11.75; 12.75; 2019/11/30 11:00
3.62; 12.43; 10.18; 11.81; 12.75; 2019/11/30 11:30
3.87; 12.31; 10.12; 11.75; 12.75; 2019/11/30 12:00
3.87; 12.37; 10.12; 11.75; 12.75; 2019/11/30 12:30
4.00; 12.31; 10.06; 11.68; 12.75; 2019/11/30 13:00
4.25; 12.31; 10.06; 11.68; 12.75; 2019/11/30 13:30
4.31; 12.37; 10.00; 11.68; 12.75; 2019/11/30 14:00
4.68; 12.25; 10.00; 11.62; 12.75; 2019/11/30 14:30
5.31; 12.37; 10.00; 11.75; 12.75; 2019/11/30 15:00
5.00; 12.31; 9.93; 11.56; 12.75; 2019/11/30 15:30
5.12; 12.37; 9.93; 11.62; 12.81; 2019/11/30 16:00
4.68; 12.25; 9.87; 11.56; 12.75; 2019/11/30 16:30
4.18; 12.31; 9.87; 11.56; 12.75; 2019/11/30 17:00
3.68; 12.31; 9.81; 11.56; 12.75; 2019/11/30 17:30
3.31; 12.18; 9.75; 11.56; 12.75; 2019/11/30 18:00
3.06; 12.25; 9.75; 11.56; 12.75; 2019/11/30 18:30
2.93; 12.18; 9.75; 11.50; 12.75; 2019/11/30 19:00
2.87; 12.12; 9.68; 11.43; 12.75; 2019/11/30 19:30
2.68; 12.18; 9.68; 11.50; 12.75; 2019/11/30 20:00
2.37; 12.18; 9.62; 11.50; 12.81; 2019/11/30 20:30
2.12; 12.06; 9.62; 11.37; 12.75; 2019/11/30 21:00
2.12; 12.12; 9.62; 11.37; 12.81; 2019/11/30 21:30
1.75; 12.12; 9.56; 11.37; 12.75; 2019/11/30 22:00
1.56; 12.06; 9.56; 11.37; 12.81; 2019/11/30 22:30
1.50; 12.06; 9.50; 11.31; 12.81; 2019/11/30 23:00
1.37; 12.12; 9.50; 11.31; 12.81; 2019/11/30 23:30
