24.37; 26.06; 26.00; 26.62; 27.56; 2019/07/01 00:00
23.81; 26.06; 26.00; 26.62; 27.56; 2019/07/01 00:30
23.43; 26.06; 26.00; 26.56; 27.50; 2019/07/01 01:00
22.43; 26.00; 25.93; 26.56; 27.50; 2019/07/01 01:30
22.25; 26.00; 25.93; 26.50; 27.43; 2019/07/01 02:00
21.81; 25.93; 25.93; 26.43; 27.37; 2019/07/01 02:30
21.62; 25.87; 25.93; 26.43; 27.31; 2019/07/01 03:00
21.25; 25.81; 25.87; 26.37; 27.31; 2019/07/01 03:30
21.18; 25.81; 25.87; 26.37; 27.25; 2019/07/01 04:00
20.75; 25.75; 25.87; 26.31; 27.18; 2019/07/01 04:30
20.75; 25.75; 25.81; 26.25; 27.12; 2019/07/01 05:00
20.75; 25.75; 25.81; 26.25; 27.12; 2019/07/01 05:30
19.87; 25.68; 25.75; 26.18; 27.06; 2019/07/01 06:00
20.43; 25.68; 25.75; 26.12; 27.00; 2019/07/01 06:30
20.50; 25.62; 25.75; 26.12; 26.93; 2019/07/01 07:00
20.87; 25.62; 25.68; 26.06; 26.93; 2019/07/01 07:30
21.12; 25.62; 25.68; 26.06; 26.87; 2019/07/01 08:00
21.06; 25.62; 25.68; 26.06; 26.87; 2019/07/01 08:30
21.00; 25.62; 25.68; 26.06; 26.81; 2019/07/01 09:00
21.31; 25.62; 25.68; 26.00; 26.87; 2019/07/01 09:30
21.56; 25.56; 25.68; 26.00; 26.87; 2019/07/01 10:00
22.18; 25.62; 25.68; 26.00; 27.00; 2019/07/01 10:30
22.56; 25.62; 25.68; 26.00; 27.12; 2019/07/01 11:00
22.75; 25.56; 25.68; 25.93; 27.12; 2019/07/01 11:30
23.25; 25.56; 25.68; 25.93; 27.12; 2019/07/01 12:00
23.43; 25.62; 25.68; 25.93; 27.12; 2019/07/01 12:30
24.12; 25.62; 25.68; 25.93; 27.25; 2019/07/01 13:00
24.43; 25.62; 25.68; 26.00; 27.37; 2019/07/01 13:30
24.81; 25.75; 25.68; 26.06; 27.50; 2019/07/01 14:00
24.81; 25.81; 25.75; 26.06; 27.56; 2019/07/01 14:30
25.37; 25.81; 25.75; 26.06; 27.56; 2019/07/01 15:00
26.43; 25.93; 25.81; 26.18; 27.56; 2019/07/01 15:30
25.56; 25.87; 25.81; 26.12; 27.50; 2019/07/01 16:00
25.75; 25.87; 25.81; 26.18; 27.43; 2019/07/01 16:30
26.43; 25.93; 25.81; 26.18; 27.37; 2019/07/01 17:00
26.93; 25.93; 25.87; 26.25; 27.37; 2019/07/01 17:30
26.31; 25.87; 25.81; 26.12; 27.31; 2019/07/01 18:00
26.62; 25.87; 25.81; 26.18; 27.31; 2019/07/01 18:30
26.12; 25.81; 25.81; 26.12; 27.25; 2019/07/01 19:00
25.37; 25.81; 25.75; 26.12; 27.25; 2019/07/01 19:30
24.87; 25.68; 25.68; 26.06; 27.18; 2019/07/01 20:00
24.18; 25.62; 25.62; 26.00; 27.12; 2019/07/01 20:30
23.81; 25.62; 25.62; 26.06; 27.06; 2019/07/01 21:00
23.25; 25.56; 25.56; 26.00; 27.00; 2019/07/01 21:30
22.43; 25.56; 25.56; 26.00; 27.00; 2019/07/01 22:00
21.87; 25.56; 25.56; 26.00; 26.93; 2019/07/01 22:30
21.37; 25.56; 25.50; 26.00; 26.87; 2019/07/01 23:00
21.00; 25.56; 25.50; 26.00; 26.87; 2019/07/01 23:30
20.50; 25.50; 25.50; 25.93; 26.81; 2019/07/02 00:00
19.93; 25.43; 25.43; 25.87; 26.75; 2019/07/02 00:30
19.37; 25.37; 25.43; 25.87; 26.68; 2019/07/02 01:00
19.06; 25.37; 25.37; 25.81; 26.62; 2019/07/02 01:30
18.43; 25.31; 25.37; 25.81; 26.62; 2019/07/02 02:00
17.81; 25.31; 25.31; 25.75; 26.56; 2019/07/02 02:30
17.37; 25.25; 25.25; 25.68; 26.50; 2019/07/02 03:00
16.50; 25.18; 25.25; 25.62; 26.50; 2019/07/02 03:30
16.56; 25.18; 25.18; 25.62; 26.37; 2019/07/02 04:00
16.25; 25.12; 25.12; 25.56; 26.37; 2019/07/02 04:30
15.75; 25.06; 25.12; 25.50; 26.31; 2019/07/02 05:00
15.93; 25.00; 25.06; 25.43; 26.25; 2019/07/02 05:30
15.37; 24.93; 25.00; 25.37; 26.18; 2019/07/02 06:00
15.18; 24.93; 24.93; 25.31; 26.12; 2019/07/02 06:30
15.37; 24.87; 24.93; 25.25; 26.12; 2019/07/02 07:00
15.68; 24.81; 24.87; 25.25; 26.06; 2019/07/02 07:30
16.50; 24.81; 24.87; 25.18; 26.00; 2019/07/02 08:00
17.93; 24.81; 24.87; 25.18; 26.00; 2019/07/02 08:30
18.75; 24.68; 24.75; 25.12; 26.00; 2019/07/02 09:00
18.75; 24.75; 24.81; 25.12; 25.93; 2019/07/02 09:30
19.56; 24.75; 24.81; 25.06; 25.93; 2019/07/02 10:00
19.50; 24.68; 24.75; 25.00; 26.06; 2019/07/02 10:30
20.00; 24.68; 24.75; 25.00; 26.06; 2019/07/02 11:00
20.50; 24.68; 24.75; 25.00; 26.12; 2019/07/02 11:30
21.25; 24.62; 24.68; 24.93; 26.37; 2019/07/02 12:00
22.12; 24.68; 24.75; 25.00; 26.50; 2019/07/02 12:30
21.93; 24.68; 24.68; 24.93; 26.56; 2019/07/02 13:00
23.25; 24.68; 24.68; 24.87; 26.62; 2019/07/02 13:30
23.12; 24.68; 24.68; 24.93; 26.62; 2019/07/02 14:00
23.37; 24.75; 24.75; 24.93; 26.75; 2019/07/02 14:30
23.43; 24.75; 24.75; 24.93; 26.68; 2019/07/02 15:00
24.56; 24.87; 24.81; 25.06; 26.68; 2019/07/02 15:30
23.75; 24.75; 24.75; 24.93; 26.56; 2019/07/02 16:00
25.12; 24.87; 24.75; 25.00; 26.50; 2019/07/02 16:30
24.37; 24.87; 24.81; 25.00; 26.37; 2019/07/02 17:00
24.81; 24.81; 24.75; 25.00; 26.31; 2019/07/02 17:30
23.87; 24.81; 24.75; 25.00; 26.31; 2019/07/02 18:00
25.37; 24.93; 24.87; 25.12; 26.31; 2019/07/02 18:30
24.62; 24.81; 24.75; 25.00; 26.25; 2019/07/02 19:00
23.87; 24.62; 24.68; 24.93; 26.18; 2019/07/02 19:30
23.56; 24.75; 24.68; 25.00; 26.18; 2019/07/02 20:00
23.06; 24.75; 24.62; 25.00; 26.12; 2019/07/02 20:30
22.43; 24.68; 24.62; 25.00; 26.00; 2019/07/02 21:00
21.87; 24.68; 24.62; 25.00; 26.00; 2019/07/02 21:30
21.56; 24.68; 24.62; 25.00; 25.93; 2019/07/02 22:00
20.87; 24.62; 24.62; 25.00; 25.87; 2019/07/02 22:30
20.31; 24.62; 24.56; 25.00; 25.87; 2019/07/02 23:00
19.87; 24.62; 24.56; 24.93; 25.81; 2019/07/02 23:30
19.12; 24.56; 24.56; 24.93; 25.81; 2019/07/03 00:00
18.81; 24.50; 24.50; 24.93; 25.75; 2019/07/03 00:30
18.25; 24.50; 24.50; 24.87; 25.68; 2019/07/03 01:00
17.62; 24.43; 24.43; 24.81; 25.68; 2019/07/03 01:30
17.12; 24.37; 24.43; 24.81; 25.62; 2019/07/03 02:00
17.00; 24.37; 24.37; 24.75; 25.56; 2019/07/03 02:30
16.37; 24.31; 24.37; 24.68; 25.56; 2019/07/03 03:00
15.93; 24.25; 24.31; 24.68; 25.50; 2019/07/03 03:30
15.50; 24.25; 24.31; 24.62; 25.43; 2019/07/03 04:00
15.25; 24.18; 24.25; 24.56; 25.37; 2019/07/03 04:30
15.25; 24.12; 24.18; 24.50; 25.37; 2019/07/03 05:00
15.18; 24.06; 24.18; 24.50; 25.31; 2019/07/03 05:30
14.75; 24.06; 24.12; 24.43; 25.25; 2019/07/03 06:00
14.87; 24.00; 24.06; 24.37; 25.18; 2019/07/03 06:30
14.75; 24.00; 24.06; 24.31; 25.18; 2019/07/03 07:00
14.68; 23.93; 24.00; 24.31; 25.12; 2019/07/03 07:30
15.50; 23.93; 24.00; 24.25; 25.12; 2019/07/03 08:00
16.68; 23.87; 23.93; 24.25; 25.06; 2019/07/03 08:30
17.56; 23.81; 23.93; 24.18; 25.06; 2019/07/03 09:00
18.43; 23.81; 23.87; 24.12; 25.06; 2019/07/03 09:30
19.00; 23.75; 23.87; 24.06; 25.12; 2019/07/03 10:00
19.37; 23.75; 23.87; 24.06; 25.25; 2019/07/03 10:30
19.50; 23.81; 23.81; 24.06; 25.25; 2019/07/03 11:00
20.43; 23.68; 23.81; 24.00; 25.37; 2019/07/03 11:30
20.25; 23.75; 23.81; 24.00; 25.43; 2019/07/03 12:00
21.00; 23.75; 23.81; 24.00; 25.56; 2019/07/03 12:30
21.00; 23.75; 23.75; 23.93; 25.43; 2019/07/03 13:00
21.12; 23.75; 23.75; 23.87; 25.56; 2019/07/03 13:30
21.50; 23.75; 23.75; 23.93; 25.50; 2019/07/03 14:00
21.37; 23.75; 23.75; 23.87; 25.56; 2019/07/03 14:30
22.56; 23.75; 23.81; 23.93; 25.62; 2019/07/03 15:00
22.06; 23.75; 23.75; 23.87; 25.50; 2019/07/03 15:30
22.06; 23.75; 23.75; 23.87; 25.50; 2019/07/03 16:00
23.00; 23.68; 23.75; 23.87; 25.43; 2019/07/03 16:30
23.50; 23.75; 23.75; 23.93; 25.43; 2019/07/03 17:00
24.00; 23.87; 23.81; 24.00; 25.37; 2019/07/03 17:30
24.12; 23.87; 23.87; 24.00; 25.31; 2019/07/03 18:00
24.06; 23.87; 23.81; 24.00; 25.25; 2019/07/03 18:30
24.18; 23.93; 23.87; 24.00; 25.25; 2019/07/03 19:00
22.68; 23.87; 23.75; 23.93; 25.25; 2019/07/03 19:30
22.00; 23.81; 23.75; 23.87; 25.18; 2019/07/03 20:00
21.75; 23.81; 23.68; 23.87; 25.12; 2019/07/03 20:30
21.00; 23.75; 23.68; 23.87; 25.06; 2019/07/03 21:00
20.50; 23.75; 23.68; 23.87; 25.00; 2019/07/03 21:30
19.43; 23.68; 23.68; 23.87; 25.00; 2019/07/03 22:00
19.43; 23.68; 23.62; 23.87; 24.93; 2019/07/03 22:30
18.81; 23.62; 23.62; 23.87; 24.87; 2019/07/03 23:00
18.43; 23.62; 23.62; 23.87; 24.87; 2019/07/03 23:30
17.62; 23.56; 23.56; 23.81; 24.81; 2019/07/04 00:00
17.37; 23.56; 23.56; 23.81; 24.75; 2019/07/04 00:30
16.50; 23.50; 23.56; 23.81; 24.75; 2019/07/04 01:00
16.50; 23.50; 23.50; 23.75; 24.68; 2019/07/04 01:30
16.31; 23.43; 23.50; 23.75; 24.62; 2019/07/04 02:00
15.87; 23.37; 23.43; 23.68; 24.62; 2019/07/04 02:30
15.81; 23.37; 23.43; 23.62; 24.56; 2019/07/04 03:00
15.18; 23.31; 23.37; 23.62; 24.56; 2019/07/04 03:30
14.93; 23.25; 23.31; 23.56; 24.50; 2019/07/04 04:00
14.68; 23.25; 23.31; 23.56; 24.43; 2019/07/04 04:30
14.37; 23.18; 23.25; 23.50; 24.37; 2019/07/04 05:00
13.81; 23.12; 23.25; 23.43; 24.31; 2019/07/04 05:30
13.56; 23.12; 23.18; 23.37; 24.31; 2019/07/04 06:00
13.31; 23.06; 23.12; 23.31; 24.25; 2019/07/04 06:30
12.87; 23.00; 23.06; 23.31; 24.18; 2019/07/04 07:00
12.87; 23.00; 23.06; 23.25; 24.18; 2019/07/04 07:30
14.00; 22.93; 23.00; 23.18; 24.12; 2019/07/04 08:00
15.43; 22.93; 23.00; 23.18; 24.06; 2019/07/04 08:30
16.31; 22.87; 23.00; 23.12; 24.06; 2019/07/04 09:00
16.37; 22.87; 22.93; 23.06; 24.06; 2019/07/04 09:30
17.31; 22.81; 22.93; 23.06; 24.12; 2019/07/04 10:00
18.12; 22.87; 22.93; 23.06; 24.31; 2019/07/04 10:30
18.56; 22.81; 22.87; 23.00; 24.50; 2019/07/04 11:00
19.56; 22.87; 22.87; 23.00; 24.68; 2019/07/04 11:30
20.06; 22.81; 22.87; 23.00; 24.87; 2019/07/04 12:00
20.50; 22.81; 22.87; 22.93; 25.06; 2019/07/04 12:30
21.25; 22.87; 22.87; 23.00; 25.18; 2019/07/04 13:00
21.93; 23.00; 22.93; 23.00; 25.31; 2019/07/04 13:30
22.18; 23.12; 23.00; 23.06; 25.37; 2019/07/04 14:00
22.68; 23.37; 23.06; 23.12; 25.43; 2019/07/04 14:30
23.31; 23.43; 23.12; 23.25; 25.37; 2019/07/04 15:00
23.75; 23.43; 23.18; 23.31; 25.31; 2019/07/04 15:30
23.81; 23.56; 23.18; 23.37; 25.18; 2019/07/04 16:00
24.12; 23.56; 23.18; 23.25; 25.06; 2019/07/04 16:30
24.62; 23.50; 23.18; 23.50; 25.00; 2019/07/04 17:00
25.18; 23.62; 23.25; 23.56; 24.93; 2019/07/04 17:30
25.50; 23.62; 23.25; 23.50; 24.87; 2019/07/04 18:00
25.62; 23.68; 23.31; 23.62; 24.87; 2019/07/04 18:30
25.06; 23.50; 23.25; 23.43; 24.81; 2019/07/04 19:00
24.00; 23.43; 23.18; 23.31; 24.81; 2019/07/04 19:30
23.56; 23.37; 23.12; 23.31; 24.75; 2019/07/04 20:00
23.18; 23.31; 23.06; 23.31; 24.68; 2019/07/04 20:30
22.75; 23.18; 23.06; 23.37; 24.68; 2019/07/04 21:00
22.25; 23.18; 23.06; 23.43; 24.62; 2019/07/04 21:30
21.75; 23.12; 23.06; 23.50; 24.56; 2019/07/04 22:00
21.06; 23.12; 23.00; 23.43; 24.56; 2019/07/04 22:30
20.37; 23.06; 23.00; 23.43; 24.50; 2019/07/04 23:00
19.62; 23.06; 23.00; 23.43; 24.43; 2019/07/04 23:30
19.18; 23.00; 23.00; 23.37; 24.43; 2019/07/05 00:00
18.68; 22.93; 22.93; 23.37; 24.37; 2019/07/05 00:30
18.43; 22.93; 22.93; 23.37; 24.31; 2019/07/05 01:00
18.31; 22.93; 22.93; 23.31; 24.31; 2019/07/05 01:30
17.87; 22.87; 22.93; 23.31; 24.25; 2019/07/05 02:00
17.68; 22.87; 22.87; 23.31; 24.25; 2019/07/05 02:30
17.75; 22.81; 22.87; 23.25; 24.18; 2019/07/05 03:00
17.68; 22.81; 22.87; 23.25; 24.18; 2019/07/05 03:30
17.43; 22.81; 22.81; 23.25; 24.12; 2019/07/05 04:00
17.43; 22.75; 22.81; 23.18; 24.12; 2019/07/05 04:30
17.37; 22.75; 22.81; 23.18; 24.06; 2019/07/05 05:00
17.50; 22.75; 22.75; 23.12; 24.06; 2019/07/05 05:30
17.31; 22.68; 22.75; 23.12; 24.00; 2019/07/05 06:00
17.25; 22.68; 22.75; 23.06; 23.93; 2019/07/05 06:30
17.56; 22.68; 22.75; 23.06; 23.93; 2019/07/05 07:00
17.93; 22.62; 22.68; 23.00; 23.93; 2019/07/05 07:30
18.43; 22.62; 22.68; 23.00; 23.93; 2019/07/05 08:00
19.18; 22.62; 22.68; 23.00; 23.87; 2019/07/05 08:30
19.31; 22.68; 22.68; 23.00; 23.87; 2019/07/05 09:00
19.75; 22.68; 22.68; 23.00; 23.93; 2019/07/05 09:30
19.93; 22.62; 22.68; 23.00; 23.93; 2019/07/05 10:00
20.25; 22.68; 22.68; 23.00; 23.93; 2019/07/05 10:30
21.25; 22.68; 22.68; 23.00; 24.18; 2019/07/05 11:00
21.62; 22.68; 22.68; 23.00; 24.25; 2019/07/05 11:30
21.62; 22.68; 22.75; 23.00; 24.25; 2019/07/05 12:00
22.18; 22.75; 22.75; 23.00; 24.25; 2019/07/05 12:30
23.25; 22.93; 22.87; 23.12; 24.56; 2019/07/05 13:00
23.62; 23.06; 22.87; 23.18; 24.62; 2019/07/05 13:30
24.37; 23.37; 23.06; 23.43; 24.81; 2019/07/05 14:00
24.37; 23.37; 23.06; 23.56; 24.87; 2019/07/05 14:30
24.93; 23.50; 23.18; 23.68; 24.93; 2019/07/05 15:00
25.43; 23.50; 23.18; 23.75; 24.87; 2019/07/05 15:30
25.75; 23.75; 23.25; 23.87; 24.87; 2019/07/05 16:00
26.06; 23.68; 23.25; 23.93; 24.81; 2019/07/05 16:30
26.25; 23.75; 23.31; 24.00; 24.68; 2019/07/05 17:00
26.37; 23.75; 23.37; 24.00; 24.68; 2019/07/05 17:30
26.75; 25.18; 24.93; 24.31; 24.62; 2019/07/05 18:00
26.68; 25.93; 25.56; 25.06; 25.43; 2019/07/05 18:30
26.50; 26.25; 26.37; 25.68; 26.06; 2019/07/05 19:00
26.06; 25.62; 25.62; 25.06; 26.00; 2019/07/05 19:30
25.50; 25.31; 24.93; 24.62; 25.68; 2019/07/05 20:00
24.62; 24.50; 24.25; 24.43; 25.50; 2019/07/05 20:30
24.50; 24.25; 24.00; 24.43; 25.18; 2019/07/05 21:00
23.93; 24.00; 23.75; 24.31; 25.06; 2019/07/05 21:30
23.18; 23.81; 23.62; 24.18; 24.87; 2019/07/05 22:00
22.68; 23.68; 23.56; 24.12; 24.75; 2019/07/05 22:30
21.87; 23.62; 23.50; 24.06; 24.68; 2019/07/05 23:00
21.18; 23.56; 23.50; 24.00; 24.62; 2019/07/05 23:30
20.50; 23.50; 23.43; 23.93; 24.56; 2019/07/06 00:00
20.00; 23.43; 23.37; 23.93; 24.50; 2019/07/06 00:30
19.25; 23.43; 23.37; 23.87; 24.50; 2019/07/06 01:00
18.75; 23.31; 23.31; 23.81; 24.43; 2019/07/06 01:30
18.50; 23.31; 23.31; 23.75; 24.37; 2019/07/06 02:00
17.93; 23.25; 23.25; 23.75; 24.37; 2019/07/06 02:30
17.56; 23.18; 23.25; 23.68; 24.31; 2019/07/06 03:00
16.87; 23.12; 23.18; 23.62; 24.31; 2019/07/06 03:30
17.00; 23.12; 23.18; 23.56; 24.25; 2019/07/06 04:00
16.56; 23.06; 23.12; 23.56; 24.18; 2019/07/06 04:30
16.25; 23.00; 23.12; 23.50; 24.18; 2019/07/06 05:00
16.18; 23.00; 23.06; 23.43; 24.12; 2019/07/06 05:30
15.81; 22.93; 23.06; 23.37; 24.12; 2019/07/06 06:00
15.75; 22.93; 23.00; 23.37; 24.06; 2019/07/06 06:30
16.00; 22.87; 23.00; 23.31; 24.06; 2019/07/06 07:00
16.31; 22.81; 22.93; 23.25; 24.00; 2019/07/06 07:30
17.25; 22.81; 22.93; 23.25; 24.00; 2019/07/06 08:00
18.37; 22.81; 22.93; 23.25; 23.93; 2019/07/06 08:30
19.81; 22.81; 22.93; 23.18; 23.93; 2019/07/06 09:00
19.81; 22.87; 22.93; 23.25; 24.00; 2019/07/06 09:30
20.31; 22.87; 22.93; 23.18; 24.00; 2019/07/06 10:00
20.81; 22.87; 22.93; 23.18; 24.06; 2019/07/06 10:30
21.56; 22.87; 22.93; 23.18; 24.12; 2019/07/06 11:00
21.68; 22.87; 22.93; 23.18; 24.12; 2019/07/06 11:30
22.87; 22.93; 22.93; 23.18; 24.31; 2019/07/06 12:00
24.18; 23.12; 23.06; 23.31; 24.50; 2019/07/06 12:30
24.93; 23.31; 23.12; 23.43; 24.68; 2019/07/06 13:00
24.81; 23.50; 23.25; 23.56; 24.62; 2019/07/06 13:30
25.25; 23.62; 23.25; 23.68; 24.62; 2019/07/06 14:00
24.81; 23.43; 23.18; 23.56; 24.56; 2019/07/06 14:30
25.31; 23.68; 23.31; 23.81; 24.56; 2019/07/06 15:00
26.18; 23.93; 23.43; 24.00; 24.68; 2019/07/06 15:30
26.18; 23.93; 23.50; 24.12; 24.68; 2019/07/06 16:00
26.31; 23.87; 23.50; 24.06; 24.68; 2019/07/06 16:30
26.62; 23.93; 23.50; 24.12; 24.68; 2019/07/06 17:00
26.93; 24.00; 23.62; 24.25; 24.62; 2019/07/06 17:30
26.06; 23.87; 23.56; 24.18; 24.68; 2019/07/06 18:00
26.06; 23.87; 23.56; 24.00; 24.62; 2019/07/06 18:30
24.87; 23.62; 23.43; 23.81; 24.62; 2019/07/06 19:00
23.37; 23.37; 23.31; 23.68; 24.62; 2019/07/06 19:30
22.68; 23.31; 23.25; 23.62; 24.56; 2019/07/06 20:00
22.12; 23.25; 23.25; 23.56; 24.50; 2019/07/06 20:30
21.00; 23.18; 23.18; 23.50; 24.50; 2019/07/06 21:00
20.31; 23.18; 23.18; 23.56; 24.43; 2019/07/06 21:30
19.00; 23.18; 23.18; 23.56; 24.43; 2019/07/06 22:00
18.93; 23.12; 23.18; 23.56; 24.43; 2019/07/06 22:30
19.00; 23.12; 23.12; 23.50; 24.37; 2019/07/06 23:00
18.56; 23.06; 23.12; 23.50; 24.37; 2019/07/06 23:30
18.43; 23.06; 23.12; 23.50; 24.37; 2019/07/07 00:00
18.12; 23.06; 23.12; 23.50; 24.31; 2019/07/07 00:30
18.00; 23.00; 23.12; 23.43; 24.31; 2019/07/07 01:00
17.87; 23.00; 23.06; 23.43; 24.25; 2019/07/07 01:30
17.50; 22.93; 23.06; 23.37; 24.25; 2019/07/07 02:00
17.56; 22.93; 23.00; 23.37; 24.18; 2019/07/07 02:30
17.37; 22.93; 23.00; 23.31; 24.18; 2019/07/07 03:00
17.18; 22.87; 23.00; 23.31; 24.12; 2019/07/07 03:30
17.00; 22.87; 23.00; 23.25; 24.12; 2019/07/07 04:00
17.12; 22.81; 22.93; 23.18; 24.06; 2019/07/07 04:30
16.68; 22.81; 22.93; 23.25; 24.06; 2019/07/07 05:00
16.12; 22.75; 22.87; 23.18; 24.00; 2019/07/07 05:30
16.00; 22.75; 22.87; 23.12; 24.00; 2019/07/07 06:00
16.06; 22.68; 22.81; 23.12; 23.93; 2019/07/07 06:30
16.18; 22.68; 22.81; 23.06; 23.93; 2019/07/07 07:00
16.37; 22.68; 22.75; 23.06; 23.87; 2019/07/07 07:30
16.37; 22.62; 22.75; 23.00; 23.87; 2019/07/07 08:00
16.75; 22.62; 22.75; 23.00; 23.87; 2019/07/07 08:30
17.06; 22.62; 22.68; 22.93; 23.87; 2019/07/07 09:00
17.12; 22.50; 22.62; 22.87; 23.87; 2019/07/07 09:30
17.43; 22.43; 22.56; 22.87; 23.87; 2019/07/07 10:00
18.12; 22.43; 22.56; 22.81; 23.93; 2019/07/07 10:30
18.06; 22.37; 22.50; 22.81; 23.93; 2019/07/07 11:00
18.18; 22.43; 22.56; 22.75; 24.00; 2019/07/07 11:30
18.56; 22.37; 22.56; 22.81; 24.00; 2019/07/07 12:00
19.12; 22.43; 22.50; 22.75; 24.00; 2019/07/07 12:30
19.12; 22.37; 22.50; 22.68; 23.93; 2019/07/07 13:00
18.75; 22.37; 22.50; 22.68; 23.93; 2019/07/07 13:30
19.56; 22.31; 22.43; 22.62; 24.06; 2019/07/07 14:00
20.18; 22.37; 22.50; 22.75; 24.12; 2019/07/07 14:30
19.68; 22.37; 22.43; 22.62; 24.06; 2019/07/07 15:00
20.37; 22.31; 22.43; 22.68; 24.00; 2019/07/07 15:30
21.12; 22.43; 22.50; 22.68; 24.06; 2019/07/07 16:00
20.62; 22.43; 22.50; 22.68; 24.06; 2019/07/07 16:30
20.93; 22.31; 22.43; 22.68; 24.00; 2019/07/07 17:00
21.00; 22.37; 22.43; 22.68; 24.00; 2019/07/07 17:30
21.56; 22.43; 22.50; 22.68; 23.93; 2019/07/07 18:00
21.12; 22.43; 22.43; 22.68; 23.93; 2019/07/07 18:30
20.50; 22.37; 22.43; 22.62; 23.87; 2019/07/07 19:00
20.18; 22.37; 22.43; 22.62; 23.87; 2019/07/07 19:30
20.00; 22.37; 22.37; 22.62; 23.81; 2019/07/07 20:00
20.06; 22.37; 22.37; 22.62; 23.75; 2019/07/07 20:30
19.50; 22.31; 22.37; 22.62; 23.75; 2019/07/07 21:00
19.25; 22.37; 22.37; 22.62; 23.68; 2019/07/07 21:30
18.43; 22.25; 22.31; 22.56; 23.62; 2019/07/07 22:00
18.37; 22.31; 22.31; 22.56; 23.62; 2019/07/07 22:30
18.06; 22.31; 22.31; 22.56; 23.56; 2019/07/07 23:00
17.43; 22.25; 22.31; 22.56; 23.56; 2019/07/07 23:30
16.75; 22.25; 22.31; 22.56; 23.50; 2019/07/08 00:00
16.62; 22.18; 22.25; 22.50; 23.50; 2019/07/08 00:30
15.81; 22.18; 22.25; 22.50; 23.43; 2019/07/08 01:00
15.37; 22.12; 22.18; 22.50; 23.37; 2019/07/08 01:30
14.81; 22.06; 22.18; 22.43; 23.37; 2019/07/08 02:00
14.00; 22.06; 22.12; 22.43; 23.31; 2019/07/08 02:30
14.00; 22.00; 22.12; 22.37; 23.31; 2019/07/08 03:00
13.62; 22.00; 22.06; 22.31; 23.25; 2019/07/08 03:30
13.25; 21.93; 22.06; 22.31; 23.18; 2019/07/08 04:00
13.06; 21.87; 22.00; 22.25; 23.18; 2019/07/08 04:30
12.50; 21.87; 21.93; 22.18; 23.12; 2019/07/08 05:00
12.12; 21.81; 21.93; 22.12; 23.06; 2019/07/08 05:30
12.00; 21.75; 21.87; 22.12; 23.00; 2019/07/08 06:00
11.68; 21.68; 21.81; 22.06; 22.93; 2019/07/08 06:30
12.06; 21.68; 21.81; 22.00; 22.93; 2019/07/08 07:00
12.56; 21.62; 21.75; 21.93; 22.87; 2019/07/08 07:30
13.25; 21.62; 21.75; 21.93; 22.87; 2019/07/08 08:00
14.25; 21.62; 21.68; 21.87; 22.87; 2019/07/08 08:30
15.06; 21.56; 21.68; 21.87; 22.81; 2019/07/08 09:00
15.56; 21.56; 21.62; 21.81; 22.81; 2019/07/08 09:30
15.56; 21.56; 21.62; 21.81; 22.81; 2019/07/08 10:00
16.31; 21.50; 21.62; 21.81; 22.81; 2019/07/08 10:30
16.25; 21.50; 21.56; 21.75; 22.75; 2019/07/08 11:00
16.75; 21.50; 21.56; 21.68; 22.75; 2019/07/08 11:30
17.12; 21.43; 21.56; 21.68; 22.87; 2019/07/08 12:00
17.00; 21.50; 21.56; 21.68; 22.75; 2019/07/08 12:30
17.12; 21.43; 21.50; 21.62; 22.81; 2019/07/08 13:00
17.18; 21.37; 21.50; 21.62; 22.75; 2019/07/08 13:30
18.18; 21.43; 21.50; 21.62; 22.81; 2019/07/08 14:00
17.50; 21.43; 21.50; 21.56; 22.68; 2019/07/08 14:30
17.93; 21.43; 21.50; 21.56; 22.68; 2019/07/08 15:00
18.00; 21.37; 21.43; 21.56; 22.68; 2019/07/08 15:30
17.87; 21.37; 21.43; 21.56; 22.68; 2019/07/08 16:00
17.87; 21.37; 21.43; 21.50; 22.62; 2019/07/08 16:30
18.37; 21.37; 21.43; 21.50; 22.68; 2019/07/08 17:00
18.56; 21.37; 21.37; 21.50; 22.62; 2019/07/08 17:30
18.00; 21.31; 21.37; 21.50; 22.56; 2019/07/08 18:00
18.00; 21.31; 21.37; 21.50; 22.56; 2019/07/08 18:30
18.00; 21.31; 21.37; 21.43; 22.56; 2019/07/08 19:00
17.62; 21.31; 21.31; 21.43; 22.50; 2019/07/08 19:30
17.62; 21.31; 21.31; 21.43; 22.50; 2019/07/08 20:00
17.93; 21.31; 21.31; 21.43; 22.43; 2019/07/08 20:30
17.75; 21.25; 21.31; 21.43; 22.43; 2019/07/08 21:00
17.43; 21.25; 21.31; 21.37; 22.37; 2019/07/08 21:30
17.31; 21.25; 21.31; 21.37; 22.37; 2019/07/08 22:00
16.87; 21.25; 21.25; 21.37; 22.31; 2019/07/08 22:30
16.43; 21.18; 21.25; 21.37; 22.31; 2019/07/08 23:00
15.93; 21.18; 21.25; 21.31; 22.25; 2019/07/08 23:30
15.50; 21.12; 21.18; 21.31; 22.18; 2019/07/09 00:00
15.18; 21.12; 21.18; 21.31; 22.18; 2019/07/09 00:30
14.87; 21.06; 21.12; 21.25; 22.18; 2019/07/09 01:00
14.37; 21.06; 21.12; 21.25; 22.12; 2019/07/09 01:30
14.00; 21.00; 21.06; 21.18; 22.06; 2019/07/09 02:00
13.50; 21.00; 21.06; 21.18; 22.06; 2019/07/09 02:30
13.12; 20.93; 21.00; 21.12; 22.00; 2019/07/09 03:00
12.93; 20.93; 21.00; 21.12; 22.00; 2019/07/09 03:30
13.25; 20.87; 20.93; 21.06; 21.93; 2019/07/09 04:00
13.25; 20.81; 20.93; 21.06; 21.93; 2019/07/09 04:30
13.18; 20.81; 20.87; 21.00; 21.87; 2019/07/09 05:00
13.56; 20.81; 20.87; 21.00; 21.81; 2019/07/09 05:30
13.43; 20.75; 20.81; 20.93; 21.81; 2019/07/09 06:00
13.31; 20.75; 20.81; 20.87; 21.75; 2019/07/09 06:30
13.68; 20.68; 20.81; 20.87; 21.75; 2019/07/09 07:00
14.06; 20.68; 20.75; 20.81; 21.68; 2019/07/09 07:30
14.81; 20.68; 20.75; 20.81; 21.68; 2019/07/09 08:00
15.00; 20.62; 20.75; 20.81; 21.68; 2019/07/09 08:30
15.31; 20.62; 20.68; 20.75; 21.68; 2019/07/09 09:00
15.68; 20.56; 20.62; 20.68; 21.62; 2019/07/09 09:30
15.75; 20.56; 20.62; 20.68; 21.62; 2019/07/09 10:00
16.68; 20.56; 20.62; 20.62; 21.68; 2019/07/09 10:30
16.31; 20.56; 20.62; 20.62; 21.68; 2019/07/09 11:00
16.68; 20.50; 20.56; 20.56; 21.68; 2019/07/09 11:30
17.06; 20.50; 20.56; 20.62; 21.62; 2019/07/09 12:00
17.62; 20.50; 20.56; 20.56; 21.68; 2019/07/09 12:30
17.56; 20.50; 20.56; 20.56; 21.75; 2019/07/09 13:00
19.12; 20.50; 20.62; 20.62; 21.87; 2019/07/09 13:30
18.56; 20.43; 20.50; 20.56; 21.87; 2019/07/09 14:00
19.00; 20.50; 20.50; 20.56; 21.93; 2019/07/09 14:30
19.68; 20.62; 20.62; 20.62; 22.00; 2019/07/09 15:00
20.25; 20.75; 20.62; 20.62; 22.00; 2019/07/09 15:30
20.75; 20.68; 20.68; 20.68; 22.00; 2019/07/09 16:00
20.87; 20.87; 20.75; 20.68; 22.00; 2019/07/09 16:30
20.31; 20.75; 20.68; 20.56; 21.93; 2019/07/09 17:00
20.37; 20.75; 20.62; 20.62; 21.87; 2019/07/09 17:30
20.62; 20.68; 20.62; 20.62; 21.81; 2019/07/09 18:00
20.56; 20.68; 20.62; 20.62; 21.81; 2019/07/09 18:30
21.62; 21.18; 20.87; 20.75; 21.87; 2019/07/09 19:00
21.12; 23.31; 23.68; 22.06; 21.87; 2019/07/09 19:30
20.00; 21.12; 21.06; 21.00; 21.75; 2019/07/09 20:00
19.68; 20.93; 20.87; 20.87; 21.75; 2019/07/09 20:30
19.43; 20.87; 20.81; 20.81; 21.68; 2019/07/09 21:00
18.87; 20.81; 20.75; 20.75; 21.68; 2019/07/09 21:30
18.31; 20.75; 20.75; 20.75; 21.62; 2019/07/09 22:00
17.37; 20.68; 20.68; 20.75; 21.62; 2019/07/09 22:30
16.81; 20.62; 20.62; 20.75; 21.56; 2019/07/09 23:00
16.25; 20.62; 20.62; 20.75; 21.56; 2019/07/09 23:30
15.93; 20.62; 20.62; 20.75; 21.50; 2019/07/10 00:00
15.43; 20.56; 20.56; 20.75; 21.50; 2019/07/10 00:30
14.87; 20.50; 20.56; 20.68; 21.43; 2019/07/10 01:00
14.56; 20.50; 20.50; 20.68; 21.43; 2019/07/10 01:30
13.87; 20.43; 20.50; 20.68; 21.37; 2019/07/10 02:00
13.50; 20.37; 20.50; 20.68; 21.37; 2019/07/10 02:30
12.93; 20.37; 20.43; 20.62; 21.31; 2019/07/10 03:00
12.68; 20.31; 20.43; 20.62; 21.31; 2019/07/10 03:30
12.25; 20.25; 20.37; 20.56; 21.25; 2019/07/10 04:00
11.93; 20.25; 20.31; 20.56; 21.18; 2019/07/10 04:30
11.68; 20.18; 20.31; 20.50; 21.18; 2019/07/10 05:00
11.37; 20.12; 20.25; 20.43; 21.12; 2019/07/10 05:30
11.12; 20.12; 20.25; 20.37; 21.12; 2019/07/10 06:00
10.93; 20.06; 20.18; 20.37; 21.06; 2019/07/10 06:30
11.31; 20.00; 20.12; 20.31; 21.06; 2019/07/10 07:00
11.43; 20.00; 20.12; 20.25; 21.00; 2019/07/10 07:30
12.06; 19.93; 20.06; 20.25; 20.93; 2019/07/10 08:00
12.93; 19.93; 20.06; 20.18; 20.93; 2019/07/10 08:30
14.25; 20.00; 20.06; 20.18; 20.93; 2019/07/10 09:00
15.12; 20.00; 20.06; 20.18; 20.93; 2019/07/10 09:30
16.00; 20.00; 20.06; 20.12; 21.00; 2019/07/10 10:00
16.87; 20.00; 20.06; 20.12; 21.06; 2019/07/10 10:30
17.87; 20.00; 20.06; 20.12; 21.25; 2019/07/10 11:00
18.31; 20.00; 20.06; 20.12; 21.37; 2019/07/10 11:30
18.56; 20.06; 20.06; 20.06; 21.37; 2019/07/10 12:00
19.81; 20.00; 20.06; 20.12; 21.50; 2019/07/10 12:30
20.06; 20.25; 20.12; 20.12; 21.68; 2019/07/10 13:00
20.56; 20.56; 20.25; 20.37; 21.81; 2019/07/10 13:30
22.12; 20.87; 20.43; 20.68; 22.06; 2019/07/10 14:00
21.81; 20.75; 20.43; 20.62; 22.06; 2019/07/10 14:30
21.68; 20.81; 20.43; 20.62; 21.93; 2019/07/10 15:00
22.87; 20.87; 20.50; 20.62; 21.87; 2019/07/10 15:30
22.81; 21.12; 20.62; 20.87; 21.87; 2019/07/10 16:00
22.37; 20.93; 20.50; 20.87; 21.81; 2019/07/10 16:30
22.25; 20.81; 20.43; 20.75; 21.75; 2019/07/10 17:00
21.93; 20.81; 20.43; 20.68; 21.68; 2019/07/10 17:30
21.43; 20.68; 20.43; 20.56; 21.68; 2019/07/10 18:00
21.43; 20.68; 20.37; 20.62; 21.62; 2019/07/10 18:30
21.18; 20.62; 20.37; 20.56; 21.62; 2019/07/10 19:00
20.87; 20.56; 20.37; 20.56; 21.56; 2019/07/10 19:30
20.43; 20.50; 20.31; 20.56; 21.56; 2019/07/10 20:00
18.93; 20.31; 20.25; 20.56; 21.50; 2019/07/10 20:30
17.93; 20.31; 20.25; 20.68; 21.50; 2019/07/10 21:00
17.37; 20.31; 20.25; 20.62; 21.50; 2019/07/10 21:30
17.25; 20.25; 20.25; 20.62; 21.43; 2019/07/10 22:00
16.87; 20.25; 20.25; 20.62; 21.43; 2019/07/10 22:30
16.56; 20.25; 20.25; 20.62; 21.37; 2019/07/10 23:00
16.37; 20.18; 20.25; 20.62; 21.37; 2019/07/10 23:30
16.43; 20.18; 20.25; 20.56; 21.37; 2019/07/11 00:00
16.50; 20.18; 20.25; 20.62; 21.37; 2019/07/11 00:30
16.31; 20.18; 20.18; 20.56; 21.31; 2019/07/11 01:00
16.37; 20.12; 20.18; 20.56; 21.31; 2019/07/11 01:30
16.25; 20.12; 20.18; 20.56; 21.31; 2019/07/11 02:00
16.31; 20.12; 20.18; 20.56; 21.25; 2019/07/11 02:30
16.06; 20.12; 20.18; 20.56; 21.25; 2019/07/11 03:00
16.06; 20.12; 20.18; 20.50; 21.25; 2019/07/11 03:30
16.25; 20.06; 20.18; 20.50; 21.18; 2019/07/11 04:00
16.12; 20.06; 20.12; 20.50; 21.18; 2019/07/11 04:30
16.06; 20.06; 20.12; 20.43; 21.18; 2019/07/11 05:00
16.31; 20.06; 20.12; 20.43; 21.12; 2019/07/11 05:30
16.25; 20.06; 20.12; 20.43; 21.12; 2019/07/11 06:00
16.25; 20.06; 20.12; 20.43; 21.12; 2019/07/11 06:30
16.25; 20.06; 20.12; 20.37; 21.12; 2019/07/11 07:00
16.18; 20.00; 20.12; 20.37; 21.06; 2019/07/11 07:30
16.12; 20.00; 20.06; 20.37; 21.06; 2019/07/11 08:00
16.25; 20.00; 20.06; 20.37; 21.06; 2019/07/11 08:30
16.43; 20.00; 20.06; 20.37; 21.06; 2019/07/11 09:00
16.50; 20.00; 20.06; 20.31; 21.06; 2019/07/11 09:30
16.68; 20.00; 20.06; 20.31; 21.00; 2019/07/11 10:00
17.06; 20.00; 20.06; 20.31; 21.06; 2019/07/11 10:30
17.93; 20.00; 20.06; 20.37; 21.12; 2019/07/11 11:00
18.31; 20.06; 20.06; 20.37; 21.12; 2019/07/11 11:30
18.62; 20.06; 20.06; 20.31; 21.18; 2019/07/11 12:00
18.56; 20.06; 20.06; 20.31; 21.12; 2019/07/11 12:30
18.87; 20.06; 20.06; 20.31; 21.12; 2019/07/11 13:00
19.18; 20.06; 20.12; 20.31; 21.18; 2019/07/11 13:30
20.12; 20.18; 20.12; 20.37; 21.25; 2019/07/11 14:00
20.81; 20.31; 20.18; 20.56; 21.31; 2019/07/11 14:30
21.25; 20.43; 20.25; 20.68; 21.37; 2019/07/11 15:00
21.75; 20.37; 20.25; 20.62; 21.50; 2019/07/11 15:30
22.25; 20.62; 20.37; 20.87; 21.50; 2019/07/11 16:00
22.37; 20.56; 20.37; 20.81; 21.50; 2019/07/11 16:30
22.31; 20.56; 20.37; 20.81; 21.43; 2019/07/11 17:00
22.18; 20.50; 20.31; 20.81; 21.43; 2019/07/11 17:30
19.68; 20.37; 20.31; 20.62; 21.37; 2019/07/11 18:00
21.06; 20.43; 20.43; 20.68; 21.37; 2019/07/11 18:30
21.31; 20.62; 20.43; 20.87; 21.43; 2019/07/11 19:00
20.75; 20.56; 20.37; 20.81; 21.37; 2019/07/11 19:30
20.37; 20.50; 20.37; 20.81; 21.37; 2019/07/11 20:00
19.93; 20.37; 20.31; 20.75; 21.31; 2019/07/11 20:30
19.25; 20.31; 20.31; 20.68; 21.31; 2019/07/11 21:00
19.25; 20.31; 20.31; 20.62; 21.25; 2019/07/11 21:30
19.12; 20.31; 20.31; 20.62; 21.25; 2019/07/11 22:00
18.81; 20.31; 20.31; 20.56; 21.25; 2019/07/11 22:30
18.56; 20.31; 20.31; 20.62; 21.25; 2019/07/11 23:00
18.31; 20.31; 20.31; 20.62; 21.18; 2019/07/11 23:30
18.18; 20.25; 20.31; 20.62; 21.18; 2019/07/12 00:00
18.00; 20.25; 20.31; 20.62; 21.18; 2019/07/12 00:30
17.81; 20.25; 20.31; 20.62; 21.18; 2019/07/12 01:00
17.50; 20.25; 20.31; 20.62; 21.18; 2019/07/12 01:30
17.25; 20.18; 20.31; 20.56; 21.12; 2019/07/12 02:00
16.93; 20.18; 20.25; 20.56; 21.12; 2019/07/12 02:30
16.56; 20.18; 20.25; 20.56; 21.12; 2019/07/12 03:00
16.56; 20.18; 20.25; 20.56; 21.12; 2019/07/12 03:30
16.31; 20.12; 20.25; 20.50; 21.06; 2019/07/12 04:00
16.06; 20.12; 20.18; 20.43; 21.06; 2019/07/12 04:30
16.00; 20.12; 20.18; 20.43; 21.06; 2019/07/12 05:00
15.68; 20.06; 20.18; 20.43; 21.00; 2019/07/12 05:30
15.50; 20.06; 20.12; 20.43; 21.00; 2019/07/12 06:00
15.50; 20.06; 20.12; 20.37; 21.00; 2019/07/12 06:30
15.50; 20.00; 20.12; 20.37; 20.93; 2019/07/12 07:00
15.56; 20.00; 20.12; 20.37; 20.93; 2019/07/12 07:30
16.12; 20.00; 20.12; 20.37; 20.93; 2019/07/12 08:00
16.75; 20.00; 20.12; 20.31; 20.93; 2019/07/12 08:30
17.18; 20.00; 20.12; 20.31; 20.93; 2019/07/12 09:00
18.06; 20.06; 20.12; 20.31; 21.00; 2019/07/12 09:30
19.00; 20.06; 20.12; 20.31; 21.00; 2019/07/12 10:00
19.56; 20.06; 20.12; 20.37; 21.06; 2019/07/12 10:30
19.87; 20.18; 20.18; 20.37; 21.12; 2019/07/12 11:00
19.93; 20.18; 20.18; 20.37; 21.12; 2019/07/12 11:30
21.06; 20.25; 20.25; 20.43; 21.25; 2019/07/12 12:00
22.37; 20.56; 20.31; 20.68; 21.43; 2019/07/12 12:30
22.06; 20.68; 20.43; 20.75; 21.43; 2019/07/12 13:00
23.18; 21.00; 20.62; 21.12; 21.68; 2019/07/12 13:30
23.75; 21.31; 20.75; 21.43; 21.81; 2019/07/12 14:00
23.62; 21.00; 20.62; 21.31; 21.93; 2019/07/12 14:30
23.31; 21.25; 20.81; 21.31; 21.81; 2019/07/12 15:00
23.87; 21.43; 20.93; 21.50; 21.87; 2019/07/12 15:30
22.87; 21.18; 20.81; 21.25; 21.75; 2019/07/12 16:00
23.87; 21.25; 20.81; 21.50; 21.81; 2019/07/12 16:30
22.43; 21.06; 20.68; 21.25; 21.75; 2019/07/12 17:00
21.62; 20.81; 20.68; 21.00; 21.75; 2019/07/12 17:30
20.87; 20.68; 20.68; 21.00; 21.68; 2019/07/12 18:00
20.25; 20.68; 20.81; 20.93; 21.68; 2019/07/12 18:30
21.50; 22.56; 23.43; 21.87; 22.68; 2019/07/12 19:00
21.43; 23.50; 23.43; 23.06; 23.00; 2019/07/12 19:30
20.75; 22.37; 22.25; 22.56; 22.81; 2019/07/12 20:00
19.62; 23.06; 22.93; 22.62; 22.68; 2019/07/12 20:30
19.37; 22.81; 22.62; 22.18; 22.93; 2019/07/12 21:00
19.62; 21.93; 21.75; 22.06; 22.37; 2019/07/12 21:30
19.18; 22.81; 22.75; 22.31; 22.25; 2019/07/12 22:00
18.93; 23.31; 23.18; 22.75; 22.18; 2019/07/12 22:30
18.43; 23.56; 23.37; 23.00; 22.18; 2019/07/12 23:00
18.50; 23.87; 23.56; 23.06; 22.12; 2019/07/12 23:30
18.25; 22.50; 22.50; 22.43; 22.12; 2019/07/13 00:00
18.18; 21.93; 21.87; 22.00; 22.00; 2019/07/13 00:30
18.25; 21.62; 21.56; 22.00; 21.93; 2019/07/13 01:00
17.81; 21.43; 21.43; 21.81; 21.87; 2019/07/13 01:30
17.62; 21.31; 21.31; 21.75; 21.81; 2019/07/13 02:00
17.56; 21.25; 21.25; 21.62; 21.81; 2019/07/13 02:30
17.37; 21.18; 21.18; 21.56; 21.75; 2019/07/13 03:00
17.50; 21.12; 21.18; 21.50; 21.75; 2019/07/13 03:30
17.43; 21.06; 21.12; 21.43; 21.68; 2019/07/13 04:00
17.37; 21.00; 21.06; 21.37; 21.68; 2019/07/13 04:30
17.43; 21.00; 21.06; 21.31; 21.68; 2019/07/13 05:00
17.43; 20.93; 21.00; 21.31; 21.62; 2019/07/13 05:30
17.31; 20.93; 21.00; 21.25; 21.62; 2019/07/13 06:00
17.37; 20.87; 20.93; 21.25; 21.56; 2019/07/13 06:30
17.37; 20.87; 20.93; 21.18; 21.56; 2019/07/13 07:00
17.31; 20.81; 20.93; 21.12; 21.56; 2019/07/13 07:30
17.25; 20.81; 20.93; 21.12; 21.56; 2019/07/13 08:00
17.50; 20.81; 20.87; 21.12; 21.50; 2019/07/13 08:30
17.62; 20.81; 20.87; 21.06; 21.50; 2019/07/13 09:00
17.62; 20.75; 20.87; 21.06; 21.50; 2019/07/13 09:30
17.68; 20.75; 20.87; 21.06; 21.50; 2019/07/13 10:00
17.31; 20.75; 20.81; 21.00; 21.50; 2019/07/13 10:30
17.43; 20.75; 20.81; 21.00; 21.50; 2019/07/13 11:00
17.62; 20.68; 20.81; 21.00; 21.43; 2019/07/13 11:30
18.12; 20.68; 20.81; 21.00; 21.50; 2019/07/13 12:00
18.31; 20.68; 20.75; 20.93; 21.50; 2019/07/13 12:30
18.93; 20.68; 20.75; 20.93; 21.56; 2019/07/13 13:00
19.25; 20.68; 20.75; 20.93; 21.62; 2019/07/13 13:30
20.06; 20.68; 20.81; 20.93; 21.68; 2019/07/13 14:00
20.62; 20.81; 20.81; 21.00; 21.81; 2019/07/13 14:30
21.25; 20.93; 20.93; 21.06; 21.87; 2019/07/13 15:00
22.25; 21.25; 21.00; 21.31; 22.00; 2019/07/13 15:30
22.06; 21.18; 21.06; 21.25; 21.93; 2019/07/13 16:00
21.75; 21.12; 21.00; 21.18; 21.87; 2019/07/13 16:30
21.87; 21.25; 21.06; 21.37; 21.81; 2019/07/13 17:00
21.93; 21.18; 21.00; 21.31; 21.81; 2019/07/13 17:30
22.37; 21.18; 21.06; 21.31; 21.81; 2019/07/13 18:00
22.18; 21.18; 21.00; 21.31; 21.81; 2019/07/13 18:30
22.25; 21.18; 21.06; 21.25; 21.81; 2019/07/13 19:00
21.56; 21.06; 21.00; 21.18; 21.75; 2019/07/13 19:30
20.81; 20.93; 20.93; 21.18; 21.75; 2019/07/13 20:00
20.56; 20.87; 20.87; 21.18; 21.68; 2019/07/13 20:30
20.31; 20.87; 20.87; 21.18; 21.68; 2019/07/13 21:00
20.06; 20.81; 20.81; 21.12; 21.68; 2019/07/13 21:30
19.93; 20.87; 20.87; 21.12; 21.62; 2019/07/13 22:00
19.43; 20.81; 20.81; 21.12; 21.62; 2019/07/13 22:30
18.93; 20.81; 20.81; 21.12; 21.62; 2019/07/13 23:00
18.37; 20.75; 20.81; 21.12; 21.56; 2019/07/13 23:30
18.37; 20.75; 20.75; 21.12; 21.56; 2019/07/14 00:00
18.18; 20.68; 20.75; 21.06; 21.56; 2019/07/14 00:30
18.06; 20.68; 20.75; 21.06; 21.50; 2019/07/14 01:00
17.50; 20.68; 20.75; 21.06; 21.50; 2019/07/14 01:30
17.25; 20.68; 20.75; 21.06; 21.50; 2019/07/14 02:00
17.31; 20.62; 20.68; 21.00; 21.50; 2019/07/14 02:30
17.06; 20.62; 20.68; 21.00; 21.50; 2019/07/14 03:00
17.06; 20.62; 20.68; 21.00; 21.43; 2019/07/14 03:30
17.12; 20.62; 20.68; 21.00; 21.43; 2019/07/14 04:00
17.00; 20.56; 20.62; 20.93; 21.37; 2019/07/14 04:30
17.00; 20.56; 20.62; 20.93; 21.37; 2019/07/14 05:00
16.93; 20.50; 20.62; 20.87; 21.37; 2019/07/14 05:30
16.62; 20.50; 20.56; 20.87; 21.31; 2019/07/14 06:00
16.37; 20.43; 20.56; 20.81; 21.31; 2019/07/14 06:30
16.37; 20.43; 20.50; 20.81; 21.31; 2019/07/14 07:00
16.50; 20.37; 20.50; 20.75; 21.31; 2019/07/14 07:30
16.43; 20.37; 20.50; 20.75; 21.25; 2019/07/14 08:00
16.43; 20.37; 20.50; 20.68; 21.25; 2019/07/14 08:30
16.50; 20.37; 20.43; 20.68; 21.25; 2019/07/14 09:00
17.06; 20.31; 20.43; 20.68; 21.25; 2019/07/14 09:30
16.62; 20.31; 20.43; 20.62; 21.25; 2019/07/14 10:00
16.93; 20.31; 20.37; 20.62; 21.25; 2019/07/14 10:30
16.87; 20.31; 20.37; 20.56; 21.25; 2019/07/14 11:00
17.12; 20.25; 20.37; 20.56; 21.25; 2019/07/14 11:30
17.12; 20.18; 20.31; 20.56; 21.25; 2019/07/14 12:00
17.50; 20.18; 20.31; 20.50; 21.25; 2019/07/14 12:30
17.93; 20.25; 20.37; 20.56; 21.25; 2019/07/14 13:00
18.12; 20.25; 20.37; 20.56; 21.25; 2019/07/14 13:30
18.37; 20.25; 20.37; 20.56; 21.31; 2019/07/14 14:00
18.50; 20.25; 20.31; 20.50; 21.31; 2019/07/14 14:30
18.68; 20.25; 20.31; 20.50; 21.31; 2019/07/14 15:00
18.93; 20.25; 20.31; 20.50; 21.31; 2019/07/14 15:30
19.06; 20.25; 20.31; 20.50; 21.37; 2019/07/14 16:00
18.81; 20.25; 20.31; 20.50; 21.31; 2019/07/14 16:30
19.00; 20.25; 20.31; 20.50; 21.31; 2019/07/14 17:00
19.00; 20.25; 20.31; 20.50; 21.25; 2019/07/14 17:30
19.00; 20.25; 20.31; 20.50; 21.18; 2019/07/14 18:00
19.00; 20.25; 20.31; 20.50; 21.18; 2019/07/14 18:30
18.93; 20.25; 20.31; 20.50; 21.18; 2019/07/14 19:00
19.00; 20.25; 20.31; 20.50; 21.18; 2019/07/14 19:30
18.81; 20.25; 20.25; 20.50; 21.12; 2019/07/14 20:00
18.37; 20.25; 20.25; 20.50; 21.12; 2019/07/14 20:30
18.50; 20.25; 20.25; 20.50; 21.12; 2019/07/14 21:00
18.18; 20.25; 20.25; 20.50; 21.12; 2019/07/14 21:30
18.18; 20.25; 20.25; 20.50; 21.06; 2019/07/14 22:00
17.87; 20.18; 20.25; 20.50; 21.06; 2019/07/14 22:30
17.93; 20.18; 20.25; 20.50; 21.06; 2019/07/14 23:00
17.81; 20.18; 20.25; 20.50; 21.00; 2019/07/14 23:30
17.81; 20.18; 20.25; 20.50; 21.00; 2019/07/15 00:00
17.62; 20.12; 20.18; 20.43; 21.00; 2019/07/15 00:30
17.50; 20.12; 20.18; 20.43; 20.93; 2019/07/15 01:00
17.43; 20.12; 20.18; 20.37; 20.93; 2019/07/15 01:30
17.31; 20.12; 20.18; 20.37; 20.93; 2019/07/15 02:00
17.00; 20.06; 20.18; 20.37; 20.93; 2019/07/15 02:30
16.81; 20.06; 20.12; 20.37; 20.93; 2019/07/15 03:00
16.12; 20.06; 20.12; 20.37; 20.87; 2019/07/15 03:30
15.50; 20.06; 20.12; 20.31; 20.87; 2019/07/15 04:00
15.06; 20.00; 20.06; 20.31; 20.81; 2019/07/15 04:30
14.50; 20.00; 20.06; 20.25; 20.81; 2019/07/15 05:00
14.06; 19.93; 20.06; 20.25; 20.75; 2019/07/15 05:30
13.81; 19.87; 20.00; 20.18; 20.75; 2019/07/15 06:00
13.50; 19.87; 20.00; 20.18; 20.75; 2019/07/15 06:30
13.93; 19.81; 19.93; 20.12; 20.68; 2019/07/15 07:00
14.12; 19.81; 19.93; 20.12; 20.68; 2019/07/15 07:30
14.37; 19.81; 19.93; 20.06; 20.62; 2019/07/15 08:00
14.75; 19.81; 19.87; 20.06; 20.62; 2019/07/15 08:30
14.93; 19.75; 19.87; 20.06; 20.62; 2019/07/15 09:00
15.31; 19.75; 19.87; 20.06; 20.62; 2019/07/15 09:30
15.62; 19.75; 19.87; 20.00; 20.62; 2019/07/15 10:00
15.87; 19.75; 19.81; 20.00; 20.56; 2019/07/15 10:30
15.68; 19.75; 19.81; 20.00; 20.56; 2019/07/15 11:00
15.81; 19.68; 19.81; 19.93; 20.50; 2019/07/15 11:30
16.06; 19.68; 19.75; 19.93; 20.56; 2019/07/15 12:00
16.31; 19.68; 19.75; 19.87; 20.50; 2019/07/15 12:30
16.06; 19.68; 19.75; 19.87; 20.50; 2019/07/15 13:00
16.43; 19.68; 19.75; 19.87; 20.50; 2019/07/15 13:30
16.56; 19.62; 19.75; 19.81; 20.50; 2019/07/15 14:00
16.68; 19.62; 19.68; 19.81; 20.50; 2019/07/15 14:30
16.87; 19.56; 19.68; 19.81; 20.50; 2019/07/15 15:00
16.81; 19.56; 19.68; 19.75; 20.50; 2019/07/15 15:30
17.06; 19.56; 19.68; 19.75; 20.50; 2019/07/15 16:00
17.12; 19.62; 19.68; 19.75; 20.50; 2019/07/15 16:30
17.25; 19.56; 19.68; 19.75; 20.50; 2019/07/15 17:00
17.25; 19.62; 19.68; 19.75; 20.43; 2019/07/15 17:30
17.25; 19.56; 19.62; 19.75; 20.43; 2019/07/15 18:00
17.75; 19.56; 19.62; 19.75; 20.43; 2019/07/15 18:30
17.75; 19.56; 19.62; 19.68; 20.43; 2019/07/15 19:00
17.87; 19.62; 19.62; 19.75; 20.43; 2019/07/15 19:30
18.00; 19.56; 19.62; 19.68; 20.43; 2019/07/15 20:00
18.00; 19.62; 19.62; 19.68; 20.37; 2019/07/15 20:30
17.93; 19.62; 19.62; 19.68; 20.37; 2019/07/15 21:00
17.62; 19.62; 19.62; 19.68; 20.31; 2019/07/15 21:30
17.25; 19.56; 19.62; 19.68; 20.31; 2019/07/15 22:00
17.00; 19.56; 19.62; 19.62; 20.31; 2019/07/15 22:30
16.68; 19.56; 19.62; 19.62; 20.25; 2019/07/15 23:00
16.06; 19.50; 19.56; 19.62; 20.25; 2019/07/15 23:30
15.56; 19.50; 19.56; 19.62; 20.25; 2019/07/16 00:00
15.06; 19.43; 19.56; 19.62; 20.25; 2019/07/16 00:30
14.62; 19.43; 19.50; 19.56; 20.18; 2019/07/16 01:00
14.25; 19.43; 19.50; 19.56; 20.12; 2019/07/16 01:30
14.25; 19.37; 19.50; 19.56; 20.12; 2019/07/16 02:00
13.75; 19.37; 19.43; 19.50; 20.12; 2019/07/16 02:30
13.56; 19.31; 19.43; 19.50; 20.06; 2019/07/16 03:00
13.18; 19.31; 19.37; 19.50; 20.06; 2019/07/16 03:30
13.00; 19.25; 19.37; 19.43; 20.06; 2019/07/16 04:00
13.06; 19.18; 19.31; 19.43; 20.00; 2019/07/16 04:30
12.87; 19.18; 19.31; 19.37; 20.00; 2019/07/16 05:00
12.93; 19.18; 19.25; 19.37; 19.93; 2019/07/16 05:30
13.06; 19.12; 19.25; 19.31; 19.93; 2019/07/16 06:00
13.25; 19.12; 19.25; 19.31; 19.87; 2019/07/16 06:30
13.25; 19.12; 19.18; 19.25; 19.87; 2019/07/16 07:00
13.68; 19.12; 19.18; 19.25; 19.87; 2019/07/16 07:30
14.06; 19.06; 19.18; 19.25; 19.81; 2019/07/16 08:00
14.37; 19.06; 19.18; 19.25; 19.81; 2019/07/16 08:30
14.62; 19.06; 19.18; 19.18; 19.81; 2019/07/16 09:00
14.81; 19.06; 19.12; 19.18; 19.81; 2019/07/16 09:30
14.93; 19.06; 19.12; 19.12; 19.75; 2019/07/16 10:00
15.12; 19.06; 19.12; 19.18; 19.75; 2019/07/16 10:30
15.31; 19.00; 19.12; 19.12; 19.75; 2019/07/16 11:00
15.56; 19.00; 19.06; 19.12; 19.75; 2019/07/16 11:30
15.56; 19.00; 19.06; 19.06; 19.75; 2019/07/16 12:00
15.81; 19.00; 19.06; 19.06; 19.75; 2019/07/16 12:30
16.00; 19.00; 19.06; 19.06; 19.75; 2019/07/16 13:00
15.75; 18.93; 19.06; 19.00; 19.75; 2019/07/16 13:30
16.31; 19.00; 19.06; 19.06; 19.75; 2019/07/16 14:00
16.68; 19.00; 19.06; 19.00; 19.75; 2019/07/16 14:30
17.00; 18.93; 19.06; 19.00; 19.75; 2019/07/16 15:00
17.18; 19.00; 19.06; 19.00; 19.81; 2019/07/16 15:30
17.43; 19.00; 19.06; 19.00; 19.81; 2019/07/16 16:00
18.06; 19.00; 19.06; 19.00; 19.81; 2019/07/16 16:30
18.81; 19.06; 19.12; 19.06; 19.87; 2019/07/16 17:00
18.93; 19.12; 19.12; 19.06; 19.93; 2019/07/16 17:30
19.06; 19.18; 19.12; 19.06; 19.87; 2019/07/16 18:00
19.06; 19.18; 19.12; 19.12; 19.87; 2019/07/16 18:30
19.56; 19.18; 19.18; 19.12; 19.87; 2019/07/16 19:00
19.12; 19.18; 19.18; 19.12; 19.87; 2019/07/16 19:30
19.00; 19.12; 19.12; 19.06; 19.87; 2019/07/16 20:00
18.62; 19.12; 19.12; 19.06; 19.81; 2019/07/16 20:30
18.50; 19.12; 19.12; 19.12; 19.81; 2019/07/16 21:00
18.12; 19.12; 19.12; 19.18; 19.81; 2019/07/16 21:30
17.56; 19.06; 19.12; 19.12; 19.75; 2019/07/16 22:00
16.87; 19.06; 19.06; 19.06; 19.75; 2019/07/16 22:30
16.56; 19.06; 19.06; 19.12; 19.68; 2019/07/16 23:00
16.31; 19.00; 19.06; 19.06; 19.68; 2019/07/16 23:30
15.68; 19.00; 19.06; 19.06; 19.68; 2019/07/17 00:00
15.12; 19.00; 19.00; 19.12; 19.62; 2019/07/17 00:30
14.75; 18.93; 19.00; 19.12; 19.62; 2019/07/17 01:00
14.18; 18.93; 19.00; 19.06; 19.56; 2019/07/17 01:30
13.87; 18.87; 18.93; 19.06; 19.56; 2019/07/17 02:00
13.56; 18.87; 18.93; 19.06; 19.56; 2019/07/17 02:30
13.25; 18.81; 18.93; 19.00; 19.56; 2019/07/17 03:00
12.75; 18.81; 18.87; 18.93; 19.50; 2019/07/17 03:30
12.68; 18.75; 18.87; 18.93; 19.50; 2019/07/17 04:00
12.56; 18.68; 18.81; 18.93; 19.43; 2019/07/17 04:30
13.00; 18.68; 18.81; 18.87; 19.43; 2019/07/17 05:00
13.06; 18.68; 18.81; 18.87; 19.37; 2019/07/17 05:30
13.31; 18.68; 18.75; 18.87; 19.37; 2019/07/17 06:00
13.56; 18.62; 18.75; 18.81; 19.37; 2019/07/17 06:30
13.75; 18.62; 18.75; 18.81; 19.31; 2019/07/17 07:00
13.87; 18.62; 18.68; 18.81; 19.31; 2019/07/17 07:30
14.00; 18.62; 18.68; 18.75; 19.31; 2019/07/17 08:00
14.37; 18.62; 18.68; 18.75; 19.31; 2019/07/17 08:30
14.75; 18.62; 18.68; 18.75; 19.25; 2019/07/17 09:00
15.06; 18.62; 18.68; 18.68; 19.25; 2019/07/17 09:30
15.50; 18.56; 18.68; 18.75; 19.25; 2019/07/17 10:00
16.06; 18.62; 18.68; 18.75; 19.25; 2019/07/17 10:30
16.43; 18.62; 18.68; 18.68; 19.25; 2019/07/17 11:00
16.62; 18.62; 18.68; 18.68; 19.25; 2019/07/17 11:30
16.93; 18.62; 18.68; 18.68; 19.31; 2019/07/17 12:00
17.06; 18.62; 18.68; 18.62; 19.25; 2019/07/17 12:30
17.31; 18.62; 18.68; 18.62; 19.25; 2019/07/17 13:00
17.37; 18.62; 18.68; 18.62; 19.25; 2019/07/17 13:30
17.87; 18.62; 18.68; 18.62; 19.31; 2019/07/17 14:00
18.37; 18.68; 18.75; 18.62; 19.37; 2019/07/17 14:30
18.56; 18.75; 18.75; 18.68; 19.37; 2019/07/17 15:00
18.75; 18.75; 18.75; 18.68; 19.37; 2019/07/17 15:30
19.06; 18.87; 18.75; 18.81; 19.37; 2019/07/17 16:00
20.31; 19.00; 18.87; 19.12; 19.43; 2019/07/17 16:30
20.81; 19.06; 18.93; 19.18; 19.50; 2019/07/17 17:00
21.00; 19.37; 19.06; 19.50; 19.50; 2019/07/17 17:30
21.75; 19.56; 19.18; 19.50; 19.50; 2019/07/17 18:00
20.81; 19.25; 19.06; 19.43; 19.50; 2019/07/17 18:30
20.93; 19.12; 19.00; 19.25; 19.50; 2019/07/17 19:00
20.75; 19.25; 19.06; 19.37; 19.50; 2019/07/17 19:30
20.12; 19.12; 18.93; 19.31; 19.50; 2019/07/17 20:00
20.00; 19.00; 18.93; 19.06; 19.50; 2019/07/17 20:30
19.56; 19.00; 18.93; 19.18; 19.43; 2019/07/17 21:00
19.37; 19.00; 18.93; 19.12; 19.43; 2019/07/17 21:30
18.75; 18.93; 18.87; 19.00; 19.43; 2019/07/17 22:00
18.12; 18.87; 18.87; 18.93; 19.37; 2019/07/17 22:30
17.56; 18.87; 18.87; 18.93; 19.37; 2019/07/17 23:00
16.93; 18.81; 18.87; 18.93; 19.37; 2019/07/17 23:30
16.25; 18.81; 18.81; 18.93; 19.37; 2019/07/18 00:00
16.06; 18.81; 18.81; 19.00; 19.31; 2019/07/18 00:30
15.50; 18.75; 18.81; 19.00; 19.31; 2019/07/18 01:00
15.25; 18.75; 18.81; 19.00; 19.31; 2019/07/18 01:30
15.00; 18.68; 18.75; 19.00; 19.31; 2019/07/18 02:00
14.68; 18.68; 18.75; 19.00; 19.25; 2019/07/18 02:30
14.37; 18.68; 18.75; 19.00; 19.25; 2019/07/18 03:00
14.25; 18.62; 18.75; 18.93; 19.25; 2019/07/18 03:30
13.75; 18.62; 18.68; 18.93; 19.25; 2019/07/18 04:00
14.12; 18.56; 18.68; 18.87; 19.18; 2019/07/18 04:30
13.68; 18.56; 18.68; 18.87; 19.18; 2019/07/18 05:00
13.43; 18.56; 18.62; 18.81; 19.12; 2019/07/18 05:30
13.31; 18.50; 18.62; 18.81; 19.12; 2019/07/18 06:00
13.62; 18.50; 18.62; 18.75; 19.12; 2019/07/18 06:30
13.75; 18.50; 18.56; 18.75; 19.12; 2019/07/18 07:00
13.37; 18.43; 18.56; 18.75; 19.06; 2019/07/18 07:30
14.12; 18.43; 18.56; 18.68; 19.06; 2019/07/18 08:00
15.50; 18.43; 18.56; 18.68; 19.06; 2019/07/18 08:30
16.62; 18.43; 18.56; 18.68; 19.12; 2019/07/18 09:00
17.56; 18.50; 18.56; 18.68; 19.12; 2019/07/18 09:30
18.37; 18.50; 18.62; 18.68; 19.25; 2019/07/18 10:00
18.87; 18.56; 18.62; 18.68; 19.25; 2019/07/18 10:30
20.18; 18.68; 18.68; 18.81; 19.37; 2019/07/18 11:00
21.25; 18.81; 18.75; 18.93; 19.56; 2019/07/18 11:30
21.87; 18.87; 18.81; 18.93; 19.68; 2019/07/18 12:00
22.68; 19.12; 18.93; 19.37; 19.81; 2019/07/18 12:30
23.43; 19.43; 19.06; 19.75; 20.00; 2019/07/18 13:00
23.75; 19.37; 19.12; 19.56; 20.18; 2019/07/18 13:30
24.43; 19.56; 19.18; 20.00; 20.37; 2019/07/18 14:00
25.00; 19.75; 19.37; 20.25; 20.50; 2019/07/18 14:30
25.06; 20.18; 19.56; 20.50; 20.37; 2019/07/18 15:00
24.56; 20.00; 19.50; 20.43; 20.31; 2019/07/18 15:30
23.06; 19.68; 19.37; 19.93; 20.18; 2019/07/18 16:00
21.81; 19.37; 19.18; 19.68; 20.18; 2019/07/18 16:30
22.12; 19.43; 19.18; 19.87; 20.12; 2019/07/18 17:00
23.18; 19.37; 19.18; 19.87; 20.25; 2019/07/18 17:30
23.18; 19.43; 19.18; 19.93; 20.25; 2019/07/18 18:00
23.43; 19.56; 19.25; 20.00; 20.18; 2019/07/18 18:30
22.93; 19.50; 19.25; 20.00; 20.25; 2019/07/18 19:00
23.18; 19.75; 19.37; 20.25; 20.18; 2019/07/18 19:30
22.81; 19.62; 19.37; 20.37; 20.25; 2019/07/18 20:00
22.56; 19.56; 19.31; 20.25; 20.18; 2019/07/18 20:30
21.50; 19.56; 19.37; 19.93; 20.18; 2019/07/18 21:00
20.93; 19.43; 19.25; 19.75; 20.12; 2019/07/18 21:30
20.68; 19.37; 19.25; 19.75; 20.12; 2019/07/18 22:00
20.56; 19.37; 19.25; 19.75; 20.12; 2019/07/18 22:30
20.31; 19.37; 19.25; 19.75; 20.12; 2019/07/18 23:00
20.00; 19.31; 19.25; 19.75; 20.12; 2019/07/18 23:30
19.56; 19.31; 19.25; 19.75; 20.12; 2019/07/19 00:00
19.62; 19.31; 19.25; 19.75; 20.12; 2019/07/19 00:30
19.68; 19.31; 19.25; 19.75; 20.12; 2019/07/19 01:00
19.56; 19.31; 19.25; 19.75; 20.12; 2019/07/19 01:30
19.31; 19.31; 19.25; 19.75; 20.12; 2019/07/19 02:00
19.00; 19.25; 19.25; 19.75; 20.12; 2019/07/19 02:30
19.06; 19.25; 19.25; 19.68; 20.12; 2019/07/19 03:00
18.62; 19.25; 19.25; 19.68; 20.06; 2019/07/19 03:30
18.50; 19.25; 19.25; 19.68; 20.06; 2019/07/19 04:00
18.37; 19.25; 19.25; 19.68; 20.06; 2019/07/19 04:30
17.93; 19.25; 19.25; 19.68; 20.06; 2019/07/19 05:00
17.87; 19.18; 19.25; 19.62; 20.06; 2019/07/19 05:30
17.87; 19.18; 19.25; 19.62; 20.06; 2019/07/19 06:00
17.87; 19.18; 19.25; 19.62; 20.00; 2019/07/19 06:30
18.06; 19.18; 19.25; 19.62; 20.00; 2019/07/19 07:00
18.18; 19.18; 19.25; 19.62; 20.00; 2019/07/19 07:30
18.25; 19.25; 19.25; 19.62; 20.00; 2019/07/19 08:00
18.31; 19.25; 19.25; 19.62; 20.00; 2019/07/19 08:30
19.00; 19.25; 19.25; 19.62; 20.06; 2019/07/19 09:00
19.12; 19.25; 19.25; 19.68; 20.06; 2019/07/19 09:30
19.62; 19.31; 19.31; 19.75; 20.12; 2019/07/19 10:00
20.12; 19.37; 19.37; 19.81; 20.18; 2019/07/19 10:30
19.93; 19.43; 19.37; 19.81; 20.18; 2019/07/19 11:00
20.31; 19.50; 19.43; 19.87; 20.31; 2019/07/19 11:30
20.81; 19.56; 19.43; 19.87; 20.37; 2019/07/19 12:00
22.31; 19.68; 19.56; 20.12; 20.50; 2019/07/19 12:30
22.87; 19.81; 19.62; 20.25; 20.93; 2019/07/19 13:00
23.18; 20.00; 19.75; 20.43; 21.06; 2019/07/19 13:30
23.75; 20.18; 19.87; 20.75; 21.25; 2019/07/19 14:00
24.00; 20.31; 19.93; 20.81; 21.37; 2019/07/19 14:30
24.31; 20.25; 19.93; 20.75; 21.37; 2019/07/19 15:00
23.87; 20.25; 19.87; 20.75; 21.25; 2019/07/19 15:30
24.18; 20.31; 20.00; 20.87; 21.18; 2019/07/19 16:00
24.37; 20.68; 20.18; 21.18; 21.25; 2019/07/19 16:30
23.93; 20.25; 19.87; 20.81; 21.18; 2019/07/19 17:00
23.81; 20.25; 19.93; 20.68; 21.12; 2019/07/19 17:30
24.06; 20.18; 19.87; 20.62; 21.18; 2019/07/19 18:00
24.37; 23.31; 21.25; 22.31; 21.31; 2019/07/19 18:30
24.31; 23.68; 22.62; 23.06; 22.25; 2019/07/19 19:00
24.12; 23.56; 22.50; 23.25; 22.56; 2019/07/19 19:30
23.56; 23.12; 22.31; 22.87; 22.56; 2019/07/19 20:00
23.25; 22.93; 22.81; 23.00; 22.56; 2019/07/19 20:30
22.87; 22.25; 22.43; 22.68; 22.62; 2019/07/19 21:00
22.43; 21.93; 22.00; 22.25; 22.06; 2019/07/19 21:30
22.43; 21.62; 21.93; 22.12; 21.87; 2019/07/19 22:00
22.00; 21.87; 22.00; 22.18; 21.81; 2019/07/19 22:30
21.62; 21.68; 21.87; 22.06; 21.68; 2019/07/19 23:00
21.12; 21.43; 21.31; 21.93; 21.62; 2019/07/19 23:30
20.43; 21.18; 21.00; 21.68; 21.56; 2019/07/20 00:00
19.87; 21.00; 20.87; 21.50; 21.50; 2019/07/20 00:30
19.37; 20.87; 20.75; 21.43; 21.50; 2019/07/20 01:00
18.75; 20.81; 20.75; 21.37; 21.43; 2019/07/20 01:30
18.25; 20.75; 20.68; 21.31; 21.43; 2019/07/20 02:00
18.18; 20.68; 20.62; 21.25; 21.37; 2019/07/20 02:30
17.75; 20.62; 20.62; 21.18; 21.37; 2019/07/20 03:00
17.37; 20.56; 20.62; 21.06; 21.37; 2019/07/20 03:30
17.06; 20.56; 20.56; 21.06; 21.31; 2019/07/20 04:00
17.18; 20.50; 20.56; 21.00; 21.31; 2019/07/20 04:30
16.43; 20.43; 20.50; 21.00; 21.25; 2019/07/20 05:00
16.18; 20.43; 20.50; 20.93; 21.25; 2019/07/20 05:30
16.18; 20.37; 20.50; 20.87; 21.18; 2019/07/20 06:00
16.12; 20.37; 20.43; 20.87; 21.18; 2019/07/20 06:30
16.25; 20.31; 20.43; 20.81; 21.18; 2019/07/20 07:00
16.81; 20.31; 20.43; 20.81; 21.18; 2019/07/20 07:30
18.37; 20.31; 20.37; 20.81; 21.18; 2019/07/20 08:00
20.50; 20.31; 20.37; 20.75; 21.12; 2019/07/20 08:30
21.56; 20.43; 20.43; 20.81; 21.12; 2019/07/20 09:00
22.31; 20.50; 20.50; 20.87; 21.18; 2019/07/20 09:30
22.81; 20.62; 20.56; 21.00; 21.31; 2019/07/20 10:00
23.56; 20.75; 20.62; 21.06; 21.37; 2019/07/20 10:30
24.93; 23.43; 21.68; 22.68; 21.68; 2019/07/20 11:00
25.00; 24.06; 22.31; 23.37; 22.12; 2019/07/20 11:30
26.18; 24.93; 22.93; 24.18; 22.18; 2019/07/20 12:00
26.43; 25.18; 23.06; 24.18; 22.43; 2019/07/20 12:30
26.18; 25.25; 23.12; 24.25; 22.62; 2019/07/20 13:00
26.56; 25.43; 23.12; 24.37; 22.43; 2019/07/20 13:30
27.18; 25.62; 23.56; 24.12; 22.62; 2019/07/20 14:00
25.62; 25.18; 23.56; 24.37; 23.43; 2019/07/20 14:30
26.25; 22.87; 22.37; 23.12; 22.56; 2019/07/20 15:00
27.50; 22.43; 22.00; 22.93; 22.68; 2019/07/20 15:30
26.31; 22.43; 21.93; 22.81; 22.50; 2019/07/20 16:00
26.00; 22.06; 21.68; 22.62; 22.43; 2019/07/20 16:30
24.68; 22.00; 21.62; 22.37; 22.37; 2019/07/20 17:00
23.50; 21.93; 21.62; 22.18; 22.31; 2019/07/20 17:30
22.37; 21.75; 21.50; 22.00; 22.31; 2019/07/20 18:00
20.87; 21.56; 21.43; 21.87; 22.31; 2019/07/20 18:30
20.75; 21.50; 21.37; 21.81; 22.25; 2019/07/20 19:00
20.31; 21.43; 21.37; 21.75; 22.25; 2019/07/20 19:30
20.81; 21.43; 21.37; 21.81; 22.25; 2019/07/20 20:00
21.12; 21.50; 21.37; 21.87; 22.31; 2019/07/20 20:30
20.87; 21.50; 21.37; 21.81; 22.25; 2019/07/20 21:00
20.62; 21.37; 21.31; 21.81; 22.25; 2019/07/20 21:30
20.18; 21.37; 21.31; 21.75; 22.25; 2019/07/20 22:00
19.75; 21.31; 21.31; 21.68; 22.18; 2019/07/20 22:30
19.68; 21.31; 21.31; 21.68; 22.18; 2019/07/20 23:00
19.62; 21.25; 21.31; 21.68; 22.18; 2019/07/20 23:30
19.37; 21.25; 21.31; 21.62; 22.18; 2019/07/21 00:00
19.25; 21.25; 21.25; 21.62; 22.12; 2019/07/21 00:30
19.37; 21.18; 21.25; 21.62; 22.12; 2019/07/21 01:00
19.00; 21.18; 21.25; 21.62; 22.06; 2019/07/21 01:30
18.68; 21.18; 21.25; 21.56; 22.06; 2019/07/21 02:00
18.50; 21.12; 21.25; 21.56; 22.00; 2019/07/21 02:30
18.18; 21.12; 21.18; 21.50; 22.00; 2019/07/21 03:00
17.81; 21.12; 21.18; 21.50; 22.00; 2019/07/21 03:30
17.62; 21.06; 21.18; 21.50; 21.93; 2019/07/21 04:00
17.37; 21.00; 21.12; 21.43; 21.93; 2019/07/21 04:30
17.06; 21.00; 21.12; 21.37; 21.87; 2019/07/21 05:00
16.75; 20.93; 21.12; 21.37; 21.81; 2019/07/21 05:30
16.56; 20.93; 21.06; 21.31; 21.81; 2019/07/21 06:00
16.75; 20.87; 21.06; 21.25; 21.75; 2019/07/21 06:30
16.93; 20.87; 21.00; 21.25; 21.68; 2019/07/21 07:00
16.81; 20.87; 21.00; 21.25; 21.68; 2019/07/21 07:30
17.50; 20.87; 21.00; 21.18; 21.62; 2019/07/21 08:00
17.87; 20.87; 21.00; 21.18; 21.68; 2019/07/21 08:30
18.00; 20.87; 21.00; 21.18; 21.62; 2019/07/21 09:00
17.75; 20.81; 21.00; 21.12; 21.62; 2019/07/21 09:30
18.06; 20.81; 21.00; 21.12; 21.62; 2019/07/21 10:00
18.50; 20.81; 20.93; 21.12; 21.62; 2019/07/21 10:30
18.50; 20.81; 20.93; 21.12; 21.62; 2019/07/21 11:00
18.87; 20.81; 20.93; 21.06; 21.62; 2019/07/21 11:30
19.25; 20.81; 21.00; 21.12; 21.75; 2019/07/21 12:00
19.62; 20.87; 21.00; 21.12; 21.87; 2019/07/21 12:30
20.00; 20.87; 20.93; 21.12; 21.87; 2019/07/21 13:00
20.87; 21.00; 21.00; 21.31; 22.00; 2019/07/21 13:30
21.75; 21.18; 21.12; 21.50; 22.25; 2019/07/21 14:00
22.62; 21.25; 21.18; 21.62; 22.43; 2019/07/21 14:30
23.25; 21.37; 21.25; 21.62; 22.50; 2019/07/21 15:00
23.50; 21.50; 21.25; 21.87; 22.56; 2019/07/21 15:30
23.56; 21.56; 21.31; 21.87; 22.50; 2019/07/21 16:00
23.50; 21.43; 21.25; 21.75; 22.43; 2019/07/21 16:30
24.31; 21.68; 21.37; 22.06; 22.37; 2019/07/21 17:00
24.18; 21.81; 21.43; 22.06; 22.37; 2019/07/21 17:30
24.18; 21.68; 21.43; 22.06; 22.31; 2019/07/21 18:00
23.81; 21.62; 21.37; 22.00; 22.25; 2019/07/21 18:30
23.93; 21.68; 21.37; 22.00; 22.25; 2019/07/21 19:00
23.62; 21.93; 21.56; 22.12; 22.25; 2019/07/21 19:30
23.25; 21.68; 21.43; 22.00; 22.25; 2019/07/21 20:00
22.62; 21.56; 21.31; 21.87; 22.25; 2019/07/21 20:30
22.18; 21.43; 21.31; 21.75; 22.18; 2019/07/21 21:00
21.56; 21.37; 21.25; 21.68; 22.18; 2019/07/21 21:30
21.12; 21.25; 21.18; 21.62; 22.12; 2019/07/21 22:00
20.50; 21.25; 21.18; 21.56; 22.12; 2019/07/21 22:30
19.93; 21.18; 21.18; 21.56; 22.06; 2019/07/21 23:00
19.43; 21.18; 21.18; 21.56; 22.06; 2019/07/21 23:30
19.06; 21.18; 21.18; 21.56; 22.06; 2019/07/22 00:00
18.37; 21.12; 21.12; 21.56; 22.06; 2019/07/22 00:30
18.18; 21.12; 21.12; 21.50; 22.00; 2019/07/22 01:00
17.56; 21.06; 21.12; 21.50; 22.00; 2019/07/22 01:30
17.43; 21.06; 21.12; 21.50; 21.93; 2019/07/22 02:00
17.06; 21.00; 21.12; 21.43; 21.93; 2019/07/22 02:30
16.87; 21.00; 21.06; 21.43; 21.87; 2019/07/22 03:00
16.68; 20.93; 21.06; 21.37; 21.81; 2019/07/22 03:30
16.62; 20.93; 21.00; 21.37; 21.81; 2019/07/22 04:00
16.43; 20.87; 21.00; 21.31; 21.75; 2019/07/22 04:30
16.37; 20.87; 21.00; 21.31; 21.75; 2019/07/22 05:00
16.37; 20.87; 21.00; 21.25; 21.68; 2019/07/22 05:30
16.18; 20.81; 20.93; 21.25; 21.68; 2019/07/22 06:00
16.18; 20.81; 20.93; 21.18; 21.68; 2019/07/22 06:30
16.37; 20.81; 20.93; 21.18; 21.62; 2019/07/22 07:00
16.62; 20.75; 20.87; 21.12; 21.62; 2019/07/22 07:30
16.93; 20.75; 20.87; 21.12; 21.62; 2019/07/22 08:00
17.62; 20.75; 20.87; 21.12; 21.62; 2019/07/22 08:30
18.75; 20.75; 20.87; 21.12; 21.62; 2019/07/22 09:00
19.56; 20.81; 20.87; 21.12; 21.62; 2019/07/22 09:30
20.37; 20.81; 20.93; 21.12; 21.75; 2019/07/22 10:00
21.25; 20.87; 20.93; 21.18; 21.87; 2019/07/22 10:30
22.12; 21.06; 21.00; 21.31; 22.06; 2019/07/22 11:00
22.62; 21.18; 21.06; 21.43; 22.25; 2019/07/22 11:30
23.50; 21.31; 21.18; 21.56; 22.43; 2019/07/22 12:00
23.87; 21.31; 21.18; 21.56; 22.56; 2019/07/22 12:30
24.56; 21.50; 21.31; 21.81; 22.75; 2019/07/22 13:00
24.81; 21.87; 21.50; 22.06; 22.81; 2019/07/22 13:30
24.93; 21.81; 21.43; 22.18; 22.81; 2019/07/22 14:00
25.56; 21.93; 21.62; 22.31; 23.00; 2019/07/22 14:30
26.31; 22.12; 21.62; 22.68; 23.12; 2019/07/22 15:00
26.50; 22.12; 21.75; 22.62; 23.18; 2019/07/22 15:30
26.93; 22.31; 21.81; 22.93; 23.18; 2019/07/22 16:00
27.43; 22.06; 21.68; 22.75; 23.12; 2019/07/22 16:30
27.87; 22.43; 21.81; 23.00; 23.06; 2019/07/22 17:00
27.93; 22.43; 22.00; 23.12; 23.00; 2019/07/22 17:30
28.56; 22.37; 21.93; 23.06; 23.00; 2019/07/22 18:00
28.75; 22.37; 21.93; 23.06; 23.00; 2019/07/22 18:30
28.56; 22.43; 21.93; 23.25; 23.00; 2019/07/22 19:00
27.50; 22.37; 21.93; 23.00; 23.06; 2019/07/22 19:30
26.93; 22.18; 21.75; 23.00; 23.00; 2019/07/22 20:00
26.31; 22.12; 21.75; 22.62; 23.00; 2019/07/22 20:30
25.56; 22.00; 21.68; 22.50; 23.00; 2019/07/22 21:00
24.93; 22.00; 21.68; 22.37; 23.00; 2019/07/22 21:30
24.31; 22.00; 21.75; 22.43; 22.93; 2019/07/22 22:00
23.56; 22.00; 21.75; 22.37; 22.93; 2019/07/22 22:30
22.93; 21.87; 21.75; 22.31; 23.00; 2019/07/22 23:00
22.37; 21.81; 21.68; 22.25; 22.93; 2019/07/22 23:30
21.68; 21.75; 21.68; 22.25; 22.93; 2019/07/23 00:00
21.18; 21.75; 21.62; 22.25; 22.93; 2019/07/23 00:30
20.87; 21.68; 21.62; 22.18; 22.87; 2019/07/23 01:00
20.31; 21.68; 21.62; 22.18; 22.87; 2019/07/23 01:30
20.00; 21.68; 21.62; 22.18; 22.87; 2019/07/23 02:00
19.81; 21.62; 21.62; 22.18; 22.81; 2019/07/23 02:30
19.37; 21.62; 21.56; 22.18; 22.81; 2019/07/23 03:00
19.06; 21.56; 21.62; 22.12; 22.75; 2019/07/23 03:30
18.81; 21.56; 21.62; 22.12; 22.75; 2019/07/23 04:00
18.62; 21.56; 21.56; 22.06; 22.75; 2019/07/23 04:30
18.31; 21.56; 21.56; 22.06; 22.68; 2019/07/23 05:00
18.12; 21.50; 21.56; 22.00; 22.62; 2019/07/23 05:30
17.87; 21.50; 21.56; 22.00; 22.62; 2019/07/23 06:00
17.75; 21.43; 21.56; 21.93; 22.62; 2019/07/23 06:30
17.56; 21.43; 21.50; 21.93; 22.56; 2019/07/23 07:00
18.00; 21.43; 21.50; 21.87; 22.50; 2019/07/23 07:30
18.56; 21.43; 21.50; 21.87; 22.50; 2019/07/23 08:00
19.50; 21.43; 21.50; 21.87; 22.50; 2019/07/23 08:30
20.62; 21.43; 21.50; 21.87; 22.50; 2019/07/23 09:00
22.00; 21.50; 21.56; 21.87; 22.50; 2019/07/23 09:30
24.12; 21.56; 21.56; 21.93; 22.81; 2019/07/23 10:00
25.37; 21.75; 21.62; 22.18; 22.81; 2019/07/23 10:30
26.12; 21.81; 21.68; 22.31; 23.06; 2019/07/23 11:00
26.56; 21.87; 21.75; 22.37; 23.31; 2019/07/23 11:30
27.37; 22.00; 21.81; 22.75; 23.50; 2019/07/23 12:00
28.25; 22.18; 21.87; 23.00; 23.75; 2019/07/23 12:30
29.00; 22.43; 22.06; 23.62; 23.87; 2019/07/23 13:00
29.62; 22.56; 22.12; 23.31; 24.00; 2019/07/23 13:30
30.50; 22.93; 22.37; 24.00; 24.18; 2019/07/23 14:00
30.93; 23.12; 22.50; 24.50; 24.31; 2019/07/23 14:30
31.00; 22.93; 22.37; 24.06; 24.50; 2019/07/23 15:00
31.43; 22.87; 22.31; 24.37; 24.56; 2019/07/23 15:30
32.06; 23.00; 22.43; 24.37; 24.56; 2019/07/23 16:00
32.50; 24.62; 23.37; 25.43; 24.50; 2019/07/23 16:30
32.81; 23.68; 22.93; 25.06; 24.37; 2019/07/23 17:00
33.00; 23.31; 22.68; 24.37; 24.37; 2019/07/23 17:30
33.12; 23.37; 22.75; 24.75; 24.37; 2019/07/23 18:00
33.62; 23.50; 22.93; 24.81; 24.43; 2019/07/23 18:30
32.75; 23.18; 22.81; 23.62; 24.50; 2019/07/23 19:00
31.50; 29.50; 25.81; 29.25; 24.56; 2019/07/23 19:30
31.25; 29.31; 26.62; 29.87; 24.93; 2019/07/23 20:00
30.31; 28.00; 26.18; 28.31; 24.75; 2019/07/23 20:30
29.50; 24.68; 23.93; 25.06; 24.56; 2019/07/23 21:00
28.81; 24.18; 23.56; 24.62; 24.56; 2019/07/23 21:30
28.25; 23.93; 23.43; 24.43; 24.56; 2019/07/23 22:00
27.68; 23.81; 23.31; 24.31; 24.56; 2019/07/23 22:30
26.87; 23.81; 23.31; 24.31; 24.56; 2019/07/23 23:00
26.25; 23.75; 23.31; 24.25; 24.56; 2019/07/23 23:30
25.62; 23.75; 23.31; 24.18; 24.56; 2019/07/24 00:00
24.93; 23.62; 23.25; 24.18; 24.50; 2019/07/24 00:30
24.50; 23.56; 23.25; 24.12; 24.50; 2019/07/24 01:00
23.93; 23.37; 23.25; 24.00; 24.50; 2019/07/24 01:30
23.31; 23.31; 23.18; 24.00; 24.50; 2019/07/24 02:00
22.68; 23.25; 23.18; 23.87; 24.43; 2019/07/24 02:30
22.18; 23.25; 23.18; 23.81; 24.43; 2019/07/24 03:00
21.43; 23.18; 23.18; 23.75; 24.37; 2019/07/24 03:30
21.12; 23.18; 23.12; 23.81; 24.37; 2019/07/24 04:00
20.87; 23.12; 23.12; 23.75; 24.31; 2019/07/24 04:30
20.81; 23.06; 23.06; 23.75; 24.31; 2019/07/24 05:00
20.62; 23.00; 23.06; 23.68; 24.25; 2019/07/24 05:30
20.50; 23.00; 23.06; 23.68; 24.25; 2019/07/24 06:00
20.68; 23.00; 23.06; 23.68; 24.18; 2019/07/24 06:30
20.50; 23.00; 23.06; 23.62; 24.12; 2019/07/24 07:00
20.62; 23.00; 23.06; 23.62; 24.12; 2019/07/24 07:30
21.62; 23.00; 23.06; 23.56; 24.12; 2019/07/24 08:00
22.68; 23.00; 23.12; 23.56; 24.12; 2019/07/24 08:30
23.75; 23.18; 23.12; 23.62; 24.12; 2019/07/24 09:00
26.06; 23.18; 23.18; 23.62; 24.12; 2019/07/24 09:30
27.87; 23.31; 23.18; 23.68; 24.25; 2019/07/24 10:00
29.75; 23.50; 23.31; 23.93; 24.37; 2019/07/24 10:30
30.43; 23.56; 23.37; 24.12; 24.62; 2019/07/24 11:00
31.06; 23.56; 23.37; 24.00; 24.81; 2019/07/24 11:30
31.87; 23.68; 23.50; 24.12; 25.06; 2019/07/24 12:00
32.75; 24.06; 23.56; 25.00; 25.31; 2019/07/24 12:30
33.18; 24.06; 23.68; 24.75; 25.43; 2019/07/24 13:00
33.50; 24.37; 23.75; 25.56; 25.56; 2019/07/24 13:30
34.12; 24.31; 23.81; 25.56; 25.81; 2019/07/24 14:00
34.50; 24.37; 23.87; 25.50; 26.06; 2019/07/24 14:30
34.93; 24.62; 24.00; 26.25; 26.18; 2019/07/24 15:00
35.31; 24.75; 24.12; 26.06; 26.18; 2019/07/24 15:30
35.75; 24.81; 24.18; 26.18; 26.12; 2019/07/24 16:00
36.31; 24.81; 24.25; 25.81; 26.18; 2019/07/24 16:30
36.18; 24.87; 24.25; 26.12; 26.06; 2019/07/24 17:00
36.18; 24.75; 24.31; 25.56; 26.12; 2019/07/24 17:30
37.00; 25.25; 24.50; 26.93; 26.12; 2019/07/24 18:00
36.62; 24.75; 24.50; 25.31; 26.18; 2019/07/24 18:30
35.56; 24.68; 24.50; 25.31; 26.18; 2019/07/24 19:00
35.00; 24.81; 24.50; 25.43; 26.18; 2019/07/24 19:30
33.43; 24.75; 24.43; 25.25; 26.18; 2019/07/24 20:00
32.37; 24.68; 24.43; 25.31; 26.18; 2019/07/24 20:30
31.43; 24.75; 24.43; 25.31; 26.25; 2019/07/24 21:00
30.62; 24.75; 24.50; 25.37; 26.25; 2019/07/24 21:30
29.81; 24.87; 24.50; 25.43; 26.25; 2019/07/24 22:00
29.00; 24.93; 24.56; 25.43; 26.18; 2019/07/24 22:30
27.56; 24.93; 24.56; 25.43; 26.18; 2019/07/24 23:00
27.56; 24.81; 24.56; 25.43; 26.18; 2019/07/24 23:30
26.87; 24.75; 24.56; 25.37; 26.18; 2019/07/25 00:00
26.43; 24.75; 24.56; 25.37; 26.18; 2019/07/25 00:30
25.81; 24.68; 24.56; 25.37; 26.12; 2019/07/25 01:00
25.62; 24.62; 24.56; 25.31; 26.12; 2019/07/25 01:30
24.81; 24.56; 24.56; 25.31; 26.12; 2019/07/25 02:00
24.75; 24.50; 24.56; 25.25; 26.12; 2019/07/25 02:30
24.06; 24.50; 24.56; 25.18; 26.06; 2019/07/25 03:00
24.00; 24.50; 24.50; 25.18; 26.00; 2019/07/25 03:30
23.62; 24.50; 24.56; 25.12; 26.06; 2019/07/25 04:00
23.18; 24.50; 24.50; 25.18; 26.00; 2019/07/25 04:30
23.06; 24.43; 24.50; 25.12; 25.93; 2019/07/25 05:00
22.81; 24.43; 24.43; 25.12; 25.93; 2019/07/25 05:30
22.43; 24.37; 24.43; 25.12; 25.87; 2019/07/25 06:00
22.31; 24.37; 24.43; 25.06; 25.81; 2019/07/25 06:30
22.25; 24.37; 24.43; 25.06; 25.81; 2019/07/25 07:00
22.50; 24.37; 24.43; 25.06; 25.81; 2019/07/25 07:30
22.56; 24.37; 24.43; 25.00; 25.75; 2019/07/25 08:00
23.68; 24.43; 24.43; 25.00; 25.75; 2019/07/25 08:30
24.75; 24.50; 24.56; 25.06; 25.81; 2019/07/25 09:00
25.93; 24.56; 24.62; 25.06; 25.81; 2019/07/25 09:30
28.12; 24.75; 24.68; 25.18; 25.87; 2019/07/25 10:00
29.62; 24.75; 24.68; 25.18; 25.93; 2019/07/25 10:30
31.25; 24.87; 24.81; 25.31; 26.18; 2019/07/25 11:00
32.25; 25.06; 24.87; 25.50; 26.37; 2019/07/25 11:30
33.37; 25.06; 24.93; 25.50; 26.62; 2019/07/25 12:00
34.62; 25.37; 25.00; 26.12; 26.87; 2019/07/25 12:30
35.12; 25.56; 25.18; 26.43; 26.93; 2019/07/25 13:00
35.43; 25.62; 25.25; 26.37; 27.18; 2019/07/25 13:30
36.06; 25.81; 25.37; 26.75; 27.31; 2019/07/25 14:00
36.62; 26.12; 25.50; 27.75; 27.43; 2019/07/25 14:30
37.50; 26.06; 25.50; 27.56; 27.68; 2019/07/25 15:00
37.31; 26.06; 25.56; 27.06; 27.68; 2019/07/25 15:30
37.43; 26.06; 25.56; 27.12; 27.68; 2019/07/25 16:00
38.12; 26.50; 25.68; 27.75; 27.68; 2019/07/25 16:30
38.37; 26.75; 25.81; 28.56; 27.56; 2019/07/25 17:00
38.00; 26.25; 25.81; 27.00; 27.68; 2019/07/25 17:30
37.93; 26.37; 25.87; 27.25; 27.68; 2019/07/25 18:00
37.25; 26.37; 25.93; 26.81; 27.68; 2019/07/25 18:30
36.37; 26.68; 26.06; 27.25; 27.68; 2019/07/25 19:00
35.93; 26.62; 26.00; 26.93; 27.75; 2019/07/25 19:30
35.68; 26.75; 26.06; 27.18; 27.75; 2019/07/25 20:00
33.81; 26.37; 26.06; 26.93; 27.75; 2019/07/25 20:30
33.81; 26.25; 26.00; 26.81; 27.81; 2019/07/25 21:00
33.31; 26.25; 25.93; 26.81; 27.81; 2019/07/25 21:30
32.43; 26.25; 26.00; 26.81; 27.81; 2019/07/25 22:00
31.50; 26.37; 26.00; 26.93; 27.81; 2019/07/25 22:30
30.68; 26.43; 26.06; 27.00; 27.81; 2019/07/25 23:00
30.06; 26.37; 26.06; 27.00; 27.81; 2019/07/25 23:30
29.43; 26.43; 26.12; 27.00; 27.75; 2019/07/26 00:00
28.75; 26.37; 26.12; 26.93; 27.75; 2019/07/26 00:30
28.37; 26.37; 26.12; 26.93; 27.75; 2019/07/26 01:00
27.75; 26.25; 26.12; 26.93; 27.75; 2019/07/26 01:30
27.12; 26.18; 26.12; 26.87; 27.75; 2019/07/26 02:00
26.62; 26.12; 26.12; 26.81; 27.75; 2019/07/26 02:30
26.31; 26.06; 26.12; 26.81; 27.68; 2019/07/26 03:00
25.87; 26.06; 26.12; 26.68; 27.62; 2019/07/26 03:30
25.75; 26.00; 26.06; 26.75; 27.62; 2019/07/26 04:00
25.43; 25.93; 26.06; 26.75; 27.62; 2019/07/26 04:30
24.93; 25.93; 26.06; 26.75; 27.62; 2019/07/26 05:00
24.68; 25.93; 26.06; 26.75; 27.56; 2019/07/26 05:30
24.18; 25.93; 26.00; 26.75; 27.50; 2019/07/26 06:00
24.00; 25.93; 26.00; 26.68; 27.43; 2019/07/26 06:30
23.87; 25.87; 26.00; 26.68; 27.43; 2019/07/26 07:00
23.93; 25.87; 26.00; 26.62; 27.43; 2019/07/26 07:30
24.50; 25.93; 26.00; 26.62; 27.31; 2019/07/26 08:00
25.25; 26.00; 26.00; 26.56; 27.37; 2019/07/26 08:30
26.43; 26.06; 26.12; 26.56; 27.37; 2019/07/26 09:00
27.81; 26.37; 26.25; 26.68; 27.43; 2019/07/26 09:30
29.18; 26.43; 26.37; 26.75; 27.43; 2019/07/26 10:00
30.37; 26.75; 26.50; 26.93; 27.56; 2019/07/26 10:30
31.62; 26.75; 26.50; 27.00; 27.68; 2019/07/26 11:00
32.87; 27.00; 26.56; 27.25; 27.93; 2019/07/26 11:30
34.18; 27.18; 26.68; 27.43; 28.12; 2019/07/26 12:00
34.87; 27.93; 27.12; 28.43; 28.31; 2019/07/26 12:30
35.25; 27.81; 27.06; 28.75; 28.50; 2019/07/26 13:00
35.62; 28.37; 27.43; 29.18; 28.62; 2019/07/26 13:30
36.18; 28.68; 27.62; 29.50; 28.81; 2019/07/26 14:00
36.25; 28.68; 27.68; 29.62; 29.00; 2019/07/26 14:30
37.00; 28.75; 27.75; 30.00; 29.12; 2019/07/26 15:00
37.18; 29.18; 28.00; 30.06; 29.12; 2019/07/26 15:30
37.68; 28.93; 27.93; 30.00; 29.12; 2019/07/26 16:00
37.75; 29.31; 28.12; 30.18; 29.06; 2019/07/26 16:30
36.75; 29.06; 28.00; 30.06; 29.00; 2019/07/26 17:00
36.12; 28.87; 27.81; 29.87; 29.00; 2019/07/26 17:30
35.50; 32.37; 28.56; 30.68; 29.00; 2019/07/26 18:00
35.18; 33.37; 30.87; 31.62; 30.00; 2019/07/26 18:30
34.12; 32.93; 31.68; 32.06; 30.87; 2019/07/26 19:00
32.31; 31.18; 31.56; 30.56; 30.12; 2019/07/26 19:30
31.00; 30.25; 29.93; 30.25; 29.87; 2019/07/26 20:00
31.12; 29.12; 28.56; 29.50; 29.50; 2019/07/26 20:30
30.81; 28.87; 28.31; 29.31; 29.43; 2019/07/26 21:00
30.25; 28.75; 28.25; 29.25; 29.50; 2019/07/26 21:30
30.00; 28.68; 28.25; 29.18; 29.43; 2019/07/26 22:00
29.43; 28.56; 28.18; 29.06; 29.31; 2019/07/26 22:30
29.06; 28.31; 28.06; 28.87; 29.31; 2019/07/26 23:00
28.68; 28.18; 28.00; 28.75; 29.31; 2019/07/26 23:30
27.81; 28.06; 27.93; 28.68; 29.25; 2019/07/27 00:00
27.68; 27.93; 27.93; 28.56; 29.18; 2019/07/27 00:30
26.93; 27.87; 27.87; 28.50; 29.12; 2019/07/27 01:00
26.87; 27.87; 27.87; 28.43; 29.12; 2019/07/27 01:30
25.25; 27.87; 27.81; 28.43; 29.06; 2019/07/27 02:00
24.81; 27.75; 27.81; 28.37; 29.00; 2019/07/27 02:30
24.62; 27.75; 27.75; 28.37; 29.00; 2019/07/27 03:00
24.18; 27.68; 27.75; 28.37; 29.00; 2019/07/27 03:30
24.00; 27.62; 27.75; 28.31; 28.93; 2019/07/27 04:00
23.62; 27.56; 27.68; 28.31; 28.87; 2019/07/27 04:30
23.06; 27.56; 27.68; 28.25; 28.81; 2019/07/27 05:00
23.00; 27.50; 27.68; 28.18; 28.81; 2019/07/27 05:30
22.87; 27.50; 27.68; 28.12; 28.75; 2019/07/27 06:00
22.37; 27.43; 27.62; 28.12; 28.75; 2019/07/27 06:30
22.43; 27.37; 27.62; 28.06; 28.68; 2019/07/27 07:00
22.56; 27.37; 27.56; 28.00; 28.68; 2019/07/27 07:30
22.93; 27.37; 27.56; 28.00; 28.62; 2019/07/27 08:00
23.18; 27.43; 27.56; 27.93; 28.62; 2019/07/27 08:30
23.93; 27.37; 27.56; 27.93; 28.56; 2019/07/27 09:00
24.25; 27.43; 27.56; 27.93; 28.62; 2019/07/27 09:30
24.93; 27.43; 27.56; 27.93; 28.68; 2019/07/27 10:00
25.75; 27.43; 27.56; 27.93; 28.75; 2019/07/27 10:30
27.25; 27.50; 27.62; 27.87; 28.93; 2019/07/27 11:00
28.12; 27.62; 27.68; 28.00; 29.12; 2019/07/27 11:30
28.06; 27.68; 27.68; 28.00; 29.25; 2019/07/27 12:00
27.87; 27.81; 27.68; 28.06; 29.31; 2019/07/27 12:30
28.68; 27.87; 27.75; 28.12; 29.43; 2019/07/27 13:00
29.00; 28.06; 27.87; 28.37; 29.62; 2019/07/27 13:30
28.37; 28.06; 27.87; 28.37; 29.68; 2019/07/27 14:00
29.06; 28.06; 27.87; 28.37; 29.62; 2019/07/27 14:30
28.81; 28.00; 27.87; 28.25; 29.56; 2019/07/27 15:00
28.06; 28.00; 27.81; 28.25; 29.50; 2019/07/27 15:30
28.25; 27.93; 27.81; 28.25; 29.43; 2019/07/27 16:00
27.87; 27.93; 27.81; 28.25; 29.37; 2019/07/27 16:30
26.06; 27.81; 27.75; 28.12; 29.37; 2019/07/27 17:00
24.18; 27.62; 27.68; 28.00; 29.37; 2019/07/27 17:30
24.62; 27.56; 27.68; 27.93; 29.31; 2019/07/27 18:00
25.18; 28.25; 28.62; 28.06; 29.31; 2019/07/27 18:30
24.43; 27.50; 27.68; 27.87; 29.31; 2019/07/27 19:00
24.25; 27.62; 27.68; 28.00; 29.31; 2019/07/27 19:30
23.75; 27.62; 27.68; 28.06; 29.25; 2019/07/27 20:00
23.68; 27.56; 27.68; 28.00; 29.25; 2019/07/27 20:30
23.75; 27.50; 27.62; 28.00; 29.18; 2019/07/27 21:00
23.75; 27.50; 27.62; 28.00; 29.12; 2019/07/27 21:30
23.56; 27.50; 27.62; 28.00; 29.06; 2019/07/27 22:00
23.50; 27.43; 27.62; 27.93; 29.00; 2019/07/27 22:30
23.06; 27.43; 27.56; 27.93; 28.93; 2019/07/27 23:00
23.12; 27.43; 27.56; 27.87; 28.93; 2019/07/27 23:30
22.87; 27.43; 27.56; 27.87; 28.87; 2019/07/28 00:00
22.87; 27.37; 27.50; 27.87; 28.87; 2019/07/28 00:30
22.87; 27.37; 27.50; 27.87; 28.81; 2019/07/28 01:00
22.43; 27.37; 27.50; 27.81; 28.75; 2019/07/28 01:30
22.37; 27.31; 27.43; 27.81; 28.68; 2019/07/28 02:00
22.37; 27.31; 27.43; 27.75; 28.68; 2019/07/28 02:30
22.56; 27.31; 27.43; 27.75; 28.62; 2019/07/28 03:00
22.68; 27.25; 27.37; 27.75; 28.56; 2019/07/28 03:30
22.56; 27.25; 27.37; 27.75; 28.56; 2019/07/28 04:00
22.00; 27.25; 27.37; 27.68; 28.50; 2019/07/28 04:30
22.37; 27.25; 27.31; 27.68; 28.43; 2019/07/28 05:00
21.87; 27.25; 27.31; 27.62; 28.43; 2019/07/28 05:30
22.37; 27.18; 27.31; 27.62; 28.37; 2019/07/28 06:00
22.12; 27.18; 27.31; 27.56; 28.37; 2019/07/28 06:30
21.87; 27.18; 27.25; 27.56; 28.31; 2019/07/28 07:00
22.00; 27.18; 27.25; 27.56; 28.31; 2019/07/28 07:30
22.18; 27.18; 27.25; 27.56; 28.25; 2019/07/28 08:00
22.00; 27.12; 27.25; 27.50; 28.25; 2019/07/28 08:30
22.43; 27.12; 27.18; 27.50; 28.18; 2019/07/28 09:00
22.37; 27.06; 27.18; 27.43; 28.18; 2019/07/28 09:30
22.43; 27.12; 27.18; 27.43; 28.18; 2019/07/28 10:00
22.43; 27.12; 27.18; 27.43; 28.12; 2019/07/28 10:30
22.43; 27.06; 27.12; 27.43; 28.12; 2019/07/28 11:00
22.18; 27.06; 27.12; 27.43; 28.12; 2019/07/28 11:30
22.81; 27.06; 27.12; 27.37; 28.12; 2019/07/28 12:00
22.75; 27.06; 27.12; 27.37; 28.06; 2019/07/28 12:30
22.93; 27.06; 27.06; 27.37; 28.06; 2019/07/28 13:00
23.06; 27.00; 27.06; 27.37; 28.06; 2019/07/28 13:30
22.93; 27.00; 27.06; 27.31; 28.06; 2019/07/28 14:00
23.12; 27.00; 27.06; 27.31; 28.06; 2019/07/28 14:30
23.56; 27.00; 27.06; 27.31; 28.12; 2019/07/28 15:00
23.56; 27.00; 27.06; 27.31; 28.12; 2019/07/28 15:30
23.62; 27.06; 27.06; 27.31; 28.18; 2019/07/28 16:00
23.62; 27.06; 27.06; 27.31; 28.12; 2019/07/28 16:30
22.31; 27.00; 27.00; 27.31; 28.06; 2019/07/28 17:00
21.75; 26.93; 27.00; 27.25; 28.00; 2019/07/28 17:30
21.56; 26.93; 26.93; 27.25; 27.93; 2019/07/28 18:00
21.37; 26.87; 26.93; 27.18; 27.93; 2019/07/28 18:30
21.18; 26.87; 26.87; 27.18; 27.87; 2019/07/28 19:00
20.87; 26.81; 26.87; 27.12; 27.81; 2019/07/28 19:30
21.18; 26.81; 26.87; 27.12; 27.81; 2019/07/28 20:00
20.93; 26.81; 26.87; 27.12; 27.75; 2019/07/28 20:30
21.43; 26.75; 26.81; 27.06; 27.75; 2019/07/28 21:00
21.50; 26.75; 26.81; 27.06; 27.68; 2019/07/28 21:30
21.12; 26.68; 26.75; 27.06; 27.68; 2019/07/28 22:00
20.68; 26.68; 26.75; 27.00; 27.62; 2019/07/28 22:30
20.43; 26.68; 26.68; 27.00; 27.62; 2019/07/28 23:00
20.43; 26.68; 26.68; 27.00; 27.56; 2019/07/28 23:30
20.31; 26.62; 26.68; 26.93; 27.56; 2019/07/29 00:00
20.18; 26.62; 26.62; 26.93; 27.50; 2019/07/29 00:30
20.18; 26.56; 26.62; 26.87; 27.50; 2019/07/29 01:00
20.43; 26.56; 26.62; 26.87; 27.43; 2019/07/29 01:30
20.31; 26.56; 26.56; 26.81; 27.43; 2019/07/29 02:00
20.06; 26.50; 26.56; 26.81; 27.37; 2019/07/29 02:30
20.06; 26.50; 26.50; 26.81; 27.37; 2019/07/29 03:00
20.25; 26.43; 26.50; 26.75; 27.31; 2019/07/29 03:30
20.06; 26.43; 26.43; 26.68; 27.31; 2019/07/29 04:00
20.00; 26.37; 26.43; 26.68; 27.25; 2019/07/29 04:30
19.68; 26.37; 26.43; 26.68; 27.18; 2019/07/29 05:00
19.68; 26.37; 26.37; 26.62; 27.18; 2019/07/29 05:30
19.50; 26.31; 26.37; 26.56; 27.12; 2019/07/29 06:00
19.06; 26.31; 26.31; 26.56; 27.12; 2019/07/29 06:30
19.56; 26.25; 26.31; 26.56; 27.06; 2019/07/29 07:00
19.43; 26.25; 26.25; 26.50; 27.06; 2019/07/29 07:30
19.37; 26.18; 26.25; 26.50; 27.00; 2019/07/29 08:00
19.75; 26.18; 26.25; 26.43; 27.00; 2019/07/29 08:30
19.68; 26.18; 26.18; 26.43; 26.93; 2019/07/29 09:00
20.12; 26.12; 26.18; 26.37; 27.00; 2019/07/29 09:30
20.81; 26.12; 26.18; 26.37; 27.06; 2019/07/29 10:00
21.31; 26.12; 26.18; 26.37; 27.25; 2019/07/29 10:30
22.18; 26.18; 26.18; 26.37; 27.37; 2019/07/29 11:00
22.75; 26.12; 26.18; 26.31; 27.56; 2019/07/29 11:30
22.87; 26.12; 26.12; 26.25; 27.50; 2019/07/29 12:00
23.25; 26.12; 26.12; 26.31; 27.56; 2019/07/29 12:30
23.06; 26.18; 26.12; 26.31; 27.68; 2019/07/29 13:00
23.43; 26.18; 26.12; 26.25; 27.75; 2019/07/29 13:30
24.81; 26.31; 26.18; 26.43; 28.00; 2019/07/29 14:00
25.37; 26.43; 26.25; 26.50; 28.18; 2019/07/29 14:30
25.75; 26.56; 26.25; 26.56; 28.18; 2019/07/29 15:00
26.37; 26.68; 26.31; 26.62; 28.25; 2019/07/29 15:30
26.56; 26.68; 26.31; 26.62; 28.12; 2019/07/29 16:00
26.75; 26.62; 26.31; 26.68; 28.06; 2019/07/29 16:30
27.06; 26.68; 26.37; 26.68; 27.93; 2019/07/29 17:00
27.00; 26.75; 26.37; 26.68; 27.81; 2019/07/29 17:30
27.37; 26.56; 26.25; 26.56; 27.75; 2019/07/29 18:00
27.75; 26.62; 26.37; 26.62; 27.68; 2019/07/29 18:30
27.81; 26.62; 26.37; 26.68; 27.68; 2019/07/29 19:00
26.62; 26.56; 26.25; 26.56; 27.68; 2019/07/29 19:30
26.12; 26.43; 26.25; 26.56; 27.62; 2019/07/29 20:00
25.68; 26.37; 26.18; 26.56; 27.56; 2019/07/29 20:30
25.00; 26.31; 26.18; 26.62; 27.50; 2019/07/29 21:00
24.37; 26.31; 26.18; 26.62; 27.43; 2019/07/29 21:30
23.43; 26.25; 26.12; 26.62; 27.43; 2019/07/29 22:00
22.87; 26.25; 26.12; 26.62; 27.37; 2019/07/29 22:30
22.18; 26.18; 26.12; 26.56; 27.37; 2019/07/29 23:00
21.56; 26.18; 26.12; 26.56; 27.31; 2019/07/29 23:30
21.00; 26.12; 26.06; 26.56; 27.25; 2019/07/30 00:00
20.37; 26.06; 26.06; 26.50; 27.25; 2019/07/30 00:30
20.00; 26.06; 26.00; 26.50; 27.18; 2019/07/30 01:00
19.68; 26.00; 26.00; 26.43; 27.18; 2019/07/30 01:30
19.31; 26.00; 25.93; 26.43; 27.12; 2019/07/30 02:00
19.12; 25.93; 25.93; 26.43; 27.06; 2019/07/30 02:30
18.56; 25.93; 25.93; 26.37; 27.06; 2019/07/30 03:00
18.31; 25.87; 25.87; 26.31; 27.00; 2019/07/30 03:30
18.00; 25.87; 25.81; 26.31; 26.93; 2019/07/30 04:00
17.56; 25.81; 25.81; 26.25; 26.87; 2019/07/30 04:30
17.37; 25.75; 25.75; 26.18; 26.87; 2019/07/30 05:00
17.18; 25.68; 25.75; 26.12; 26.81; 2019/07/30 05:30
16.93; 25.68; 25.68; 26.12; 26.75; 2019/07/30 06:00
16.68; 25.62; 25.68; 26.06; 26.68; 2019/07/30 06:30
16.93; 25.62; 25.62; 26.00; 26.68; 2019/07/30 07:00
17.00; 25.56; 25.62; 26.00; 26.62; 2019/07/30 07:30
17.56; 25.56; 25.56; 25.93; 26.56; 2019/07/30 08:00
18.50; 25.50; 25.56; 25.87; 26.56; 2019/07/30 08:30
19.31; 25.50; 25.50; 25.87; 26.56; 2019/07/30 09:00
20.50; 25.50; 25.50; 25.87; 26.56; 2019/07/30 09:30
23.00; 25.56; 25.50; 25.87; 26.62; 2019/07/30 10:00
24.00; 25.62; 25.56; 25.87; 26.81; 2019/07/30 10:30
24.87; 25.62; 25.56; 25.87; 27.00; 2019/07/30 11:00
25.50; 25.62; 25.56; 25.93; 27.25; 2019/07/30 11:30
26.25; 25.75; 25.62; 25.93; 27.43; 2019/07/30 12:00
26.81; 25.87; 25.68; 26.06; 27.62; 2019/07/30 12:30
27.43; 26.00; 25.75; 26.12; 27.62; 2019/07/30 13:00
27.75; 26.12; 25.81; 26.25; 27.75; 2019/07/30 13:30
28.31; 26.12; 25.81; 26.25; 27.87; 2019/07/30 14:00
28.56; 26.37; 25.93; 26.56; 28.06; 2019/07/30 14:30
29.00; 26.50; 26.00; 26.68; 28.06; 2019/07/30 15:00
29.56; 26.37; 26.00; 26.62; 28.00; 2019/07/30 15:30
29.18; 26.43; 26.00; 26.68; 27.93; 2019/07/30 16:00
28.62; 26.31; 25.93; 26.50; 27.81; 2019/07/30 16:30
28.12; 26.18; 25.87; 26.37; 27.62; 2019/07/30 17:00
28.56; 26.31; 25.93; 26.50; 27.62; 2019/07/30 17:30
28.68; 26.37; 25.93; 26.62; 27.56; 2019/07/30 18:00
28.12; 26.37; 26.00; 26.62; 27.62; 2019/07/30 18:30
27.25; 26.18; 25.93; 26.43; 27.56; 2019/07/30 19:00
26.93; 26.12; 25.87; 26.37; 27.56; 2019/07/30 19:30
26.18; 26.06; 25.87; 26.37; 27.50; 2019/07/30 20:00
25.93; 26.06; 25.81; 26.37; 27.50; 2019/07/30 20:30
25.68; 26.00; 25.81; 26.37; 27.43; 2019/07/30 21:00
25.62; 26.00; 25.81; 26.37; 27.43; 2019/07/30 21:30
25.37; 25.93; 25.81; 26.37; 27.43; 2019/07/30 22:00
24.81; 25.93; 25.75; 26.37; 27.37; 2019/07/30 22:30
24.06; 25.87; 25.75; 26.37; 27.37; 2019/07/30 23:00
23.87; 25.87; 25.75; 26.37; 27.37; 2019/07/30 23:30
23.50; 25.87; 25.75; 26.37; 27.31; 2019/07/31 00:00
22.93; 25.81; 25.75; 26.31; 27.31; 2019/07/31 00:30
22.43; 25.81; 25.75; 26.31; 27.25; 2019/07/31 01:00
22.06; 25.75; 25.68; 26.25; 27.18; 2019/07/31 01:30
21.81; 25.75; 25.68; 26.25; 27.12; 2019/07/31 02:00
21.62; 25.75; 25.68; 26.25; 27.12; 2019/07/31 02:30
21.37; 25.68; 25.68; 26.18; 27.06; 2019/07/31 03:00
20.81; 25.68; 25.62; 26.12; 27.00; 2019/07/31 03:30
19.93; 25.62; 25.62; 26.12; 27.00; 2019/07/31 04:00
20.37; 25.62; 25.62; 26.06; 26.93; 2019/07/31 04:30
20.50; 25.56; 25.56; 26.06; 26.87; 2019/07/31 05:00
20.56; 25.56; 25.56; 26.06; 26.81; 2019/07/31 05:30
20.25; 25.56; 25.56; 26.00; 26.81; 2019/07/31 06:00
20.37; 25.50; 25.50; 26.00; 26.75; 2019/07/31 06:30
20.31; 25.50; 25.50; 25.93; 26.75; 2019/07/31 07:00
20.37; 25.50; 25.50; 25.93; 26.68; 2019/07/31 07:30
20.37; 25.50; 25.50; 25.87; 26.62; 2019/07/31 08:00
20.25; 25.43; 25.43; 25.87; 26.62; 2019/07/31 08:30
20.81; 25.43; 25.43; 25.81; 26.62; 2019/07/31 09:00
21.06; 25.43; 25.43; 25.81; 26.62; 2019/07/31 09:30
21.00; 25.37; 25.43; 25.75; 26.68; 2019/07/31 10:00
21.50; 25.37; 25.37; 25.75; 26.81; 2019/07/31 10:30
21.87; 25.43; 25.43; 25.81; 26.87; 2019/07/31 11:00
22.62; 25.43; 25.43; 25.81; 27.00; 2019/07/31 11:30
23.06; 25.43; 25.43; 25.75; 27.12; 2019/07/31 12:00
23.25; 25.43; 25.37; 25.75; 27.12; 2019/07/31 12:30
22.43; 25.43; 25.37; 25.75; 27.00; 2019/07/31 13:00
23.18; 25.43; 25.37; 25.75; 27.06; 2019/07/31 13:30
21.93; 25.43; 25.37; 25.75; 27.25; 2019/07/31 14:00
21.12; 25.43; 25.37; 25.75; 27.06; 2019/07/31 14:30
22.25; 25.43; 25.37; 25.75; 27.06; 2019/07/31 15:00
22.81; 25.43; 25.37; 25.75; 27.18; 2019/07/31 15:30
24.06; 25.56; 25.43; 25.87; 27.25; 2019/07/31 16:00
24.56; 25.50; 25.43; 25.87; 27.18; 2019/07/31 16:30
24.37; 25.50; 25.43; 25.81; 27.12; 2019/07/31 17:00
25.06; 25.56; 25.43; 25.81; 27.12; 2019/07/31 17:30
24.25; 25.50; 25.37; 25.75; 27.06; 2019/07/31 18:00
23.87; 25.43; 25.37; 25.75; 27.00; 2019/07/31 18:30
23.56; 25.43; 25.31; 25.75; 26.93; 2019/07/31 19:00
23.62; 25.43; 25.37; 25.75; 26.87; 2019/07/31 19:30
23.31; 25.37; 25.31; 25.75; 26.87; 2019/07/31 20:00
22.75; 25.37; 25.31; 25.75; 26.81; 2019/07/31 20:30
22.68; 25.37; 25.31; 25.75; 26.75; 2019/07/31 21:00
22.00; 25.37; 25.25; 25.75; 26.68; 2019/07/31 21:30
21.56; 25.31; 25.25; 25.68; 26.68; 2019/07/31 22:00
21.00; 25.31; 25.25; 25.68; 26.62; 2019/07/31 22:30
20.62; 25.25; 25.18; 25.62; 26.56; 2019/07/31 23:00
20.06; 25.18; 25.18; 25.62; 26.56; 2019/07/31 23:30
