21.87; 24.93; 27.25; 25.37; 26.81; 2019/09/01 00:00
22.06; 24.93; 27.25; 25.43; 26.75; 2019/09/01 00:30
21.50; 24.93; 27.25; 25.43; 26.75; 2019/09/01 01:00
20.87; 24.87; 27.25; 25.43; 26.68; 2019/09/01 01:30
21.00; 24.87; 27.25; 25.43; 26.68; 2019/09/01 02:00
20.62; 24.81; 27.25; 25.37; 26.62; 2019/09/01 02:30
20.37; 24.81; 27.25; 25.37; 26.62; 2019/09/01 03:00
20.25; 24.75; 27.18; 25.37; 26.56; 2019/09/01 03:30
19.93; 24.75; 27.18; 25.31; 26.50; 2019/09/01 04:00
19.68; 24.68; 27.18; 25.25; 26.43; 2019/09/01 04:30
19.81; 24.68; 27.12; 25.18; 26.37; 2019/09/01 05:00
20.06; 24.62; 27.12; 25.18; 26.31; 2019/09/01 05:30
19.75; 24.62; 27.06; 25.12; 26.25; 2019/09/01 06:00
19.62; 24.62; 27.06; 25.12; 26.25; 2019/09/01 06:30
19.31; 24.62; 27.06; 25.12; 26.18; 2019/09/01 07:00
19.50; 24.56; 27.00; 25.12; 26.12; 2019/09/01 07:30
19.12; 24.56; 27.00; 25.06; 26.06; 2019/09/01 08:00
19.25; 24.50; 26.93; 25.00; 26.06; 2019/09/01 08:30
19.18; 24.50; 26.93; 25.00; 26.00; 2019/09/01 09:00
19.31; 24.50; 26.87; 24.93; 26.00; 2019/09/01 09:30
19.18; 24.43; 26.87; 24.93; 25.93; 2019/09/01 10:00
18.81; 24.43; 26.81; 24.87; 25.93; 2019/09/01 10:30
18.93; 24.43; 26.81; 24.87; 25.87; 2019/09/01 11:00
19.12; 24.43; 26.75; 24.87; 25.87; 2019/09/01 11:30
19.00; 24.37; 26.75; 24.81; 25.87; 2019/09/01 12:00
20.06; 24.43; 26.81; 24.87; 26.00; 2019/09/01 12:30
20.00; 24.37; 26.68; 24.81; 25.93; 2019/09/01 13:00
20.12; 24.37; 26.68; 24.75; 25.87; 2019/09/01 13:30
20.37; 24.37; 26.62; 24.75; 25.87; 2019/09/01 14:00
20.68; 24.25; 26.62; 24.75; 25.87; 2019/09/01 14:30
20.56; 24.31; 26.56; 24.75; 25.87; 2019/09/01 15:00
20.93; 24.31; 26.56; 24.68; 25.87; 2019/09/01 15:30
20.87; 24.25; 26.56; 24.68; 25.87; 2019/09/01 16:00
21.68; 24.18; 26.62; 24.68; 25.87; 2019/09/01 16:30
21.93; 24.25; 26.75; 24.68; 25.93; 2019/09/01 17:00
21.75; 24.18; 26.75; 24.62; 25.87; 2019/09/01 17:30
22.06; 24.62; 29.62; 24.75; 25.81; 2019/09/01 18:00
21.43; 24.25; 28.62; 24.62; 25.75; 2019/09/01 18:30
21.43; 24.25; 28.06; 24.62; 25.68; 2019/09/01 19:00
20.93; 24.25; 27.56; 24.56; 25.62; 2019/09/01 19:30
20.50; 24.18; 27.25; 24.56; 25.56; 2019/09/01 20:00
19.87; 24.18; 27.00; 24.50; 25.56; 2019/09/01 20:30
18.87; 24.12; 26.81; 24.50; 25.50; 2019/09/01 21:00
18.81; 24.12; 26.62; 24.43; 25.43; 2019/09/01 21:30
18.37; 24.06; 26.56; 24.43; 25.43; 2019/09/01 22:00
18.18; 24.06; 26.43; 24.43; 25.37; 2019/09/01 22:30
17.87; 24.00; 26.37; 24.37; 25.31; 2019/09/01 23:00
17.25; 24.00; 26.25; 24.37; 25.25; 2019/09/01 23:30
17.06; 23.93; 26.18; 24.31; 25.25; 2019/09/02 00:00
16.43; 23.87; 26.06; 24.25; 25.18; 2019/09/02 00:30
15.75; 23.87; 26.00; 24.25; 25.12; 2019/09/02 01:00
15.37; 23.81; 25.87; 24.18; 25.06; 2019/09/02 01:30
14.93; 23.75; 25.81; 24.12; 25.06; 2019/09/02 02:00
14.56; 23.68; 25.75; 24.06; 25.00; 2019/09/02 02:30
14.12; 23.62; 25.68; 24.06; 24.93; 2019/09/02 03:00
13.93; 23.62; 25.56; 24.00; 24.87; 2019/09/02 03:30
13.62; 23.56; 25.50; 23.93; 24.81; 2019/09/02 04:00
13.56; 23.50; 25.43; 23.87; 24.81; 2019/09/02 04:30
13.37; 23.43; 25.31; 23.81; 24.75; 2019/09/02 05:00
13.18; 23.43; 25.25; 23.75; 24.68; 2019/09/02 05:30
13.06; 23.37; 25.18; 23.75; 24.62; 2019/09/02 06:00
12.75; 23.31; 25.06; 23.68; 24.56; 2019/09/02 06:30
12.31; 23.25; 25.00; 23.62; 24.50; 2019/09/02 07:00
12.43; 23.18; 24.87; 23.56; 24.43; 2019/09/02 07:30
12.25; 23.12; 24.81; 23.43; 24.37; 2019/09/02 08:00
13.00; 23.12; 24.75; 23.43; 24.31; 2019/09/02 08:30
13.75; 23.06; 24.68; 23.37; 24.31; 2019/09/02 09:00
15.31; 23.12; 24.68; 23.37; 24.50; 2019/09/02 09:30
15.93; 23.12; 24.62; 23.37; 24.68; 2019/09/02 10:00
16.56; 23.12; 24.62; 23.31; 24.93; 2019/09/02 10:30
17.37; 23.12; 24.56; 23.31; 25.18; 2019/09/02 11:00
17.81; 23.06; 24.43; 23.25; 25.43; 2019/09/02 11:30
18.31; 23.06; 24.37; 23.25; 25.62; 2019/09/02 12:00
19.25; 23.06; 24.37; 23.25; 25.68; 2019/09/02 12:30
19.62; 23.06; 24.37; 23.25; 25.68; 2019/09/02 13:00
20.00; 23.06; 24.31; 23.25; 25.81; 2019/09/02 13:30
20.00; 23.12; 24.25; 23.25; 25.87; 2019/09/02 14:00
20.18; 23.18; 24.37; 23.25; 25.87; 2019/09/02 14:30
21.25; 23.43; 24.62; 23.43; 26.25; 2019/09/02 15:00
20.75; 23.43; 24.62; 23.37; 26.12; 2019/09/02 15:30
21.37; 23.37; 24.81; 23.37; 25.93; 2019/09/02 16:00
21.56; 23.43; 24.87; 23.37; 25.75; 2019/09/02 16:30
21.81; 23.43; 25.12; 23.43; 25.56; 2019/09/02 17:00
21.56; 23.43; 25.18; 23.43; 25.37; 2019/09/02 17:30
21.56; 23.31; 25.12; 23.37; 25.25; 2019/09/02 18:00
21.12; 23.25; 24.87; 23.31; 25.12; 2019/09/02 18:30
21.00; 23.18; 24.81; 23.31; 25.06; 2019/09/02 19:00
20.43; 23.12; 24.62; 23.31; 25.00; 2019/09/02 19:30
19.81; 23.12; 24.62; 23.31; 24.87; 2019/09/02 20:00
18.87; 23.06; 24.56; 23.31; 24.81; 2019/09/02 20:30
18.12; 23.06; 24.56; 23.31; 24.75; 2019/09/02 21:00
17.50; 23.00; 24.50; 23.31; 24.68; 2019/09/02 21:30
16.75; 22.93; 24.50; 23.31; 24.68; 2019/09/02 22:00
16.31; 22.93; 24.43; 23.31; 24.62; 2019/09/02 22:30
15.68; 22.87; 24.43; 23.31; 24.56; 2019/09/02 23:00
15.37; 22.81; 24.37; 23.25; 24.50; 2019/09/02 23:30
15.06; 22.81; 24.31; 23.25; 24.50; 2019/09/03 00:00
14.37; 22.75; 24.25; 23.18; 24.43; 2019/09/03 00:30
14.18; 22.75; 24.25; 23.18; 24.37; 2019/09/03 01:00
14.00; 22.68; 24.18; 23.12; 24.31; 2019/09/03 01:30
13.93; 22.62; 24.12; 23.06; 24.25; 2019/09/03 02:00
13.31; 22.62; 24.12; 23.06; 24.18; 2019/09/03 02:30
13.06; 22.56; 24.00; 23.00; 24.12; 2019/09/03 03:00
13.18; 22.50; 24.00; 22.93; 24.06; 2019/09/03 03:30
13.25; 22.43; 23.93; 22.87; 24.00; 2019/09/03 04:00
13.31; 22.43; 23.87; 22.81; 23.93; 2019/09/03 04:30
13.18; 22.37; 23.81; 22.81; 23.87; 2019/09/03 05:00
13.31; 22.37; 23.75; 22.75; 23.81; 2019/09/03 05:30
13.93; 22.31; 23.68; 22.68; 23.81; 2019/09/03 06:00
13.75; 22.31; 23.62; 22.68; 23.75; 2019/09/03 06:30
14.31; 22.31; 23.62; 22.62; 23.68; 2019/09/03 07:00
14.12; 22.25; 23.56; 22.56; 23.62; 2019/09/03 07:30
14.56; 22.25; 23.50; 22.56; 23.56; 2019/09/03 08:00
15.00; 22.18; 23.43; 22.50; 23.56; 2019/09/03 08:30
15.25; 22.18; 23.37; 22.50; 23.50; 2019/09/03 09:00
15.75; 22.18; 23.31; 22.50; 23.43; 2019/09/03 09:30
16.18; 22.18; 23.25; 22.50; 23.43; 2019/09/03 10:00
16.75; 22.18; 23.18; 22.43; 23.62; 2019/09/03 10:30
17.43; 22.18; 23.18; 22.43; 24.00; 2019/09/03 11:00
18.25; 22.25; 23.18; 22.43; 24.18; 2019/09/03 11:30
18.87; 22.25; 23.18; 22.50; 24.18; 2019/09/03 12:00
19.06; 22.25; 23.06; 22.43; 24.25; 2019/09/03 12:30
19.43; 22.25; 23.00; 22.43; 24.12; 2019/09/03 13:00
19.37; 22.25; 23.06; 22.37; 24.00; 2019/09/03 13:30
19.31; 22.25; 23.06; 22.37; 23.87; 2019/09/03 14:00
19.37; 22.18; 23.00; 22.31; 23.75; 2019/09/03 14:30
19.25; 22.18; 22.93; 22.31; 23.68; 2019/09/03 15:00
19.37; 22.18; 23.00; 22.31; 23.68; 2019/09/03 15:30
19.25; 22.25; 23.00; 22.31; 23.62; 2019/09/03 16:00
19.31; 22.18; 23.00; 22.31; 23.56; 2019/09/03 16:30
19.43; 22.18; 22.93; 22.31; 23.56; 2019/09/03 17:00
19.06; 22.18; 22.93; 22.31; 23.50; 2019/09/03 17:30
19.00; 22.12; 22.93; 22.31; 23.50; 2019/09/03 18:00
19.06; 22.12; 22.93; 22.31; 23.43; 2019/09/03 18:30
18.93; 22.06; 22.93; 22.25; 23.43; 2019/09/03 19:00
18.68; 22.12; 22.93; 22.25; 23.37; 2019/09/03 19:30
18.68; 22.06; 22.93; 22.25; 23.37; 2019/09/03 20:00
18.62; 22.06; 22.93; 22.25; 23.31; 2019/09/03 20:30
18.25; 22.06; 22.87; 22.25; 23.31; 2019/09/03 21:00
18.00; 22.00; 22.87; 22.25; 23.25; 2019/09/03 21:30
17.56; 22.00; 22.87; 22.25; 23.25; 2019/09/03 22:00
17.37; 22.00; 22.81; 22.18; 23.25; 2019/09/03 22:30
16.87; 21.93; 22.81; 22.18; 23.18; 2019/09/03 23:00
16.68; 21.93; 22.75; 22.18; 23.12; 2019/09/03 23:30
16.75; 21.93; 22.75; 22.12; 23.12; 2019/09/04 00:00
16.75; 21.93; 22.68; 22.12; 23.06; 2019/09/04 00:30
16.68; 21.87; 22.68; 22.12; 23.06; 2019/09/04 01:00
16.62; 21.87; 22.62; 22.12; 23.00; 2019/09/04 01:30
16.68; 21.81; 22.62; 22.06; 23.00; 2019/09/04 02:00
16.56; 21.81; 22.62; 22.06; 22.93; 2019/09/04 02:30
16.62; 21.81; 22.56; 22.06; 22.87; 2019/09/04 03:00
16.56; 21.81; 22.56; 22.00; 22.87; 2019/09/04 03:30
16.87; 21.75; 22.50; 22.00; 22.87; 2019/09/04 04:00
16.81; 21.75; 22.50; 22.00; 22.81; 2019/09/04 04:30
16.68; 21.75; 22.43; 21.93; 22.81; 2019/09/04 05:00
16.68; 21.68; 22.43; 21.93; 22.75; 2019/09/04 05:30
16.68; 21.68; 22.37; 21.87; 22.68; 2019/09/04 06:00
16.37; 21.68; 22.37; 21.87; 22.68; 2019/09/04 06:30
16.25; 21.62; 22.31; 21.81; 22.68; 2019/09/04 07:00
16.00; 21.62; 22.25; 21.81; 22.62; 2019/09/04 07:30
16.12; 21.62; 22.25; 21.81; 22.62; 2019/09/04 08:00
16.25; 21.56; 22.18; 21.75; 22.56; 2019/09/04 08:30
16.75; 21.56; 22.18; 21.75; 22.56; 2019/09/04 09:00
17.37; 21.56; 22.18; 21.75; 22.75; 2019/09/04 09:30
17.18; 21.56; 22.06; 21.68; 22.68; 2019/09/04 10:00
17.06; 21.56; 22.00; 21.68; 22.62; 2019/09/04 10:30
17.56; 21.56; 22.00; 21.68; 22.62; 2019/09/04 11:00
18.37; 21.56; 22.00; 21.68; 22.81; 2019/09/04 11:30
19.25; 21.56; 22.00; 21.68; 23.43; 2019/09/04 12:00
20.37; 21.68; 22.12; 21.81; 23.75; 2019/09/04 12:30
20.62; 21.81; 22.18; 21.81; 24.00; 2019/09/04 13:00
20.93; 21.93; 22.25; 21.93; 24.25; 2019/09/04 13:30
21.56; 22.06; 22.43; 22.12; 24.56; 2019/09/04 14:00
22.00; 22.18; 22.68; 22.31; 24.68; 2019/09/04 14:30
22.56; 22.31; 22.87; 22.50; 24.81; 2019/09/04 15:00
23.25; 22.25; 23.06; 22.43; 24.68; 2019/09/04 15:30
23.31; 22.37; 23.25; 22.50; 24.56; 2019/09/04 16:00
23.00; 22.31; 23.12; 22.43; 24.25; 2019/09/04 16:30
22.68; 22.25; 22.87; 22.31; 24.00; 2019/09/04 17:00
22.37; 22.12; 22.75; 22.25; 23.87; 2019/09/04 17:30
20.62; 21.93; 22.50; 22.06; 23.68; 2019/09/04 18:00
18.93; 21.87; 22.43; 22.06; 23.62; 2019/09/04 18:30
18.68; 21.81; 22.43; 22.12; 23.50; 2019/09/04 19:00
18.62; 21.81; 22.43; 22.18; 23.43; 2019/09/04 19:30
18.00; 21.81; 22.43; 22.18; 23.37; 2019/09/04 20:00
17.75; 21.81; 22.43; 22.18; 23.37; 2019/09/04 20:30
17.43; 21.75; 22.37; 22.18; 23.31; 2019/09/04 21:00
17.43; 21.75; 22.37; 22.25; 23.25; 2019/09/04 21:30
17.25; 21.75; 22.37; 22.18; 23.18; 2019/09/04 22:00
17.31; 21.75; 22.37; 22.18; 23.18; 2019/09/04 22:30
17.06; 21.68; 22.37; 22.18; 23.12; 2019/09/04 23:00
17.12; 21.68; 22.31; 22.18; 23.12; 2019/09/04 23:30
17.25; 21.68; 22.37; 22.18; 23.06; 2019/09/05 00:00
16.81; 21.68; 22.37; 22.18; 23.06; 2019/09/05 00:30
16.50; 21.62; 22.37; 22.12; 23.06; 2019/09/05 01:00
15.87; 21.62; 22.37; 22.06; 23.00; 2019/09/05 01:30
15.87; 21.62; 22.31; 22.06; 22.93; 2019/09/05 02:00
15.56; 21.56; 22.31; 22.06; 22.93; 2019/09/05 02:30
15.12; 21.56; 22.31; 22.00; 22.87; 2019/09/05 03:00
15.00; 21.50; 22.25; 22.00; 22.87; 2019/09/05 03:30
14.75; 21.50; 22.25; 21.93; 22.81; 2019/09/05 04:00
14.87; 21.43; 22.18; 21.93; 22.75; 2019/09/05 04:30
14.81; 21.43; 22.18; 21.87; 22.68; 2019/09/05 05:00
14.62; 21.43; 22.12; 21.87; 22.68; 2019/09/05 05:30
14.43; 21.37; 22.06; 21.81; 22.62; 2019/09/05 06:00
14.12; 21.37; 22.06; 21.81; 22.62; 2019/09/05 06:30
14.18; 21.37; 22.00; 21.75; 22.56; 2019/09/05 07:00
14.18; 21.31; 22.00; 21.68; 22.50; 2019/09/05 07:30
13.93; 21.31; 21.93; 21.68; 22.43; 2019/09/05 08:00
14.50; 21.25; 21.87; 21.62; 22.43; 2019/09/05 08:30
14.43; 21.25; 21.81; 21.62; 22.37; 2019/09/05 09:00
14.56; 21.25; 21.75; 21.56; 22.43; 2019/09/05 09:30
15.25; 21.18; 21.75; 21.56; 22.43; 2019/09/05 10:00
15.68; 21.25; 21.68; 21.56; 22.62; 2019/09/05 10:30
16.25; 21.18; 21.68; 21.50; 22.50; 2019/09/05 11:00
16.62; 21.12; 21.68; 21.50; 22.56; 2019/09/05 11:30
17.12; 21.50; 21.68; 21.75; 23.00; 2019/09/05 12:00
17.00; 21.50; 21.50; 21.75; 23.00; 2019/09/05 12:30
18.18; 21.50; 21.50; 21.81; 23.18; 2019/09/05 13:00
18.87; 21.56; 21.68; 21.81; 23.43; 2019/09/05 13:30
18.18; 21.68; 21.56; 21.81; 23.12; 2019/09/05 14:00
18.50; 21.81; 21.62; 21.93; 23.31; 2019/09/05 14:30
18.06; 21.37; 21.56; 21.62; 23.12; 2019/09/05 15:00
17.81; 21.25; 21.62; 21.56; 23.12; 2019/09/05 15:30
18.56; 21.25; 21.75; 21.56; 23.12; 2019/09/05 16:00
17.87; 21.18; 21.56; 21.43; 22.87; 2019/09/05 16:30
17.62; 21.12; 21.56; 21.43; 22.75; 2019/09/05 17:00
17.93; 21.12; 21.56; 21.43; 22.75; 2019/09/05 17:30
18.31; 21.12; 21.62; 21.50; 22.68; 2019/09/05 18:00
18.18; 21.12; 21.68; 21.43; 22.62; 2019/09/05 18:30
17.56; 21.06; 21.62; 21.37; 22.56; 2019/09/05 19:00
17.25; 21.06; 21.56; 21.37; 22.50; 2019/09/05 19:30
17.00; 21.06; 21.56; 21.37; 22.43; 2019/09/05 20:00
16.81; 21.06; 21.56; 21.37; 22.43; 2019/09/05 20:30
16.62; 21.00; 21.56; 21.37; 22.37; 2019/09/05 21:00
15.87; 21.06; 21.56; 21.37; 22.31; 2019/09/05 21:30
15.50; 21.00; 21.50; 21.37; 22.31; 2019/09/05 22:00
15.12; 20.93; 21.50; 21.31; 22.25; 2019/09/05 22:30
14.93; 20.93; 21.43; 21.31; 22.18; 2019/09/05 23:00
14.37; 20.87; 21.43; 21.25; 22.12; 2019/09/05 23:30
13.75; 20.87; 21.37; 21.25; 22.12; 2019/09/06 00:00
13.31; 20.81; 21.37; 21.25; 22.06; 2019/09/06 00:30
12.62; 20.81; 21.31; 21.18; 22.06; 2019/09/06 01:00
12.50; 20.75; 21.25; 21.12; 22.00; 2019/09/06 01:30
12.25; 20.68; 21.25; 21.06; 21.93; 2019/09/06 02:00
11.93; 20.68; 21.18; 21.06; 21.87; 2019/09/06 02:30
11.50; 20.62; 21.12; 21.00; 21.81; 2019/09/06 03:00
11.56; 20.56; 21.06; 20.93; 21.75; 2019/09/06 03:30
11.00; 20.56; 21.00; 20.87; 21.68; 2019/09/06 04:00
10.75; 20.50; 20.93; 20.81; 21.68; 2019/09/06 04:30
10.31; 20.43; 20.87; 20.75; 21.62; 2019/09/06 05:00
10.43; 20.37; 20.81; 20.75; 21.56; 2019/09/06 05:30
10.25; 20.37; 20.75; 20.68; 21.50; 2019/09/06 06:00
9.68; 20.31; 20.68; 20.62; 21.43; 2019/09/06 06:30
9.81; 20.25; 20.62; 20.56; 21.37; 2019/09/06 07:00
9.25; 20.18; 20.56; 20.50; 21.31; 2019/09/06 07:30
9.75; 20.12; 20.50; 20.43; 21.25; 2019/09/06 08:00
10.06; 20.12; 20.43; 20.43; 21.18; 2019/09/06 08:30
11.62; 20.12; 20.43; 20.37; 21.18; 2019/09/06 09:00
12.25; 20.12; 20.37; 20.43; 21.31; 2019/09/06 09:30
12.93; 20.12; 20.37; 20.37; 21.50; 2019/09/06 10:00
13.50; 20.12; 20.37; 20.37; 21.81; 2019/09/06 10:30
14.56; 19.75; 20.25; 20.25; 22.06; 2019/09/06 11:00
15.18; 20.06; 20.25; 20.31; 22.18; 2019/09/06 11:30
15.31; 20.12; 20.31; 20.31; 22.18; 2019/09/06 12:00
16.12; 20.12; 20.25; 20.37; 22.37; 2019/09/06 12:30
16.62; 20.18; 20.31; 20.37; 22.43; 2019/09/06 13:00
16.68; 20.18; 20.25; 20.37; 22.56; 2019/09/06 13:30
17.43; 20.31; 20.31; 20.43; 22.75; 2019/09/06 14:00
17.93; 20.37; 20.50; 20.50; 22.93; 2019/09/06 14:30
18.56; 20.50; 20.68; 20.56; 23.12; 2019/09/06 15:00
18.87; 20.50; 20.87; 20.56; 23.00; 2019/09/06 15:30
19.12; 20.56; 21.06; 20.62; 22.93; 2019/09/06 16:00
19.50; 20.62; 21.31; 20.68; 22.75; 2019/09/06 16:30
19.50; 20.62; 21.37; 20.68; 22.56; 2019/09/06 17:00
19.50; 20.50; 21.25; 20.56; 22.31; 2019/09/06 17:30
19.50; 19.75; 22.68; 20.18; 22.25; 2019/09/06 18:00
19.12; 20.31; 26.87; 20.81; 22.06; 2019/09/06 18:30
20.25; 22.93; 30.00; 21.75; 22.75; 2019/09/06 19:00
19.31; 22.31; 29.25; 21.62; 22.68; 2019/09/06 19:30
19.37; 21.18; 24.75; 21.25; 22.50; 2019/09/06 20:00
18.93; 21.18; 24.06; 21.18; 22.31; 2019/09/06 20:30
18.75; 21.00; 23.37; 21.00; 22.31; 2019/09/06 21:00
17.50; 20.43; 22.93; 20.75; 21.93; 2019/09/06 21:30
17.18; 20.37; 22.62; 20.75; 21.81; 2019/09/06 22:00
16.87; 20.31; 22.37; 20.68; 21.75; 2019/09/06 22:30
16.56; 20.31; 22.18; 20.68; 21.68; 2019/09/06 23:00
16.25; 20.25; 22.06; 20.68; 21.68; 2019/09/06 23:30
16.00; 20.25; 21.93; 20.62; 21.62; 2019/09/07 00:00
15.75; 20.18; 21.81; 20.62; 21.56; 2019/09/07 00:30
15.62; 20.18; 21.75; 20.62; 21.50; 2019/09/07 01:00
15.75; 20.18; 21.62; 20.62; 21.50; 2019/09/07 01:30
15.62; 20.18; 21.56; 20.56; 21.43; 2019/09/07 02:00
15.87; 20.18; 21.50; 20.56; 21.43; 2019/09/07 02:30
15.50; 20.12; 21.43; 20.56; 21.37; 2019/09/07 03:00
15.50; 20.12; 21.37; 20.50; 21.37; 2019/09/07 03:30
15.37; 20.06; 21.31; 20.50; 21.31; 2019/09/07 04:00
15.25; 20.12; 21.25; 20.50; 21.31; 2019/09/07 04:30
14.25; 20.06; 21.12; 20.43; 21.25; 2019/09/07 05:00
14.18; 20.06; 21.12; 20.43; 21.18; 2019/09/07 05:30
13.93; 20.06; 21.12; 20.43; 21.18; 2019/09/07 06:00
13.87; 20.00; 21.06; 20.43; 21.12; 2019/09/07 06:30
14.12; 20.00; 21.06; 20.37; 21.12; 2019/09/07 07:00
14.25; 20.00; 21.00; 20.37; 21.12; 2019/09/07 07:30
14.06; 19.93; 21.00; 20.31; 21.06; 2019/09/07 08:00
14.18; 19.93; 20.93; 20.31; 21.06; 2019/09/07 08:30
14.25; 19.93; 20.93; 20.31; 21.00; 2019/09/07 09:00
14.50; 19.93; 20.87; 20.25; 21.00; 2019/09/07 09:30
14.62; 19.93; 20.87; 20.25; 21.00; 2019/09/07 10:00
14.87; 19.93; 20.81; 20.25; 21.00; 2019/09/07 10:30
15.50; 19.93; 20.87; 20.25; 21.18; 2019/09/07 11:00
16.25; 19.93; 20.81; 20.31; 21.50; 2019/09/07 11:30
16.56; 19.93; 20.81; 20.31; 21.62; 2019/09/07 12:00
16.50; 19.93; 20.68; 20.25; 21.56; 2019/09/07 12:30
17.56; 20.06; 20.87; 20.43; 21.93; 2019/09/07 13:00
18.18; 20.31; 20.87; 20.50; 22.25; 2019/09/07 13:30
18.56; 20.18; 20.87; 20.50; 22.18; 2019/09/07 14:00
18.00; 20.00; 20.68; 20.31; 21.87; 2019/09/07 14:30
17.18; 20.06; 20.62; 20.31; 21.62; 2019/09/07 15:00
17.50; 20.00; 20.68; 20.31; 21.56; 2019/09/07 15:30
17.18; 19.93; 20.68; 20.25; 21.50; 2019/09/07 16:00
17.12; 20.00; 20.68; 20.25; 21.43; 2019/09/07 16:30
18.06; 20.00; 20.87; 20.37; 21.43; 2019/09/07 17:00
17.87; 19.93; 20.81; 20.31; 21.50; 2019/09/07 17:30
17.87; 19.93; 20.75; 20.31; 21.37; 2019/09/07 18:00
17.75; 19.93; 20.68; 20.31; 21.37; 2019/09/07 18:30
17.68; 19.93; 20.75; 20.31; 21.31; 2019/09/07 19:00
17.62; 19.93; 20.68; 20.31; 21.31; 2019/09/07 19:30
17.37; 19.93; 20.68; 20.31; 21.25; 2019/09/07 20:00
16.56; 19.93; 20.68; 20.31; 21.18; 2019/09/07 20:30
15.81; 19.87; 20.68; 20.31; 21.18; 2019/09/07 21:00
15.06; 19.87; 20.62; 20.25; 21.12; 2019/09/07 21:30
14.68; 19.87; 20.62; 20.25; 21.06; 2019/09/07 22:00
13.93; 19.81; 20.56; 20.25; 21.06; 2019/09/07 22:30
14.00; 19.81; 20.56; 20.18; 21.00; 2019/09/07 23:00
13.56; 19.75; 20.50; 20.12; 21.00; 2019/09/07 23:30
13.37; 19.75; 20.50; 20.12; 20.93; 2019/09/08 00:00
13.06; 19.68; 20.43; 20.12; 20.93; 2019/09/08 00:30
12.87; 19.68; 20.43; 20.06; 20.87; 2019/09/08 01:00
12.37; 19.62; 20.37; 20.06; 20.81; 2019/09/08 01:30
12.18; 19.62; 20.37; 20.00; 20.81; 2019/09/08 02:00
12.56; 19.56; 20.31; 20.00; 20.75; 2019/09/08 02:30
12.62; 19.56; 20.25; 19.93; 20.68; 2019/09/08 03:00
12.87; 19.56; 20.25; 19.93; 20.68; 2019/09/08 03:30
12.81; 19.56; 20.25; 19.87; 20.62; 2019/09/08 04:00
13.12; 19.50; 20.18; 19.87; 20.56; 2019/09/08 04:30
13.50; 19.50; 20.18; 19.81; 20.56; 2019/09/08 05:00
13.93; 19.50; 20.12; 19.81; 20.50; 2019/09/08 05:30
13.68; 19.50; 20.12; 19.81; 20.50; 2019/09/08 06:00
13.87; 19.43; 20.06; 19.75; 20.43; 2019/09/08 06:30
13.68; 19.43; 20.06; 19.75; 20.37; 2019/09/08 07:00
14.00; 19.43; 20.00; 19.75; 20.37; 2019/09/08 07:30
13.68; 19.37; 19.93; 19.68; 20.37; 2019/09/08 08:00
13.93; 19.37; 19.93; 19.68; 20.31; 2019/09/08 08:30
14.12; 19.37; 19.87; 19.62; 20.31; 2019/09/08 09:00
14.18; 19.31; 19.87; 19.62; 20.31; 2019/09/08 09:30
14.68; 19.31; 19.87; 19.62; 20.31; 2019/09/08 10:00
15.00; 19.31; 19.81; 19.62; 20.31; 2019/09/08 10:30
15.18; 19.25; 19.75; 19.56; 20.43; 2019/09/08 11:00
15.18; 19.25; 19.75; 19.56; 20.37; 2019/09/08 11:30
16.37; 19.25; 19.81; 19.56; 20.87; 2019/09/08 12:00
17.25; 19.37; 19.87; 19.62; 21.06; 2019/09/08 12:30
18.12; 19.56; 19.93; 19.81; 21.50; 2019/09/08 13:00
17.06; 19.37; 19.75; 19.62; 21.25; 2019/09/08 13:30
17.00; 19.31; 19.75; 19.62; 21.00; 2019/09/08 14:00
16.87; 19.37; 19.68; 19.56; 20.81; 2019/09/08 14:30
16.37; 19.31; 19.68; 19.56; 20.68; 2019/09/08 15:00
16.50; 19.31; 19.68; 19.56; 20.62; 2019/09/08 15:30
16.43; 19.25; 19.68; 19.56; 20.62; 2019/09/08 16:00
16.62; 19.25; 19.68; 19.56; 20.56; 2019/09/08 16:30
16.75; 19.25; 19.68; 19.56; 20.56; 2019/09/08 17:00
16.93; 19.25; 19.62; 19.56; 20.56; 2019/09/08 17:30
16.75; 19.25; 19.62; 19.56; 20.50; 2019/09/08 18:00
16.68; 19.25; 19.62; 19.56; 20.50; 2019/09/08 18:30
15.93; 19.25; 19.62; 19.56; 20.43; 2019/09/08 19:00
15.12; 19.25; 19.62; 19.56; 20.37; 2019/09/08 19:30
14.31; 19.25; 19.62; 19.56; 20.37; 2019/09/08 20:00
14.06; 19.18; 19.62; 19.56; 20.31; 2019/09/08 20:30
13.50; 19.18; 19.62; 19.50; 20.31; 2019/09/08 21:00
13.87; 19.18; 19.62; 19.50; 20.25; 2019/09/08 21:30
14.00; 19.12; 19.56; 19.50; 20.25; 2019/09/08 22:00
13.81; 19.12; 19.56; 19.50; 20.18; 2019/09/08 22:30
13.81; 19.12; 19.56; 19.43; 20.18; 2019/09/08 23:00
13.18; 19.12; 19.56; 19.43; 20.12; 2019/09/08 23:30
13.75; 19.06; 19.50; 19.43; 20.12; 2019/09/09 00:00
13.81; 19.06; 19.50; 19.37; 20.06; 2019/09/09 00:30
13.12; 19.06; 19.50; 19.37; 20.06; 2019/09/09 01:00
13.43; 19.00; 19.43; 19.37; 20.00; 2019/09/09 01:30
13.50; 19.00; 19.43; 19.37; 20.00; 2019/09/09 02:00
13.56; 19.00; 19.43; 19.37; 20.00; 2019/09/09 02:30
13.56; 19.00; 19.37; 19.31; 19.93; 2019/09/09 03:00
13.50; 18.93; 19.37; 19.31; 19.93; 2019/09/09 03:30
13.43; 18.93; 19.31; 19.25; 19.87; 2019/09/09 04:00
13.25; 18.93; 19.31; 19.25; 19.87; 2019/09/09 04:30
13.18; 18.87; 19.25; 19.25; 19.81; 2019/09/09 05:00
12.93; 18.87; 19.25; 19.18; 19.81; 2019/09/09 05:30
13.00; 18.87; 19.18; 19.18; 19.75; 2019/09/09 06:00
12.81; 18.87; 19.18; 19.18; 19.68; 2019/09/09 06:30
12.68; 18.81; 19.12; 19.12; 19.68; 2019/09/09 07:00
12.12; 18.81; 19.06; 19.06; 19.68; 2019/09/09 07:30
12.93; 18.75; 19.06; 19.06; 19.62; 2019/09/09 08:00
12.62; 18.75; 19.06; 19.06; 19.62; 2019/09/09 08:30
13.12; 18.75; 19.00; 19.00; 19.62; 2019/09/09 09:00
13.56; 18.75; 19.00; 19.00; 19.56; 2019/09/09 09:30
13.93; 18.68; 19.00; 19.00; 19.56; 2019/09/09 10:00
14.37; 18.68; 19.00; 19.00; 19.68; 2019/09/09 10:30
14.93; 18.68; 19.00; 18.93; 20.12; 2019/09/09 11:00
14.87; 18.68; 18.93; 18.93; 20.00; 2019/09/09 11:30
14.93; 18.68; 18.93; 18.93; 19.87; 2019/09/09 12:00
15.18; 18.75; 18.93; 18.93; 19.81; 2019/09/09 12:30
15.75; 18.75; 19.00; 19.00; 20.25; 2019/09/09 13:00
15.93; 18.81; 18.93; 18.93; 20.50; 2019/09/09 13:30
15.93; 18.75; 18.87; 18.93; 20.18; 2019/09/09 14:00
16.81; 18.81; 19.00; 19.00; 20.37; 2019/09/09 14:30
17.00; 18.87; 19.12; 19.00; 20.50; 2019/09/09 15:00
17.18; 18.87; 19.12; 18.93; 20.37; 2019/09/09 15:30
17.56; 18.93; 19.25; 19.00; 20.37; 2019/09/09 16:00
17.43; 18.87; 19.18; 19.00; 20.31; 2019/09/09 16:30
17.43; 18.87; 19.18; 19.00; 20.18; 2019/09/09 17:00
18.18; 19.00; 19.68; 19.12; 20.18; 2019/09/09 17:30
18.43; 19.06; 19.87; 19.25; 20.06; 2019/09/09 18:00
18.43; 19.00; 19.87; 19.12; 20.06; 2019/09/09 18:30
17.75; 18.87; 19.62; 19.06; 20.00; 2019/09/09 19:00
17.18; 18.87; 19.37; 19.06; 19.93; 2019/09/09 19:30
16.31; 18.81; 19.25; 19.00; 19.87; 2019/09/09 20:00
15.37; 18.75; 19.18; 19.00; 19.87; 2019/09/09 20:30
14.93; 18.68; 19.12; 19.00; 19.81; 2019/09/09 21:00
14.12; 18.68; 19.12; 19.00; 19.75; 2019/09/09 21:30
13.68; 18.62; 19.06; 19.00; 19.75; 2019/09/09 22:00
13.18; 18.62; 19.06; 19.00; 19.68; 2019/09/09 22:30
12.87; 18.56; 19.06; 19.00; 19.68; 2019/09/09 23:00
12.43; 18.56; 19.00; 18.93; 19.62; 2019/09/09 23:30
12.12; 18.56; 19.00; 18.93; 19.62; 2019/09/10 00:00
11.81; 18.50; 18.93; 18.93; 19.56; 2019/09/10 00:30
11.81; 18.43; 18.93; 18.87; 19.56; 2019/09/10 01:00
11.25; 18.43; 18.87; 18.87; 19.50; 2019/09/10 01:30
11.06; 18.43; 18.87; 18.81; 19.50; 2019/09/10 02:00
10.81; 18.37; 18.81; 18.81; 19.43; 2019/09/10 02:30
10.50; 18.31; 18.81; 18.75; 19.37; 2019/09/10 03:00
10.37; 18.31; 18.75; 18.68; 19.37; 2019/09/10 03:30
10.37; 18.25; 18.68; 18.68; 19.31; 2019/09/10 04:00
9.75; 18.25; 18.68; 18.62; 19.25; 2019/09/10 04:30
10.00; 18.18; 18.62; 18.56; 19.18; 2019/09/10 05:00
9.81; 18.12; 18.56; 18.50; 19.18; 2019/09/10 05:30
9.56; 18.12; 18.50; 18.50; 19.12; 2019/09/10 06:00
9.43; 18.06; 18.43; 18.43; 19.06; 2019/09/10 06:30
9.56; 18.06; 18.37; 18.37; 19.00; 2019/09/10 07:00
9.43; 18.00; 18.37; 18.31; 19.00; 2019/09/10 07:30
9.43; 18.00; 18.31; 18.31; 18.93; 2019/09/10 08:00
9.43; 17.93; 18.25; 18.31; 18.87; 2019/09/10 08:30
10.06; 17.93; 18.25; 18.25; 18.87; 2019/09/10 09:00
11.00; 17.93; 18.18; 18.25; 18.93; 2019/09/10 09:30
12.25; 17.93; 18.25; 18.18; 19.18; 2019/09/10 10:00
13.62; 17.93; 18.25; 18.18; 19.50; 2019/09/10 10:30
15.12; 18.00; 18.31; 18.18; 19.93; 2019/09/10 11:00
15.81; 18.00; 18.31; 18.18; 20.18; 2019/09/10 11:30
16.81; 18.06; 18.37; 18.25; 20.37; 2019/09/10 12:00
17.43; 18.18; 18.50; 18.37; 20.37; 2019/09/10 12:30
17.93; 18.56; 18.68; 18.62; 20.62; 2019/09/10 13:00
18.62; 18.68; 18.75; 18.93; 20.93; 2019/09/10 13:30
17.93; 18.81; 18.68; 18.75; 20.81; 2019/09/10 14:00
18.00; 18.62; 18.62; 18.56; 20.43; 2019/09/10 14:30
18.12; 18.62; 18.68; 18.50; 20.37; 2019/09/10 15:00
19.00; 18.68; 19.06; 18.87; 20.62; 2019/09/10 15:30
19.62; 18.87; 19.43; 19.12; 20.75; 2019/09/10 16:00
19.87; 19.06; 19.75; 19.25; 20.75; 2019/09/10 16:30
19.87; 19.00; 19.81; 19.25; 20.56; 2019/09/10 17:00
20.00; 18.93; 19.93; 19.43; 20.31; 2019/09/10 17:30
19.93; 19.06; 20.00; 19.31; 20.18; 2019/09/10 18:00
19.62; 19.00; 20.00; 19.12; 20.06; 2019/09/10 18:30
18.81; 18.81; 19.56; 19.00; 20.00; 2019/09/10 19:00
18.00; 18.62; 19.25; 18.81; 19.93; 2019/09/10 19:30
17.12; 18.43; 19.12; 18.81; 19.87; 2019/09/10 20:00
16.62; 18.37; 19.00; 18.81; 19.81; 2019/09/10 20:30
16.25; 18.37; 19.00; 18.81; 19.75; 2019/09/10 21:00
15.81; 18.37; 18.93; 18.81; 19.68; 2019/09/10 21:30
15.12; 18.31; 18.93; 18.81; 19.68; 2019/09/10 22:00
14.25; 18.31; 18.93; 18.81; 19.62; 2019/09/10 22:30
13.75; 18.25; 18.93; 18.81; 19.62; 2019/09/10 23:00
13.18; 18.25; 18.87; 18.75; 19.56; 2019/09/10 23:30
12.87; 18.18; 18.87; 18.75; 19.56; 2019/09/11 00:00
12.06; 18.18; 18.87; 18.68; 19.50; 2019/09/11 00:30
11.93; 18.12; 18.87; 18.68; 19.50; 2019/09/11 01:00
11.62; 18.12; 18.81; 18.62; 19.43; 2019/09/11 01:30
11.12; 18.06; 18.81; 18.62; 19.37; 2019/09/11 02:00
11.12; 18.06; 18.75; 18.56; 19.37; 2019/09/11 02:30
10.87; 18.00; 18.75; 18.56; 19.31; 2019/09/11 03:00
10.87; 18.00; 18.68; 18.50; 19.31; 2019/09/11 03:30
10.43; 18.00; 18.68; 18.50; 19.25; 2019/09/11 04:00
11.12; 17.93; 18.62; 18.43; 19.25; 2019/09/11 04:30
11.12; 17.87; 18.56; 18.37; 19.18; 2019/09/11 05:00
11.25; 17.87; 18.56; 18.37; 19.12; 2019/09/11 05:30
11.37; 17.87; 18.50; 18.31; 19.12; 2019/09/11 06:00
11.56; 17.87; 18.50; 18.31; 19.06; 2019/09/11 06:30
11.81; 17.81; 18.50; 18.25; 19.06; 2019/09/11 07:00
12.06; 17.81; 18.43; 18.25; 19.00; 2019/09/11 07:30
12.31; 17.81; 18.43; 18.18; 18.93; 2019/09/11 08:00
12.62; 17.81; 18.43; 18.18; 18.93; 2019/09/11 08:30
13.00; 17.81; 18.37; 18.18; 18.93; 2019/09/11 09:00
13.68; 17.81; 18.37; 18.18; 18.93; 2019/09/11 09:30
14.18; 17.81; 18.31; 18.12; 18.93; 2019/09/11 10:00
15.12; 17.81; 18.37; 18.12; 19.31; 2019/09/11 10:30
16.43; 17.87; 18.43; 18.25; 19.81; 2019/09/11 11:00
17.31; 17.93; 18.50; 18.25; 20.00; 2019/09/11 11:30
18.12; 18.06; 18.62; 18.31; 20.18; 2019/09/11 12:00
18.37; 18.18; 18.75; 18.43; 20.18; 2019/09/11 12:30
18.68; 18.25; 18.75; 18.50; 20.18; 2019/09/11 13:00
18.56; 18.25; 18.75; 18.43; 20.00; 2019/09/11 13:30
18.62; 18.25; 18.68; 18.43; 19.81; 2019/09/11 14:00
18.50; 18.18; 18.68; 18.37; 19.75; 2019/09/11 14:30
17.68; 18.12; 18.56; 18.31; 19.68; 2019/09/11 15:00
17.31; 18.12; 18.43; 18.31; 19.62; 2019/09/11 15:30
16.56; 18.06; 18.43; 18.31; 19.56; 2019/09/11 16:00
16.25; 18.06; 18.43; 18.31; 19.50; 2019/09/11 16:30
15.87; 18.00; 18.43; 18.31; 19.43; 2019/09/11 17:00
15.93; 18.06; 18.43; 18.37; 19.43; 2019/09/11 17:30
16.06; 18.00; 18.43; 18.37; 19.43; 2019/09/11 18:00
15.87; 18.06; 18.43; 18.37; 19.37; 2019/09/11 18:30
15.31; 18.00; 18.43; 18.37; 19.37; 2019/09/11 19:00
15.00; 18.00; 18.43; 18.31; 19.31; 2019/09/11 19:30
15.06; 18.00; 18.43; 18.37; 19.31; 2019/09/11 20:00
15.06; 18.00; 18.43; 18.31; 19.25; 2019/09/11 20:30
15.06; 18.00; 18.43; 18.31; 19.25; 2019/09/11 21:00
15.06; 17.93; 18.50; 18.31; 19.25; 2019/09/11 21:30
15.18; 17.93; 18.43; 18.31; 19.18; 2019/09/11 22:00
15.18; 17.93; 18.50; 18.31; 19.18; 2019/09/11 22:30
15.18; 17.93; 18.50; 18.31; 19.18; 2019/09/11 23:00
15.18; 17.93; 18.50; 18.31; 19.12; 2019/09/11 23:30
15.31; 17.93; 18.43; 18.25; 19.12; 2019/09/12 00:00
15.12; 17.93; 18.43; 18.25; 19.12; 2019/09/12 00:30
15.50; 17.93; 18.43; 18.25; 19.12; 2019/09/12 01:00
15.25; 17.93; 18.43; 18.25; 19.06; 2019/09/12 01:30
15.31; 17.93; 18.43; 18.25; 19.06; 2019/09/12 02:00
15.31; 17.87; 18.43; 18.25; 19.06; 2019/09/12 02:30
15.50; 17.87; 18.43; 18.25; 19.00; 2019/09/12 03:00
15.68; 17.87; 18.43; 18.18; 19.00; 2019/09/12 03:30
15.75; 17.87; 18.43; 18.18; 19.00; 2019/09/12 04:00
15.81; 17.87; 18.43; 18.18; 19.00; 2019/09/12 04:30
15.93; 17.87; 18.43; 18.18; 19.00; 2019/09/12 05:00
15.93; 17.87; 18.43; 18.18; 18.93; 2019/09/12 05:30
16.06; 17.87; 18.37; 18.18; 18.93; 2019/09/12 06:00
15.93; 17.93; 18.37; 18.18; 18.93; 2019/09/12 06:30
16.00; 17.87; 18.37; 18.18; 18.93; 2019/09/12 07:00
16.06; 17.93; 18.37; 18.18; 18.87; 2019/09/12 07:30
16.06; 17.87; 18.37; 18.12; 18.87; 2019/09/12 08:00
16.06; 17.93; 18.37; 18.12; 18.87; 2019/09/12 08:30
16.25; 17.93; 18.37; 18.18; 18.87; 2019/09/12 09:00
16.43; 17.93; 18.37; 18.18; 18.87; 2019/09/12 09:30
16.62; 17.93; 18.37; 18.18; 18.87; 2019/09/12 10:00
16.81; 17.93; 18.37; 18.18; 18.87; 2019/09/12 10:30
17.00; 17.93; 18.37; 18.25; 18.87; 2019/09/12 11:00
17.56; 18.00; 18.37; 18.25; 18.93; 2019/09/12 11:30
17.81; 18.06; 18.43; 18.25; 18.93; 2019/09/12 12:00
18.25; 18.06; 18.50; 18.31; 19.00; 2019/09/12 12:30
18.75; 18.12; 18.56; 18.37; 19.12; 2019/09/12 13:00
19.06; 18.25; 18.68; 18.50; 19.18; 2019/09/12 13:30
19.50; 18.18; 18.68; 18.50; 19.18; 2019/09/12 14:00
19.87; 18.50; 18.87; 18.81; 19.50; 2019/09/12 14:30
20.87; 18.50; 19.06; 18.87; 19.68; 2019/09/12 15:00
21.81; 18.75; 19.50; 19.31; 20.12; 2019/09/12 15:30
21.62; 18.81; 19.68; 19.18; 20.25; 2019/09/12 16:00
22.00; 18.75; 19.75; 19.25; 20.12; 2019/09/12 16:30
22.06; 18.87; 19.87; 19.31; 20.06; 2019/09/12 17:00
22.06; 18.81; 19.93; 19.31; 19.87; 2019/09/12 17:30
22.12; 18.87; 19.93; 19.43; 19.81; 2019/09/12 18:00
22.00; 18.87; 20.06; 19.37; 19.75; 2019/09/12 18:30
21.31; 18.81; 19.75; 19.25; 19.62; 2019/09/12 19:00
20.75; 18.68; 19.50; 19.12; 19.62; 2019/09/12 19:30
20.06; 18.68; 19.31; 19.06; 19.56; 2019/09/12 20:00
19.31; 18.62; 19.18; 19.00; 19.50; 2019/09/12 20:30
18.75; 18.62; 19.18; 18.93; 19.43; 2019/09/12 21:00
18.75; 18.56; 19.12; 18.93; 19.43; 2019/09/12 21:30
18.50; 18.56; 19.12; 18.93; 19.43; 2019/09/12 22:00
17.81; 18.50; 19.12; 18.87; 19.37; 2019/09/12 22:30
17.37; 18.43; 19.06; 18.87; 19.37; 2019/09/12 23:00
16.93; 18.43; 19.06; 18.87; 19.37; 2019/09/12 23:30
16.50; 18.43; 19.06; 18.87; 19.37; 2019/09/13 00:00
16.43; 18.37; 19.06; 18.87; 19.37; 2019/09/13 00:30
16.50; 18.37; 19.06; 18.87; 19.31; 2019/09/13 01:00
17.12; 18.37; 19.06; 18.87; 19.31; 2019/09/13 01:30
17.81; 18.43; 19.06; 18.87; 19.31; 2019/09/13 02:00
18.06; 18.43; 19.06; 18.87; 19.25; 2019/09/13 02:30
18.00; 18.43; 19.06; 18.87; 19.25; 2019/09/13 03:00
18.00; 18.50; 19.06; 18.87; 19.25; 2019/09/13 03:30
18.06; 18.50; 19.06; 18.93; 19.25; 2019/09/13 04:00
18.06; 18.50; 19.06; 18.87; 19.25; 2019/09/13 04:30
18.00; 18.50; 19.06; 18.87; 19.25; 2019/09/13 05:00
17.87; 18.43; 19.06; 18.87; 19.25; 2019/09/13 05:30
17.75; 18.43; 19.00; 18.87; 19.25; 2019/09/13 06:00
17.62; 18.50; 19.06; 18.87; 19.18; 2019/09/13 06:30
17.62; 18.50; 19.06; 18.87; 19.18; 2019/09/13 07:00
17.18; 18.50; 19.00; 18.87; 19.18; 2019/09/13 07:30
17.00; 18.50; 19.06; 18.81; 19.18; 2019/09/13 08:00
17.00; 18.43; 19.06; 18.81; 19.18; 2019/09/13 08:30
17.12; 18.43; 19.06; 18.81; 19.18; 2019/09/13 09:00
17.06; 18.43; 19.06; 18.81; 19.18; 2019/09/13 09:30
17.12; 18.43; 19.06; 18.81; 19.18; 2019/09/13 10:00
17.12; 18.43; 19.06; 18.81; 19.18; 2019/09/13 10:30
17.31; 18.43; 19.06; 18.81; 19.18; 2019/09/13 11:00
17.56; 18.43; 19.00; 18.81; 19.18; 2019/09/13 11:30
17.87; 18.50; 19.06; 18.87; 19.25; 2019/09/13 12:00
17.87; 18.56; 19.06; 18.87; 19.25; 2019/09/13 12:30
18.25; 18.56; 19.12; 18.93; 19.25; 2019/09/13 13:00
18.93; 18.81; 19.25; 19.12; 19.56; 2019/09/13 13:30
18.12; 18.68; 19.12; 19.00; 19.50; 2019/09/13 14:00
18.50; 18.68; 19.12; 19.00; 19.50; 2019/09/13 14:30
19.25; 18.81; 19.31; 19.18; 19.56; 2019/09/13 15:00
19.68; 19.00; 19.43; 19.37; 19.81; 2019/09/13 15:30
19.87; 19.06; 19.50; 19.37; 19.75; 2019/09/13 16:00
20.00; 19.00; 19.50; 19.37; 19.75; 2019/09/13 16:30
20.00; 19.18; 19.68; 19.56; 19.81; 2019/09/13 17:00
20.25; 19.56; 20.25; 19.62; 19.75; 2019/09/13 17:30
20.56; 21.43; 28.68; 20.75; 19.81; 2019/09/13 18:00
20.87; 22.56; 30.50; 21.43; 21.81; 2019/09/13 18:30
20.81; 23.18; 31.06; 21.62; 22.37; 2019/09/13 19:00
20.81; 22.68; 30.56; 21.62; 22.43; 2019/09/13 19:30
19.87; 22.56; 30.56; 21.50; 22.37; 2019/09/13 20:00
18.37; 22.81; 30.75; 21.56; 22.37; 2019/09/13 20:30
18.12; 20.50; 35.81; 20.37; 20.87; 2019/09/13 21:00
17.50; 20.06; 29.31; 20.18; 20.62; 2019/09/13 21:30
16.75; 19.87; 26.87; 20.00; 20.50; 2019/09/13 22:00
16.68; 19.68; 25.50; 20.00; 20.43; 2019/09/13 22:30
16.25; 19.62; 24.62; 20.00; 20.37; 2019/09/13 23:00
15.93; 19.56; 24.00; 19.93; 20.31; 2019/09/13 23:30
15.56; 19.50; 23.56; 19.87; 20.25; 2019/09/14 00:00
15.06; 19.37; 23.18; 19.87; 20.18; 2019/09/14 00:30
14.62; 19.37; 22.87; 19.81; 20.12; 2019/09/14 01:00
14.18; 19.31; 22.62; 19.75; 20.12; 2019/09/14 01:30
13.75; 19.25; 22.43; 19.75; 20.06; 2019/09/14 02:00
13.37; 19.25; 22.25; 19.68; 20.06; 2019/09/14 02:30
13.06; 19.18; 22.06; 19.62; 20.00; 2019/09/14 03:00
12.81; 19.12; 21.93; 19.56; 20.00; 2019/09/14 03:30
12.56; 19.06; 21.81; 19.50; 19.93; 2019/09/14 04:00
12.37; 19.06; 21.81; 19.50; 19.87; 2019/09/14 04:30
12.37; 19.00; 21.56; 19.43; 19.87; 2019/09/14 05:00
11.81; 18.93; 21.43; 19.37; 19.81; 2019/09/14 05:30
11.81; 18.93; 21.31; 19.31; 19.81; 2019/09/14 06:00
11.25; 18.87; 21.18; 19.25; 19.75; 2019/09/14 06:30
11.12; 18.81; 21.06; 19.25; 19.75; 2019/09/14 07:00
11.06; 18.81; 21.00; 19.18; 19.68; 2019/09/14 07:30
10.50; 18.68; 20.87; 19.12; 19.68; 2019/09/14 08:00
11.12; 18.68; 20.81; 19.00; 19.62; 2019/09/14 08:30
11.75; 18.62; 20.75; 18.93; 19.56; 2019/09/14 09:00
12.31; 18.62; 20.75; 18.93; 19.68; 2019/09/14 09:30
13.81; 18.68; 20.68; 19.00; 20.18; 2019/09/14 10:00
15.00; 18.75; 20.62; 19.00; 20.50; 2019/09/14 10:30
15.87; 18.75; 20.62; 19.00; 20.81; 2019/09/14 11:00
16.87; 18.81; 20.62; 19.00; 20.93; 2019/09/14 11:30
17.68; 18.81; 20.62; 19.06; 21.12; 2019/09/14 12:00
18.18; 19.12; 20.68; 19.18; 21.37; 2019/09/14 12:30
19.06; 19.50; 20.75; 19.43; 21.50; 2019/09/14 13:00
19.25; 19.68; 20.75; 19.56; 21.87; 2019/09/14 13:30
20.31; 19.87; 20.87; 19.93; 22.06; 2019/09/14 14:00
20.31; 20.06; 21.06; 20.12; 22.12; 2019/09/14 14:30
20.75; 20.12; 21.18; 20.37; 22.25; 2019/09/14 15:00
21.12; 20.18; 21.50; 20.18; 22.25; 2019/09/14 15:30
21.12; 20.18; 21.68; 20.56; 22.18; 2019/09/14 16:00
21.25; 20.18; 21.87; 20.43; 22.00; 2019/09/14 16:30
21.25; 20.18; 22.00; 20.31; 21.75; 2019/09/14 17:00
21.25; 20.00; 22.12; 20.62; 21.43; 2019/09/14 17:30
20.87; 19.81; 22.06; 20.37; 21.18; 2019/09/14 18:00
20.56; 19.75; 22.06; 20.31; 21.06; 2019/09/14 18:30
19.68; 19.56; 21.68; 20.00; 21.00; 2019/09/14 19:00
18.93; 19.43; 21.43; 19.81; 20.93; 2019/09/14 19:30
18.06; 19.25; 21.31; 19.62; 20.87; 2019/09/14 20:00
17.25; 19.12; 21.18; 19.62; 20.81; 2019/09/14 20:30
16.50; 19.12; 21.12; 19.62; 20.75; 2019/09/14 21:00
15.87; 19.06; 21.12; 19.62; 20.68; 2019/09/14 21:30
15.25; 19.06; 21.06; 19.62; 20.62; 2019/09/14 22:00
14.68; 19.00; 21.00; 19.56; 20.56; 2019/09/14 22:30
14.12; 19.00; 21.00; 19.56; 20.50; 2019/09/14 23:00
13.81; 18.93; 21.00; 19.56; 20.50; 2019/09/14 23:30
13.31; 18.87; 20.93; 19.50; 20.43; 2019/09/15 00:00
12.87; 18.81; 20.93; 19.50; 20.37; 2019/09/15 00:30
12.56; 18.81; 20.87; 19.43; 20.31; 2019/09/15 01:00
12.00; 18.75; 20.87; 19.37; 20.25; 2019/09/15 01:30
11.62; 18.68; 20.81; 19.37; 20.18; 2019/09/15 02:00
11.50; 18.68; 20.75; 19.31; 20.12; 2019/09/15 02:30
11.50; 18.62; 20.75; 19.25; 20.12; 2019/09/15 03:00
11.31; 18.56; 20.68; 19.18; 20.06; 2019/09/15 03:30
11.31; 18.56; 20.62; 19.18; 20.00; 2019/09/15 04:00
10.75; 18.50; 20.56; 19.12; 19.93; 2019/09/15 04:30
10.81; 18.50; 20.56; 19.06; 19.93; 2019/09/15 05:00
10.68; 18.43; 20.50; 19.00; 19.87; 2019/09/15 05:30
10.37; 18.37; 20.43; 19.00; 19.81; 2019/09/15 06:00
10.50; 18.37; 20.37; 18.93; 19.81; 2019/09/15 06:30
10.43; 18.31; 20.31; 18.87; 19.75; 2019/09/15 07:00
10.37; 18.31; 20.25; 18.81; 19.68; 2019/09/15 07:30
10.31; 18.25; 20.18; 18.81; 19.62; 2019/09/15 08:00
10.68; 18.25; 20.12; 18.75; 19.62; 2019/09/15 08:30
10.87; 18.25; 20.00; 18.68; 19.56; 2019/09/15 09:00
12.12; 18.18; 20.00; 18.68; 19.68; 2019/09/15 09:30
13.75; 18.25; 20.06; 18.68; 20.12; 2019/09/15 10:00
15.62; 18.31; 20.06; 18.68; 20.50; 2019/09/15 10:30
16.75; 18.37; 20.06; 18.68; 20.75; 2019/09/15 11:00
17.81; 18.37; 20.12; 18.75; 20.87; 2019/09/15 11:30
18.81; 18.62; 20.18; 18.87; 21.00; 2019/09/15 12:00
19.06; 18.68; 20.25; 19.06; 21.06; 2019/09/15 12:30
19.87; 18.93; 20.37; 19.25; 21.25; 2019/09/15 13:00
20.25; 19.12; 20.43; 19.56; 21.37; 2019/09/15 13:30
20.75; 19.12; 20.50; 19.62; 21.56; 2019/09/15 14:00
21.50; 19.18; 20.75; 19.68; 21.81; 2019/09/15 14:30
22.12; 19.18; 20.87; 19.68; 22.00; 2019/09/15 15:00
22.37; 19.31; 21.18; 20.00; 22.00; 2019/09/15 15:30
22.68; 19.25; 21.31; 19.81; 22.00; 2019/09/15 16:00
22.68; 19.37; 21.56; 19.93; 21.81; 2019/09/15 16:30
23.06; 19.56; 21.81; 20.18; 21.62; 2019/09/15 17:00
23.18; 19.50; 21.81; 20.31; 21.37; 2019/09/15 17:30
23.00; 19.68; 21.93; 20.50; 21.12; 2019/09/15 18:00
22.75; 19.43; 21.93; 20.37; 21.00; 2019/09/15 18:30
22.06; 19.56; 21.56; 20.31; 20.93; 2019/09/15 19:00
20.93; 19.25; 21.18; 19.68; 20.87; 2019/09/15 19:30
19.93; 19.25; 21.00; 19.68; 20.87; 2019/09/15 20:00
19.25; 19.18; 20.93; 19.62; 20.81; 2019/09/15 20:30
18.75; 19.12; 20.87; 19.62; 20.75; 2019/09/15 21:00
18.12; 19.00; 20.81; 19.56; 20.75; 2019/09/15 21:30
17.75; 18.93; 20.75; 19.50; 20.68; 2019/09/15 22:00
17.37; 18.93; 20.75; 19.50; 20.62; 2019/09/15 22:30
17.12; 18.93; 20.75; 19.50; 20.62; 2019/09/15 23:00
16.87; 18.87; 20.75; 19.50; 20.62; 2019/09/15 23:30
16.37; 18.87; 20.75; 19.50; 20.56; 2019/09/16 00:00
16.25; 18.87; 20.68; 19.50; 20.56; 2019/09/16 00:30
15.93; 18.87; 20.68; 19.50; 20.50; 2019/09/16 01:00
16.00; 18.87; 20.68; 19.43; 20.50; 2019/09/16 01:30
15.81; 18.87; 20.68; 19.43; 20.43; 2019/09/16 02:00
15.62; 18.87; 20.68; 19.43; 20.43; 2019/09/16 02:30
15.50; 18.81; 20.68; 19.43; 20.37; 2019/09/16 03:00
15.31; 18.81; 20.62; 19.37; 20.31; 2019/09/16 03:30
15.06; 18.81; 20.62; 19.37; 20.31; 2019/09/16 04:00
15.00; 18.81; 20.62; 19.37; 20.25; 2019/09/16 04:30
14.93; 18.75; 20.56; 19.31; 20.18; 2019/09/16 05:00
14.68; 18.75; 20.56; 19.31; 20.12; 2019/09/16 05:30
14.75; 18.75; 20.56; 19.31; 20.06; 2019/09/16 06:00
14.75; 18.75; 20.50; 19.25; 20.06; 2019/09/16 06:30
14.62; 18.68; 20.50; 19.18; 20.00; 2019/09/16 07:00
14.56; 18.68; 20.43; 19.18; 20.00; 2019/09/16 07:30
14.87; 18.68; 20.43; 19.18; 20.00; 2019/09/16 08:00
15.00; 18.68; 20.43; 19.12; 19.93; 2019/09/16 08:30
15.06; 18.68; 20.43; 19.12; 19.93; 2019/09/16 09:00
15.50; 18.68; 20.37; 19.12; 19.93; 2019/09/16 09:30
15.93; 18.68; 20.37; 19.12; 19.87; 2019/09/16 10:00
16.12; 18.68; 20.37; 19.06; 19.87; 2019/09/16 10:30
16.43; 18.68; 20.37; 19.06; 19.87; 2019/09/16 11:00
16.50; 18.68; 20.37; 19.06; 19.87; 2019/09/16 11:30
16.75; 18.68; 20.31; 19.06; 19.87; 2019/09/16 12:00
16.87; 18.68; 20.31; 19.06; 19.87; 2019/09/16 12:30
17.00; 18.68; 20.31; 19.06; 19.87; 2019/09/16 13:00
17.06; 18.68; 20.25; 19.00; 19.87; 2019/09/16 13:30
16.87; 18.68; 20.25; 19.00; 19.81; 2019/09/16 14:00
16.87; 18.68; 20.25; 19.00; 19.81; 2019/09/16 14:30
16.81; 18.68; 20.18; 19.00; 19.81; 2019/09/16 15:00
16.93; 18.68; 20.18; 19.00; 19.81; 2019/09/16 15:30
16.56; 18.68; 20.18; 19.00; 19.81; 2019/09/16 16:00
16.37; 18.68; 20.12; 19.00; 19.75; 2019/09/16 16:30
16.18; 18.68; 20.12; 19.00; 19.75; 2019/09/16 17:00
16.18; 18.68; 20.06; 19.00; 19.75; 2019/09/16 17:30
16.00; 18.68; 20.06; 19.00; 19.75; 2019/09/16 18:00
16.00; 18.68; 20.06; 19.00; 19.75; 2019/09/16 18:30
16.06; 18.68; 20.06; 19.00; 19.75; 2019/09/16 19:00
15.81; 18.62; 20.00; 19.00; 19.68; 2019/09/16 19:30
15.50; 18.62; 20.00; 18.93; 19.68; 2019/09/16 20:00
15.31; 18.62; 20.00; 18.93; 19.68; 2019/09/16 20:30
15.25; 18.62; 19.93; 18.93; 19.62; 2019/09/16 21:00
15.25; 18.62; 19.93; 18.93; 19.62; 2019/09/16 21:30
15.06; 18.62; 19.93; 18.93; 19.62; 2019/09/16 22:00
15.12; 18.56; 19.87; 18.93; 19.56; 2019/09/16 22:30
15.12; 18.56; 19.87; 18.87; 19.56; 2019/09/16 23:00
14.81; 18.56; 19.87; 18.93; 19.56; 2019/09/16 23:30
14.62; 18.56; 19.81; 18.87; 19.50; 2019/09/17 00:00
14.50; 18.56; 19.81; 18.87; 19.50; 2019/09/17 00:30
14.62; 18.56; 19.81; 18.87; 19.50; 2019/09/17 01:00
14.62; 18.56; 19.75; 18.87; 19.50; 2019/09/17 01:30
14.56; 18.50; 19.75; 18.81; 19.43; 2019/09/17 02:00
14.56; 18.50; 19.68; 18.81; 19.43; 2019/09/17 02:30
14.43; 18.50; 19.68; 18.81; 19.43; 2019/09/17 03:00
14.18; 18.50; 19.68; 18.81; 19.37; 2019/09/17 03:30
13.81; 18.43; 19.62; 18.75; 19.37; 2019/09/17 04:00
13.37; 18.43; 19.56; 18.75; 19.37; 2019/09/17 04:30
13.25; 18.43; 19.56; 18.68; 19.31; 2019/09/17 05:00
13.06; 18.37; 19.50; 18.68; 19.31; 2019/09/17 05:30
12.93; 18.37; 19.43; 18.68; 19.31; 2019/09/17 06:00
13.06; 18.37; 19.43; 18.62; 19.25; 2019/09/17 06:30
13.00; 18.31; 19.43; 18.62; 19.25; 2019/09/17 07:00
13.00; 18.31; 19.37; 18.56; 19.18; 2019/09/17 07:30
13.06; 18.31; 19.31; 18.56; 19.18; 2019/09/17 08:00
13.00; 18.25; 19.31; 18.56; 19.18; 2019/09/17 08:30
13.37; 18.25; 19.25; 18.56; 19.12; 2019/09/17 09:00
13.75; 18.25; 19.25; 18.50; 19.12; 2019/09/17 09:30
14.06; 18.25; 19.25; 18.50; 19.25; 2019/09/17 10:00
14.25; 18.25; 19.18; 18.50; 19.43; 2019/09/17 10:30
14.75; 18.25; 19.18; 18.50; 19.43; 2019/09/17 11:00
15.18; 18.25; 19.18; 18.50; 19.50; 2019/09/17 11:30
15.93; 18.25; 19.18; 18.50; 20.06; 2019/09/17 12:00
16.25; 18.31; 19.12; 18.50; 20.12; 2019/09/17 12:30
16.37; 18.31; 19.06; 18.50; 20.00; 2019/09/17 13:00
16.56; 18.31; 19.06; 18.43; 19.81; 2019/09/17 13:30
16.37; 18.25; 19.06; 18.43; 19.68; 2019/09/17 14:00
16.56; 18.25; 19.06; 18.43; 19.62; 2019/09/17 14:30
17.37; 18.37; 19.12; 18.50; 19.87; 2019/09/17 15:00
17.12; 18.31; 19.06; 18.43; 19.68; 2019/09/17 15:30
17.25; 18.31; 19.06; 18.50; 19.62; 2019/09/17 16:00
17.43; 18.31; 19.12; 18.50; 19.56; 2019/09/17 16:30
17.43; 18.31; 19.12; 18.50; 19.56; 2019/09/17 17:00
17.25; 18.31; 19.06; 18.50; 19.50; 2019/09/17 17:30
17.12; 18.25; 19.00; 18.50; 19.50; 2019/09/17 18:00
16.81; 18.31; 19.06; 18.50; 19.43; 2019/09/17 18:30
16.37; 18.25; 19.00; 18.50; 19.43; 2019/09/17 19:00
15.87; 18.18; 19.00; 18.43; 19.37; 2019/09/17 19:30
15.37; 18.31; 21.31; 18.56; 19.37; 2019/09/17 20:00
14.87; 18.25; 20.62; 18.50; 19.31; 2019/09/17 20:30
14.12; 18.18; 20.18; 18.50; 19.25; 2019/09/17 21:00
13.87; 18.12; 19.87; 18.43; 19.25; 2019/09/17 21:30
13.31; 18.12; 19.68; 18.43; 19.18; 2019/09/17 22:00
13.00; 18.12; 19.50; 18.43; 19.18; 2019/09/17 22:30
12.43; 18.06; 19.37; 18.37; 19.12; 2019/09/17 23:00
11.93; 18.06; 19.31; 18.37; 19.12; 2019/09/17 23:30
11.43; 18.00; 19.25; 18.37; 19.06; 2019/09/18 00:00
10.75; 18.00; 19.12; 18.31; 19.06; 2019/09/18 00:30
10.68; 17.93; 19.06; 18.31; 19.00; 2019/09/18 01:00
10.43; 17.93; 19.00; 18.25; 19.00; 2019/09/18 01:30
10.00; 17.87; 18.87; 18.18; 18.93; 2019/09/18 02:00
9.93; 17.81; 18.81; 18.12; 18.87; 2019/09/18 02:30
9.75; 17.81; 18.75; 18.12; 18.87; 2019/09/18 03:00
9.31; 17.75; 18.68; 18.06; 18.81; 2019/09/18 03:30
9.12; 17.75; 18.62; 18.06; 18.81; 2019/09/18 04:00
9.18; 17.68; 18.56; 18.00; 18.75; 2019/09/18 04:30
8.75; 17.62; 18.50; 17.93; 18.68; 2019/09/18 05:00
8.56; 17.62; 18.43; 17.87; 18.62; 2019/09/18 05:30
8.06; 17.56; 18.37; 17.87; 18.56; 2019/09/18 06:00
8.25; 17.56; 18.31; 17.81; 18.56; 2019/09/18 06:30
8.06; 17.50; 18.25; 17.75; 18.50; 2019/09/18 07:00
8.00; 17.43; 18.12; 17.75; 18.43; 2019/09/18 07:30
7.75; 17.43; 18.06; 17.68; 18.37; 2019/09/18 08:00
8.12; 17.37; 18.00; 17.62; 18.37; 2019/09/18 08:30
8.31; 17.31; 17.93; 17.56; 18.31; 2019/09/18 09:00
9.37; 17.31; 17.93; 17.56; 18.31; 2019/09/18 09:30
10.62; 17.31; 17.93; 17.56; 18.62; 2019/09/18 10:00
12.06; 17.37; 17.93; 17.50; 18.93; 2019/09/18 10:30
13.12; 17.31; 17.93; 17.50; 19.31; 2019/09/18 11:00
13.93; 17.31; 17.93; 17.50; 19.68; 2019/09/18 11:30
14.68; 17.37; 18.00; 17.56; 19.87; 2019/09/18 12:00
15.37; 17.43; 17.93; 17.56; 19.81; 2019/09/18 12:30
15.75; 17.56; 17.93; 17.62; 19.81; 2019/09/18 13:00
16.37; 17.68; 18.00; 17.68; 19.93; 2019/09/18 13:30
16.93; 17.87; 18.12; 17.81; 20.18; 2019/09/18 14:00
17.06; 18.00; 18.31; 17.93; 20.31; 2019/09/18 14:30
16.93; 17.93; 18.31; 17.81; 20.12; 2019/09/18 15:00
16.50; 17.68; 18.06; 17.62; 19.68; 2019/09/18 15:30
16.56; 17.62; 18.00; 17.56; 19.50; 2019/09/18 16:00
16.75; 17.56; 18.06; 17.62; 19.37; 2019/09/18 16:30
17.06; 17.62; 18.37; 17.75; 19.37; 2019/09/18 17:00
16.81; 17.75; 18.68; 17.81; 19.31; 2019/09/18 17:30
17.12; 17.81; 18.87; 17.87; 19.25; 2019/09/18 18:00
16.37; 17.62; 18.68; 17.75; 19.18; 2019/09/18 18:30
15.75; 17.56; 18.43; 17.68; 19.06; 2019/09/18 19:00
15.18; 17.56; 18.25; 17.75; 19.00; 2019/09/18 19:30
15.06; 17.50; 18.25; 17.75; 18.93; 2019/09/18 20:00
14.68; 17.50; 18.18; 17.81; 18.93; 2019/09/18 20:30
13.56; 17.43; 18.18; 17.81; 18.87; 2019/09/18 21:00
13.25; 17.43; 18.18; 17.81; 18.81; 2019/09/18 21:30
12.81; 17.43; 18.12; 17.81; 18.81; 2019/09/18 22:00
12.31; 17.37; 18.12; 17.81; 18.75; 2019/09/18 22:30
12.00; 17.37; 18.12; 17.75; 18.68; 2019/09/18 23:00
11.68; 17.37; 18.06; 17.75; 18.68; 2019/09/18 23:30
11.75; 17.31; 18.06; 17.75; 18.62; 2019/09/19 00:00
11.43; 17.31; 18.06; 17.75; 18.62; 2019/09/19 00:30
11.31; 17.25; 18.00; 17.68; 18.56; 2019/09/19 01:00
11.00; 17.25; 18.00; 17.68; 18.56; 2019/09/19 01:30
10.62; 17.25; 17.93; 17.62; 18.50; 2019/09/19 02:00
10.31; 17.18; 17.93; 17.62; 18.50; 2019/09/19 02:30
9.87; 17.12; 17.87; 17.56; 18.43; 2019/09/19 03:00
9.56; 17.12; 17.81; 17.56; 18.37; 2019/09/19 03:30
9.06; 17.12; 17.81; 17.50; 18.37; 2019/09/19 04:00
8.68; 17.06; 17.75; 17.43; 18.31; 2019/09/19 04:30
8.50; 17.00; 17.68; 17.37; 18.25; 2019/09/19 05:00
8.37; 17.00; 17.62; 17.37; 18.18; 2019/09/19 05:30
8.00; 16.93; 17.56; 17.31; 18.12; 2019/09/19 06:00
7.87; 16.87; 17.50; 17.25; 18.12; 2019/09/19 06:30
7.31; 16.87; 17.43; 17.18; 18.06; 2019/09/19 07:00
7.25; 16.81; 17.37; 17.12; 18.00; 2019/09/19 07:30
6.93; 16.75; 17.31; 17.12; 17.93; 2019/09/19 08:00
7.18; 16.75; 17.25; 17.06; 17.87; 2019/09/19 08:30
7.93; 16.68; 17.18; 17.00; 17.87; 2019/09/19 09:00
8.43; 16.68; 17.18; 17.00; 17.93; 2019/09/19 09:30
9.87; 16.68; 17.25; 16.93; 18.25; 2019/09/19 10:00
11.50; 16.68; 17.25; 16.93; 18.50; 2019/09/19 10:30
12.81; 16.68; 17.25; 16.93; 18.93; 2019/09/19 11:00
13.56; 16.68; 17.25; 16.93; 19.25; 2019/09/19 11:30
14.18; 16.68; 17.25; 16.93; 19.37; 2019/09/19 12:00
14.43; 16.75; 17.25; 17.00; 19.18; 2019/09/19 12:30
14.62; 16.75; 17.18; 16.93; 19.12; 2019/09/19 13:00
15.37; 16.87; 17.31; 17.06; 19.25; 2019/09/19 13:30
15.75; 17.12; 17.43; 17.12; 19.68; 2019/09/19 14:00
16.62; 17.50; 17.68; 17.43; 20.00; 2019/09/19 14:30
16.18; 17.50; 17.87; 17.37; 20.12; 2019/09/19 15:00
17.00; 17.62; 18.00; 17.50; 19.93; 2019/09/19 15:30
16.75; 17.62; 18.18; 17.56; 20.00; 2019/09/19 16:00
17.31; 17.56; 18.31; 17.75; 19.87; 2019/09/19 16:30
17.00; 17.56; 18.43; 17.43; 19.56; 2019/09/19 17:00
17.50; 17.50; 18.50; 17.43; 19.31; 2019/09/19 17:30
17.00; 17.43; 18.43; 17.50; 19.12; 2019/09/19 18:00
16.81; 17.31; 18.43; 17.37; 19.00; 2019/09/19 18:30
16.00; 17.18; 18.12; 17.25; 18.93; 2019/09/19 19:00
15.50; 17.06; 17.93; 17.31; 18.81; 2019/09/19 19:30
14.68; 17.00; 17.87; 17.43; 18.68; 2019/09/19 20:00
13.93; 17.00; 17.75; 17.37; 18.62; 2019/09/19 20:30
13.18; 16.93; 17.75; 17.37; 18.56; 2019/09/19 21:00
12.43; 16.93; 17.75; 17.37; 18.50; 2019/09/19 21:30
12.00; 16.87; 17.68; 17.31; 18.43; 2019/09/19 22:00
11.31; 16.81; 17.68; 17.31; 18.37; 2019/09/19 22:30
11.00; 16.81; 17.68; 17.31; 18.37; 2019/09/19 23:00
10.37; 16.75; 17.62; 17.31; 18.31; 2019/09/19 23:30
10.00; 16.75; 17.62; 17.25; 18.31; 2019/09/20 00:00
9.56; 16.68; 17.62; 17.25; 18.25; 2019/09/20 00:30
9.18; 16.68; 17.56; 17.18; 18.18; 2019/09/20 01:00
9.12; 16.62; 17.50; 17.18; 18.12; 2019/09/20 01:30
8.25; 16.62; 17.50; 17.12; 18.12; 2019/09/20 02:00
8.25; 16.56; 17.43; 17.12; 18.06; 2019/09/20 02:30
8.18; 16.56; 17.37; 17.06; 18.00; 2019/09/20 03:00
7.68; 16.50; 17.37; 17.00; 17.93; 2019/09/20 03:30
7.75; 16.50; 17.31; 17.00; 17.87; 2019/09/20 04:00
7.75; 16.43; 17.25; 16.93; 17.87; 2019/09/20 04:30
7.31; 16.43; 17.18; 16.87; 17.81; 2019/09/20 05:00
7.12; 16.37; 17.12; 16.81; 17.75; 2019/09/20 05:30
7.18; 16.31; 17.12; 16.81; 17.68; 2019/09/20 06:00
6.93; 16.31; 17.06; 16.75; 17.62; 2019/09/20 06:30
7.06; 16.25; 17.00; 16.68; 17.56; 2019/09/20 07:00
6.75; 16.18; 16.93; 16.62; 17.50; 2019/09/20 07:30
6.62; 16.18; 16.87; 16.56; 17.50; 2019/09/20 08:00
6.75; 16.12; 16.81; 16.50; 17.43; 2019/09/20 08:30
7.06; 16.12; 16.75; 16.50; 17.37; 2019/09/20 09:00
8.25; 16.06; 16.75; 16.43; 17.43; 2019/09/20 09:30
9.12; 16.06; 16.75; 16.43; 17.56; 2019/09/20 10:00
10.43; 16.06; 16.75; 16.43; 17.75; 2019/09/20 10:30
12.12; 16.12; 16.75; 16.43; 18.12; 2019/09/20 11:00
13.93; 16.18; 16.81; 16.43; 18.50; 2019/09/20 11:30
14.87; 16.25; 16.87; 16.56; 18.75; 2019/09/20 12:00
16.00; 16.68; 17.00; 16.87; 18.93; 2019/09/20 12:30
16.75; 17.06; 17.18; 17.12; 19.25; 2019/09/20 13:00
17.18; 17.25; 17.31; 17.31; 19.50; 2019/09/20 13:30
17.68; 17.37; 17.43; 17.56; 19.75; 2019/09/20 14:00
17.68; 17.37; 17.62; 17.50; 19.87; 2019/09/20 14:30
18.56; 17.62; 17.93; 17.62; 20.00; 2019/09/20 15:00
18.81; 17.62; 18.12; 17.68; 20.00; 2019/09/20 15:30
18.81; 17.75; 18.37; 17.93; 20.00; 2019/09/20 16:00
19.37; 17.81; 18.62; 17.93; 19.87; 2019/09/20 16:30
19.31; 17.68; 18.87; 18.06; 19.56; 2019/09/20 17:00
19.31; 18.06; 19.37; 17.81; 19.25; 2019/09/20 17:30
19.00; 19.93; 26.43; 18.50; 19.00; 2019/09/20 18:00
18.62; 19.31; 22.75; 18.56; 18.87; 2019/09/20 18:30
17.75; 19.93; 27.06; 19.06; 19.25; 2019/09/20 19:00
17.37; 20.31; 28.12; 19.56; 19.50; 2019/09/20 19:30
16.18; 18.75; 26.87; 18.50; 19.25; 2019/09/20 20:00
15.18; 17.93; 23.43; 18.31; 18.75; 2019/09/20 20:30
14.37; 17.62; 22.18; 18.12; 18.75; 2019/09/20 21:00
13.81; 17.43; 21.37; 17.93; 18.62; 2019/09/20 21:30
13.00; 17.31; 20.87; 17.81; 18.50; 2019/09/20 22:00
12.43; 17.18; 20.43; 17.75; 18.43; 2019/09/20 22:30
11.81; 17.12; 20.18; 17.68; 18.43; 2019/09/20 23:00
11.62; 17.06; 19.93; 17.62; 18.37; 2019/09/20 23:30
11.06; 17.00; 19.75; 17.62; 18.31; 2019/09/21 00:00
10.43; 16.93; 19.56; 17.56; 18.25; 2019/09/21 00:30
10.18; 16.87; 19.43; 17.50; 18.25; 2019/09/21 01:00
9.75; 16.81; 19.31; 17.43; 18.18; 2019/09/21 01:30
9.75; 16.81; 19.18; 17.43; 18.18; 2019/09/21 02:00
9.31; 16.75; 19.12; 17.37; 18.12; 2019/09/21 02:30
9.18; 16.75; 18.93; 17.31; 18.06; 2019/09/21 03:00
8.81; 16.68; 18.81; 17.25; 18.00; 2019/09/21 03:30
9.18; 16.62; 18.75; 17.25; 18.00; 2019/09/21 04:00
8.62; 16.62; 18.62; 17.18; 17.93; 2019/09/21 04:30
8.75; 16.56; 18.56; 17.12; 17.87; 2019/09/21 05:00
8.87; 16.56; 18.50; 17.06; 17.81; 2019/09/21 05:30
8.62; 16.50; 18.43; 17.00; 17.75; 2019/09/21 06:00
8.50; 16.43; 18.37; 17.00; 17.75; 2019/09/21 06:30
8.37; 16.43; 18.25; 16.93; 17.68; 2019/09/21 07:00
7.93; 16.37; 18.18; 16.87; 17.62; 2019/09/21 07:30
8.00; 16.31; 18.12; 16.87; 17.56; 2019/09/21 08:00
7.87; 16.31; 18.06; 16.81; 17.50; 2019/09/21 08:30
8.75; 16.31; 18.00; 16.75; 17.50; 2019/09/21 09:00
9.87; 16.31; 18.00; 16.68; 17.62; 2019/09/21 09:30
12.68; 16.31; 18.00; 16.68; 17.93; 2019/09/21 10:00
15.12; 16.31; 18.00; 16.75; 18.31; 2019/09/21 10:30
16.37; 16.37; 18.06; 16.75; 18.75; 2019/09/21 11:00
17.56; 16.50; 18.12; 16.81; 19.06; 2019/09/21 11:30
18.31; 16.68; 18.31; 17.06; 19.31; 2019/09/21 12:00
19.12; 16.87; 18.37; 17.31; 19.43; 2019/09/21 12:30
19.93; 17.18; 18.56; 17.81; 19.62; 2019/09/21 13:00
20.56; 17.18; 18.56; 17.87; 19.87; 2019/09/21 13:30
21.12; 17.37; 18.75; 18.18; 20.18; 2019/09/21 14:00
21.93; 17.50; 19.00; 18.43; 20.31; 2019/09/21 14:30
22.62; 17.62; 19.31; 18.56; 20.50; 2019/09/21 15:00
23.43; 17.62; 19.56; 18.62; 20.62; 2019/09/21 15:30
23.62; 17.62; 19.81; 18.68; 20.62; 2019/09/21 16:00
23.68; 17.68; 20.06; 18.62; 20.50; 2019/09/21 16:30
23.50; 17.75; 20.37; 18.87; 20.18; 2019/09/21 17:00
23.43; 17.81; 20.50; 18.93; 19.87; 2019/09/21 17:30
23.43; 17.81; 20.50; 18.56; 19.62; 2019/09/21 18:00
22.31; 17.75; 20.43; 18.43; 19.37; 2019/09/21 18:30
21.68; 17.56; 19.75; 17.93; 19.31; 2019/09/21 19:00
21.50; 17.56; 19.50; 18.00; 19.25; 2019/09/21 19:30
19.25; 17.56; 19.37; 18.00; 19.18; 2019/09/21 20:00
18.06; 17.56; 19.18; 18.06; 19.12; 2019/09/21 20:30
17.18; 17.37; 19.12; 18.00; 19.06; 2019/09/21 21:00
16.25; 17.31; 19.06; 17.93; 19.06; 2019/09/21 21:30
15.50; 17.25; 19.00; 17.81; 19.06; 2019/09/21 22:00
14.81; 17.18; 18.93; 17.87; 19.00; 2019/09/21 22:30
14.06; 17.18; 18.93; 17.87; 19.00; 2019/09/21 23:00
13.81; 17.12; 18.93; 17.87; 18.93; 2019/09/21 23:30
13.31; 17.12; 18.93; 17.87; 18.87; 2019/09/22 00:00
13.25; 17.06; 18.93; 17.81; 18.87; 2019/09/22 00:30
12.62; 17.06; 18.87; 17.75; 18.81; 2019/09/22 01:00
12.50; 17.06; 18.81; 17.81; 18.75; 2019/09/22 01:30
12.31; 17.06; 18.81; 17.81; 18.68; 2019/09/22 02:00
12.06; 17.00; 18.68; 17.68; 18.68; 2019/09/22 02:30
12.18; 16.93; 18.75; 17.68; 18.56; 2019/09/22 03:00
12.12; 16.93; 18.68; 17.68; 18.56; 2019/09/22 03:30
12.25; 16.93; 18.68; 17.62; 18.50; 2019/09/22 04:00
12.31; 16.93; 18.68; 17.62; 18.43; 2019/09/22 04:30
12.06; 16.93; 18.68; 17.62; 18.37; 2019/09/22 05:00
12.12; 16.93; 18.62; 17.56; 18.31; 2019/09/22 05:30
11.81; 16.87; 18.62; 17.50; 18.25; 2019/09/22 06:00
11.75; 16.87; 18.56; 17.50; 18.25; 2019/09/22 06:30
11.50; 16.81; 18.50; 17.43; 18.18; 2019/09/22 07:00
11.75; 16.81; 18.43; 17.43; 18.12; 2019/09/22 07:30
11.87; 16.81; 18.43; 17.37; 18.06; 2019/09/22 08:00
12.00; 16.81; 18.37; 17.37; 18.06; 2019/09/22 08:30
12.87; 16.81; 18.37; 17.37; 18.06; 2019/09/22 09:00
13.56; 16.87; 18.37; 17.37; 18.18; 2019/09/22 09:30
15.68; 16.93; 18.43; 17.37; 18.50; 2019/09/22 10:00
17.81; 16.93; 18.50; 17.37; 18.81; 2019/09/22 10:30
19.06; 17.06; 18.68; 17.50; 19.18; 2019/09/22 11:00
20.43; 17.18; 18.81; 17.56; 19.43; 2019/09/22 11:30
21.37; 17.37; 18.93; 17.75; 19.62; 2019/09/22 12:00
21.93; 17.50; 19.06; 18.00; 19.62; 2019/09/22 12:30
22.43; 17.68; 19.25; 18.31; 19.81; 2019/09/22 13:00
23.75; 17.75; 19.37; 18.43; 20.18; 2019/09/22 13:30
24.50; 18.06; 19.75; 18.93; 20.56; 2019/09/22 14:00
24.56; 18.06; 19.75; 18.81; 20.56; 2019/09/22 14:30
25.06; 18.18; 20.00; 19.12; 20.87; 2019/09/22 15:00
25.00; 18.43; 20.31; 19.31; 20.93; 2019/09/22 15:30
25.31; 18.50; 20.56; 19.43; 21.00; 2019/09/22 16:00
25.06; 18.43; 20.43; 19.18; 20.68; 2019/09/22 16:30
24.68; 18.43; 20.50; 19.37; 20.56; 2019/09/22 17:00
24.56; 18.25; 20.12; 18.75; 20.37; 2019/09/22 17:30
24.25; 18.25; 20.00; 18.75; 20.12; 2019/09/22 18:00
23.68; 18.18; 19.81; 18.62; 20.06; 2019/09/22 18:30
23.31; 18.12; 19.81; 18.62; 19.93; 2019/09/22 19:00
22.87; 18.18; 19.75; 18.62; 19.93; 2019/09/22 19:30
22.43; 18.12; 19.68; 18.62; 19.87; 2019/09/22 20:00
21.75; 18.12; 19.68; 18.68; 19.81; 2019/09/22 20:30
21.00; 18.18; 19.68; 18.75; 19.81; 2019/09/22 21:00
20.37; 18.31; 19.75; 18.81; 19.75; 2019/09/22 21:30
19.81; 18.37; 19.75; 18.87; 19.75; 2019/09/22 22:00
19.25; 18.31; 19.68; 18.87; 19.68; 2019/09/22 22:30
18.56; 18.31; 19.62; 18.87; 19.68; 2019/09/22 23:00
19.87; 18.25; 19.68; 18.81; 19.75; 2019/09/22 23:30
19.68; 18.25; 19.75; 18.87; 19.75; 2019/09/23 00:00
19.37; 18.25; 19.81; 18.87; 19.75; 2019/09/23 00:30
19.06; 18.31; 19.81; 18.87; 19.75; 2019/09/23 01:00
18.81; 18.31; 19.75; 18.93; 19.75; 2019/09/23 01:30
18.25; 18.31; 19.62; 18.87; 19.68; 2019/09/23 02:00
17.56; 18.31; 19.62; 18.87; 19.68; 2019/09/23 02:30
17.18; 18.18; 19.68; 18.87; 19.68; 2019/09/23 03:00
17.18; 18.12; 19.62; 18.75; 19.68; 2019/09/23 03:30
16.81; 18.12; 19.68; 18.75; 19.62; 2019/09/23 04:00
16.87; 18.12; 19.68; 18.75; 19.62; 2019/09/23 04:30
16.75; 18.12; 19.68; 18.75; 19.56; 2019/09/23 05:00
16.81; 18.12; 19.68; 18.68; 19.56; 2019/09/23 05:30
16.75; 18.12; 19.68; 18.68; 19.56; 2019/09/23 06:00
16.43; 18.12; 19.62; 18.68; 19.56; 2019/09/23 06:30
16.50; 18.12; 19.68; 18.68; 19.50; 2019/09/23 07:00
16.25; 18.12; 19.62; 18.62; 19.50; 2019/09/23 07:30
16.06; 18.12; 19.62; 18.62; 19.50; 2019/09/23 08:00
16.00; 18.06; 19.62; 18.62; 19.43; 2019/09/23 08:30
16.06; 18.06; 19.62; 18.62; 19.43; 2019/09/23 09:00
15.75; 18.06; 19.62; 18.62; 19.37; 2019/09/23 09:30
16.12; 18.06; 19.62; 18.56; 19.37; 2019/09/23 10:00
16.31; 18.06; 19.62; 18.56; 19.37; 2019/09/23 10:30
16.37; 18.06; 19.62; 18.56; 19.37; 2019/09/23 11:00
16.50; 18.06; 19.56; 18.56; 19.31; 2019/09/23 11:30
16.50; 18.06; 19.56; 18.56; 19.37; 2019/09/23 12:00
16.56; 18.06; 19.56; 18.50; 19.37; 2019/09/23 12:30
16.81; 18.06; 19.56; 18.56; 19.37; 2019/09/23 13:00
17.00; 18.12; 19.56; 18.56; 19.37; 2019/09/23 13:30
17.93; 18.31; 19.68; 18.68; 19.68; 2019/09/23 14:00
18.75; 18.43; 19.87; 18.81; 20.12; 2019/09/23 14:30
19.31; 18.56; 20.06; 19.00; 20.37; 2019/09/23 15:00
18.75; 18.56; 19.87; 18.93; 20.18; 2019/09/23 15:30
18.56; 18.50; 19.81; 18.87; 19.93; 2019/09/23 16:00
19.31; 18.62; 19.93; 18.93; 20.00; 2019/09/23 16:30
19.43; 19.75; 26.12; 19.87; 19.93; 2019/09/23 17:00
19.18; 19.25; 23.75; 19.62; 19.87; 2019/09/23 17:30
19.56; 18.93; 22.75; 19.31; 19.87; 2019/09/23 18:00
19.12; 18.75; 21.87; 19.12; 19.81; 2019/09/23 18:30
19.00; 18.68; 21.37; 19.06; 19.75; 2019/09/23 19:00
18.31; 18.62; 21.06; 19.00; 19.75; 2019/09/23 19:30
17.93; 18.56; 20.87; 18.93; 19.68; 2019/09/23 20:00
17.12; 18.50; 20.68; 18.87; 19.62; 2019/09/23 20:30
16.81; 18.43; 20.56; 18.87; 19.56; 2019/09/23 21:00
16.81; 18.43; 20.43; 18.81; 19.50; 2019/09/23 21:30
16.56; 18.37; 20.37; 18.87; 19.50; 2019/09/23 22:00
16.43; 18.37; 20.31; 18.81; 19.43; 2019/09/23 22:30
16.43; 18.37; 20.25; 18.81; 19.43; 2019/09/23 23:00
16.18; 18.37; 20.18; 18.81; 19.43; 2019/09/23 23:30
15.87; 18.37; 20.18; 18.81; 19.37; 2019/09/24 00:00
15.50; 18.31; 20.12; 18.81; 19.37; 2019/09/24 00:30
15.62; 18.25; 20.06; 18.81; 19.31; 2019/09/24 01:00
15.06; 18.31; 20.06; 18.75; 19.31; 2019/09/24 01:30
14.62; 18.25; 20.00; 18.75; 19.25; 2019/09/24 02:00
14.43; 18.25; 19.93; 18.75; 19.25; 2019/09/24 02:30
14.18; 18.18; 19.87; 18.68; 19.18; 2019/09/24 03:00
14.00; 18.18; 19.81; 18.68; 19.18; 2019/09/24 03:30
13.75; 18.18; 19.81; 18.62; 19.18; 2019/09/24 04:00
13.50; 18.12; 19.75; 18.62; 19.12; 2019/09/24 04:30
13.31; 18.12; 19.68; 18.56; 19.12; 2019/09/24 05:00
12.87; 18.12; 19.68; 18.56; 19.06; 2019/09/24 05:30
12.87; 18.06; 19.62; 18.50; 19.06; 2019/09/24 06:00
12.37; 18.06; 19.56; 18.50; 19.06; 2019/09/24 06:30
12.37; 18.06; 19.50; 18.43; 19.00; 2019/09/24 07:00
11.87; 18.00; 19.43; 18.43; 19.00; 2019/09/24 07:30
12.06; 18.00; 19.37; 18.37; 18.93; 2019/09/24 08:00
12.12; 17.93; 19.37; 18.37; 18.93; 2019/09/24 08:30
12.87; 17.93; 19.31; 18.31; 18.93; 2019/09/24 09:00
14.18; 17.93; 19.31; 18.31; 18.93; 2019/09/24 09:30
15.37; 17.93; 19.31; 18.31; 18.93; 2019/09/24 10:00
16.18; 18.00; 19.25; 18.31; 19.06; 2019/09/24 10:30
16.93; 18.00; 19.31; 18.31; 19.12; 2019/09/24 11:00
17.62; 18.06; 19.31; 18.37; 19.37; 2019/09/24 11:30
18.06; 18.12; 19.31; 18.37; 19.37; 2019/09/24 12:00
18.31; 18.18; 19.31; 18.43; 19.37; 2019/09/24 12:30
18.56; 18.25; 19.37; 18.50; 19.37; 2019/09/24 13:00
18.87; 18.31; 19.37; 18.56; 19.37; 2019/09/24 13:30
19.31; 18.37; 19.43; 18.56; 19.43; 2019/09/24 14:00
19.18; 18.37; 19.43; 18.62; 19.50; 2019/09/24 14:30
19.56; 18.37; 19.43; 18.62; 19.50; 2019/09/24 15:00
19.12; 18.37; 19.43; 18.56; 19.37; 2019/09/24 15:30
19.00; 18.37; 19.37; 18.56; 19.31; 2019/09/24 16:00
18.75; 18.31; 19.31; 18.50; 19.25; 2019/09/24 16:30
18.43; 18.31; 19.25; 18.50; 19.18; 2019/09/24 17:00
18.00; 18.25; 19.25; 18.50; 19.18; 2019/09/24 17:30
18.18; 18.31; 19.25; 18.56; 19.18; 2019/09/24 18:00
17.93; 18.25; 19.18; 18.50; 19.18; 2019/09/24 18:30
17.56; 18.25; 19.18; 18.50; 19.12; 2019/09/24 19:00
17.43; 18.25; 19.18; 18.50; 19.12; 2019/09/24 19:30
17.06; 18.18; 19.12; 18.50; 19.06; 2019/09/24 20:00
16.75; 18.18; 19.12; 18.50; 19.06; 2019/09/24 20:30
16.12; 18.18; 19.12; 18.50; 19.06; 2019/09/24 21:00
15.56; 18.12; 19.18; 18.50; 19.06; 2019/09/24 21:30
15.68; 18.12; 19.12; 18.50; 19.00; 2019/09/24 22:00
15.75; 18.12; 19.12; 18.43; 19.00; 2019/09/24 22:30
15.37; 18.12; 19.06; 18.43; 19.00; 2019/09/24 23:00
15.12; 18.12; 19.12; 18.43; 19.00; 2019/09/24 23:30
15.25; 18.06; 19.12; 18.43; 18.93; 2019/09/25 00:00
15.18; 18.12; 19.06; 18.43; 18.93; 2019/09/25 00:30
15.12; 18.06; 19.06; 18.43; 18.93; 2019/09/25 01:00
15.18; 18.06; 19.06; 18.37; 18.93; 2019/09/25 01:30
14.87; 18.06; 19.06; 18.37; 18.93; 2019/09/25 02:00
15.06; 18.06; 19.06; 18.37; 18.87; 2019/09/25 02:30
15.06; 18.06; 19.00; 18.37; 18.87; 2019/09/25 03:00
15.06; 18.06; 19.00; 18.37; 18.87; 2019/09/25 03:30
15.00; 18.06; 19.00; 18.37; 18.87; 2019/09/25 04:00
14.93; 18.06; 18.93; 18.37; 18.87; 2019/09/25 04:30
14.93; 18.00; 18.93; 18.31; 18.81; 2019/09/25 05:00
15.00; 18.06; 18.93; 18.31; 18.81; 2019/09/25 05:30
14.93; 18.00; 18.93; 18.31; 18.81; 2019/09/25 06:00
14.75; 18.00; 18.93; 18.31; 18.81; 2019/09/25 06:30
14.93; 18.06; 18.87; 18.31; 18.75; 2019/09/25 07:00
15.06; 18.00; 18.87; 18.31; 18.75; 2019/09/25 07:30
14.75; 18.00; 18.87; 18.31; 18.75; 2019/09/25 08:00
14.87; 18.00; 18.81; 18.25; 18.75; 2019/09/25 08:30
14.93; 18.00; 18.81; 18.25; 18.75; 2019/09/25 09:00
15.00; 18.00; 18.75; 18.25; 18.68; 2019/09/25 09:30
15.06; 18.00; 18.75; 18.25; 18.68; 2019/09/25 10:00
15.25; 18.00; 18.75; 18.25; 18.68; 2019/09/25 10:30
15.31; 18.00; 18.75; 18.25; 18.68; 2019/09/25 11:00
15.37; 18.00; 18.68; 18.25; 18.68; 2019/09/25 11:30
16.50; 18.00; 18.75; 18.31; 18.81; 2019/09/25 12:00
16.37; 18.00; 18.75; 18.31; 18.93; 2019/09/25 12:30
16.68; 18.06; 18.68; 18.31; 19.06; 2019/09/25 13:00
17.68; 18.12; 18.81; 18.37; 19.18; 2019/09/25 13:30
17.18; 18.12; 18.68; 18.31; 19.12; 2019/09/25 14:00
17.12; 18.06; 18.68; 18.31; 19.00; 2019/09/25 14:30
17.37; 18.06; 18.68; 18.31; 19.00; 2019/09/25 15:00
17.93; 18.18; 18.81; 18.37; 19.06; 2019/09/25 15:30
17.93; 18.25; 18.81; 18.37; 19.12; 2019/09/25 16:00
18.62; 18.31; 19.12; 18.56; 19.31; 2019/09/25 16:30
18.06; 18.25; 18.93; 18.43; 19.18; 2019/09/25 17:00
18.12; 18.25; 18.87; 18.43; 19.06; 2019/09/25 17:30
17.81; 18.18; 18.81; 18.43; 19.06; 2019/09/25 18:00
17.62; 18.18; 18.75; 18.37; 19.00; 2019/09/25 18:30
17.50; 18.12; 18.68; 18.37; 18.93; 2019/09/25 19:00
17.25; 18.12; 18.68; 18.37; 18.93; 2019/09/25 19:30
16.68; 18.12; 18.68; 18.37; 18.93; 2019/09/25 20:00
16.62; 18.12; 18.68; 18.37; 18.87; 2019/09/25 20:30
16.50; 18.12; 18.68; 18.37; 18.87; 2019/09/25 21:00
16.31; 18.06; 18.68; 18.37; 18.87; 2019/09/25 21:30
16.12; 18.12; 18.68; 18.37; 18.81; 2019/09/25 22:00
16.06; 18.06; 18.68; 18.37; 18.81; 2019/09/25 22:30
15.93; 18.06; 18.68; 18.37; 18.81; 2019/09/25 23:00
15.75; 18.06; 18.68; 18.37; 18.81; 2019/09/25 23:30
15.75; 18.06; 18.68; 18.37; 18.81; 2019/09/26 00:00
15.81; 18.06; 18.68; 18.37; 18.75; 2019/09/26 00:30
16.12; 18.06; 18.68; 18.37; 18.75; 2019/09/26 01:00
15.62; 18.06; 18.68; 18.31; 18.75; 2019/09/26 01:30
15.68; 18.06; 18.68; 18.31; 18.75; 2019/09/26 02:00
15.56; 18.06; 18.68; 18.31; 18.75; 2019/09/26 02:30
15.56; 18.00; 18.62; 18.31; 18.68; 2019/09/26 03:00
15.43; 18.00; 18.62; 18.31; 18.68; 2019/09/26 03:30
15.43; 18.00; 18.62; 18.31; 18.68; 2019/09/26 04:00
15.56; 18.00; 18.62; 18.31; 18.68; 2019/09/26 04:30
15.50; 18.00; 18.62; 18.31; 18.68; 2019/09/26 05:00
15.62; 18.00; 18.56; 18.25; 18.68; 2019/09/26 05:30
15.50; 18.00; 18.56; 18.25; 18.62; 2019/09/26 06:00
15.62; 18.00; 18.56; 18.25; 18.62; 2019/09/26 06:30
15.50; 17.93; 18.56; 18.25; 18.62; 2019/09/26 07:00
15.43; 17.93; 18.50; 18.25; 18.62; 2019/09/26 07:30
15.31; 18.00; 18.50; 18.25; 18.56; 2019/09/26 08:00
15.25; 17.93; 18.50; 18.25; 18.56; 2019/09/26 08:30
15.56; 17.93; 18.37; 18.25; 18.56; 2019/09/26 09:00
15.68; 17.93; 18.37; 18.25; 18.56; 2019/09/26 09:30
15.25; 17.93; 18.37; 18.25; 18.56; 2019/09/26 10:00
15.43; 17.93; 18.43; 18.18; 18.56; 2019/09/26 10:30
15.43; 17.93; 18.37; 18.18; 18.56; 2019/09/26 11:00
15.62; 17.93; 18.37; 18.18; 18.56; 2019/09/26 11:30
15.81; 17.93; 18.37; 18.18; 18.56; 2019/09/26 12:00
16.12; 17.93; 18.37; 18.18; 18.56; 2019/09/26 12:30
16.31; 17.93; 18.37; 18.18; 18.62; 2019/09/26 13:00
16.31; 17.93; 18.37; 18.18; 18.62; 2019/09/26 13:30
16.56; 18.00; 18.37; 18.18; 18.62; 2019/09/26 14:00
16.50; 17.93; 18.31; 18.18; 18.62; 2019/09/26 14:30
16.68; 17.93; 18.37; 18.18; 18.62; 2019/09/26 15:00
16.62; 17.93; 18.31; 18.18; 18.62; 2019/09/26 15:30
16.62; 17.93; 18.31; 18.18; 18.62; 2019/09/26 16:00
16.68; 17.93; 18.31; 18.18; 18.62; 2019/09/26 16:30
16.68; 17.93; 18.31; 18.18; 18.62; 2019/09/26 17:00
16.87; 17.93; 18.31; 18.18; 18.62; 2019/09/26 17:30
17.06; 17.93; 18.31; 18.18; 18.62; 2019/09/26 18:00
17.06; 17.93; 18.31; 18.18; 18.62; 2019/09/26 18:30
17.06; 17.93; 18.31; 18.18; 18.56; 2019/09/26 19:00
17.00; 17.93; 18.31; 18.18; 18.56; 2019/09/26 19:30
17.06; 17.93; 18.31; 18.18; 18.56; 2019/09/26 20:00
17.06; 17.93; 18.31; 18.18; 18.56; 2019/09/26 20:30
17.06; 17.93; 18.31; 18.18; 18.56; 2019/09/26 21:00
17.06; 17.93; 18.25; 18.18; 18.56; 2019/09/26 21:30
17.12; 17.93; 18.25; 18.18; 18.56; 2019/09/26 22:00
17.25; 17.93; 18.25; 18.18; 18.56; 2019/09/26 22:30
16.87; 17.93; 18.25; 18.18; 18.56; 2019/09/26 23:00
16.56; 17.93; 18.25; 18.18; 18.56; 2019/09/26 23:30
16.56; 17.93; 18.25; 18.18; 18.50; 2019/09/27 00:00
16.56; 17.93; 18.25; 18.18; 18.50; 2019/09/27 00:30
16.56; 17.93; 18.25; 18.18; 18.50; 2019/09/27 01:00
15.50; 17.93; 18.18; 18.18; 18.50; 2019/09/27 01:30
15.31; 17.87; 18.18; 18.18; 18.50; 2019/09/27 02:00
14.62; 17.87; 18.18; 18.18; 18.43; 2019/09/27 02:30
14.62; 17.87; 18.18; 18.12; 18.43; 2019/09/27 03:00
14.56; 17.87; 18.18; 18.12; 18.43; 2019/09/27 03:30
14.75; 17.87; 18.18; 18.12; 18.43; 2019/09/27 04:00
14.87; 17.87; 18.18; 18.12; 18.43; 2019/09/27 04:30
14.81; 17.81; 18.12; 18.12; 18.37; 2019/09/27 05:00
14.68; 17.81; 18.12; 18.06; 18.37; 2019/09/27 05:30
14.68; 17.81; 18.12; 18.06; 18.37; 2019/09/27 06:00
14.62; 17.81; 18.06; 18.06; 18.37; 2019/09/27 06:30
14.56; 17.81; 18.06; 18.06; 18.31; 2019/09/27 07:00
14.50; 17.81; 18.06; 18.06; 18.31; 2019/09/27 07:30
14.31; 17.81; 18.00; 18.00; 18.31; 2019/09/27 08:00
14.56; 17.75; 18.06; 18.00; 18.31; 2019/09/27 08:30
14.50; 17.75; 18.06; 18.00; 18.31; 2019/09/27 09:00
14.62; 17.75; 18.00; 18.00; 18.31; 2019/09/27 09:30
14.68; 17.75; 18.00; 18.00; 18.25; 2019/09/27 10:00
15.00; 17.75; 18.00; 18.00; 18.31; 2019/09/27 10:30
15.06; 17.75; 17.93; 18.00; 18.31; 2019/09/27 11:00
15.12; 17.75; 17.93; 17.93; 18.31; 2019/09/27 11:30
15.43; 17.75; 17.93; 18.00; 18.31; 2019/09/27 12:00
16.18; 17.81; 18.00; 18.00; 18.43; 2019/09/27 12:30
16.25; 17.81; 17.93; 18.00; 18.50; 2019/09/27 13:00
18.06; 18.12; 18.31; 18.43; 19.31; 2019/09/27 13:30
17.68; 18.12; 18.25; 18.31; 19.37; 2019/09/27 14:00
18.43; 18.31; 18.62; 18.56; 19.81; 2019/09/27 14:30
18.43; 18.31; 18.56; 18.50; 19.62; 2019/09/27 15:00
18.87; 18.25; 18.68; 18.50; 19.68; 2019/09/27 15:30
18.62; 18.31; 18.81; 18.56; 19.81; 2019/09/27 16:00
18.75; 18.25; 18.62; 18.43; 19.43; 2019/09/27 16:30
18.75; 18.25; 18.68; 18.43; 19.31; 2019/09/27 17:00
18.68; 18.12; 18.56; 18.37; 19.18; 2019/09/27 17:30
18.93; 18.87; 25.00; 18.93; 19.12; 2019/09/27 18:00
18.62; 18.75; 25.68; 19.12; 19.43; 2019/09/27 18:30
18.62; 20.00; 28.12; 19.68; 20.25; 2019/09/27 19:00
18.12; 20.00; 28.00; 19.87; 20.37; 2019/09/27 19:30
17.68; 19.25; 25.00; 19.25; 19.68; 2019/09/27 20:00
17.25; 18.87; 23.43; 19.00; 19.43; 2019/09/27 20:30
17.00; 18.68; 22.37; 18.93; 19.25; 2019/09/27 21:00
16.68; 18.56; 21.68; 18.87; 19.12; 2019/09/27 21:30
16.62; 18.50; 21.18; 18.81; 19.06; 2019/09/27 22:00
16.56; 18.43; 20.87; 18.81; 19.00; 2019/09/27 22:30
16.18; 18.37; 20.56; 18.75; 19.00; 2019/09/27 23:00
15.75; 18.37; 20.37; 18.68; 18.93; 2019/09/27 23:30
15.43; 18.31; 20.25; 18.68; 18.93; 2019/09/28 00:00
15.37; 18.31; 20.12; 18.68; 18.87; 2019/09/28 00:30
15.37; 18.25; 20.00; 18.62; 18.87; 2019/09/28 01:00
15.62; 18.25; 19.93; 18.62; 18.81; 2019/09/28 01:30
15.56; 18.25; 19.87; 18.56; 18.81; 2019/09/28 02:00
15.43; 18.18; 19.75; 18.56; 18.81; 2019/09/28 02:30
15.25; 18.18; 19.68; 18.56; 18.75; 2019/09/28 03:00
15.18; 18.18; 19.62; 18.50; 18.75; 2019/09/28 03:30
15.00; 18.18; 19.62; 18.50; 18.75; 2019/09/28 04:00
14.93; 18.12; 19.56; 18.50; 18.68; 2019/09/28 04:30
14.93; 18.12; 19.50; 18.50; 18.68; 2019/09/28 05:00
15.12; 18.12; 19.43; 18.43; 18.68; 2019/09/28 05:30
15.18; 18.12; 19.37; 18.43; 18.62; 2019/09/28 06:00
15.18; 18.12; 19.37; 18.37; 18.62; 2019/09/28 06:30
14.93; 18.06; 19.31; 18.37; 18.62; 2019/09/28 07:00
14.18; 18.06; 19.31; 18.37; 18.62; 2019/09/28 07:30
14.25; 18.06; 19.25; 18.37; 18.56; 2019/09/28 08:00
14.31; 18.06; 19.25; 18.31; 18.56; 2019/09/28 08:30
14.18; 18.00; 19.18; 18.31; 18.50; 2019/09/28 09:00
14.25; 18.00; 19.18; 18.31; 18.50; 2019/09/28 09:30
14.25; 18.00; 19.12; 18.31; 18.50; 2019/09/28 10:00
14.50; 18.00; 19.12; 18.25; 18.50; 2019/09/28 10:30
14.68; 18.00; 19.06; 18.25; 18.50; 2019/09/28 11:00
15.25; 18.00; 19.12; 18.25; 18.68; 2019/09/28 11:30
15.50; 18.00; 19.06; 18.25; 18.68; 2019/09/28 12:00
15.81; 18.00; 19.00; 18.25; 18.68; 2019/09/28 12:30
15.87; 18.00; 19.06; 18.25; 18.75; 2019/09/28 13:00
16.75; 18.06; 19.06; 18.31; 18.87; 2019/09/28 13:30
16.56; 18.06; 19.00; 18.31; 18.93; 2019/09/28 14:00
16.37; 18.06; 18.93; 18.25; 18.81; 2019/09/28 14:30
15.37; 18.00; 18.93; 18.25; 18.75; 2019/09/28 15:00
16.00; 18.00; 18.93; 18.25; 18.75; 2019/09/28 15:30
16.31; 18.00; 18.87; 18.25; 18.75; 2019/09/28 16:00
15.87; 18.00; 18.87; 18.25; 18.68; 2019/09/28 16:30
15.87; 18.00; 18.87; 18.25; 18.68; 2019/09/28 17:00
15.81; 18.00; 18.87; 18.25; 18.68; 2019/09/28 17:30
15.93; 18.00; 18.87; 18.25; 18.68; 2019/09/28 18:00
15.50; 17.93; 18.81; 18.25; 18.62; 2019/09/28 18:30
15.12; 17.93; 18.81; 18.18; 18.62; 2019/09/28 19:00
14.93; 17.93; 18.75; 18.18; 18.56; 2019/09/28 19:30
14.75; 17.93; 18.75; 18.18; 18.56; 2019/09/28 20:00
14.75; 17.93; 18.75; 18.18; 18.56; 2019/09/28 20:30
14.68; 17.87; 18.75; 18.18; 18.56; 2019/09/28 21:00
14.75; 17.87; 18.68; 18.12; 18.50; 2019/09/28 21:30
14.75; 17.87; 18.68; 18.12; 18.50; 2019/09/28 22:00
14.50; 17.87; 18.68; 18.12; 18.43; 2019/09/28 22:30
14.43; 17.87; 18.68; 18.12; 18.43; 2019/09/28 23:00
14.43; 17.81; 18.62; 18.12; 18.43; 2019/09/28 23:30
14.50; 17.81; 18.62; 18.12; 18.43; 2019/09/29 00:00
14.43; 17.81; 18.62; 18.12; 18.37; 2019/09/29 00:30
14.37; 17.81; 18.62; 18.06; 18.37; 2019/09/29 01:00
14.31; 17.81; 18.56; 18.06; 18.37; 2019/09/29 01:30
14.25; 17.75; 18.56; 18.06; 18.31; 2019/09/29 02:00
14.31; 17.75; 18.56; 18.06; 18.31; 2019/09/29 02:30
14.18; 17.75; 18.50; 18.00; 18.31; 2019/09/29 03:00
14.18; 17.75; 18.50; 18.00; 18.31; 2019/09/29 03:30
14.00; 17.75; 18.50; 18.00; 18.25; 2019/09/29 04:00
13.93; 17.68; 18.43; 18.00; 18.25; 2019/09/29 04:30
14.25; 17.68; 18.43; 17.93; 18.25; 2019/09/29 05:00
14.25; 17.68; 18.37; 17.93; 18.18; 2019/09/29 05:30
14.43; 17.68; 18.37; 17.93; 18.18; 2019/09/29 06:00
14.50; 17.62; 18.37; 17.87; 18.18; 2019/09/29 06:30
14.43; 17.68; 18.31; 17.87; 18.12; 2019/09/29 07:00
14.43; 17.62; 18.31; 17.87; 18.12; 2019/09/29 07:30
14.56; 17.62; 18.31; 17.87; 18.12; 2019/09/29 08:00
14.56; 17.62; 18.25; 17.81; 18.12; 2019/09/29 08:30
14.75; 17.62; 18.25; 17.81; 18.12; 2019/09/29 09:00
14.93; 17.62; 18.25; 17.81; 18.12; 2019/09/29 09:30
15.75; 17.62; 18.31; 17.81; 18.18; 2019/09/29 10:00
15.68; 17.62; 18.18; 17.81; 18.18; 2019/09/29 10:30
15.37; 17.62; 18.18; 17.81; 18.12; 2019/09/29 11:00
15.31; 17.62; 18.18; 17.75; 18.12; 2019/09/29 11:30
15.50; 17.56; 18.18; 17.75; 18.12; 2019/09/29 12:00
14.93; 17.56; 18.12; 17.75; 18.12; 2019/09/29 12:30
15.18; 17.56; 18.12; 17.75; 18.12; 2019/09/29 13:00
15.18; 17.56; 18.12; 17.75; 18.06; 2019/09/29 13:30
14.68; 17.56; 18.06; 17.68; 18.06; 2019/09/29 14:00
14.50; 17.56; 18.06; 17.68; 18.06; 2019/09/29 14:30
14.62; 17.56; 18.06; 17.68; 18.06; 2019/09/29 15:00
14.87; 17.50; 18.06; 17.68; 18.06; 2019/09/29 15:30
15.18; 17.50; 18.00; 17.68; 18.06; 2019/09/29 16:00
15.37; 17.50; 18.00; 17.62; 18.06; 2019/09/29 16:30
15.50; 17.50; 18.00; 17.62; 18.06; 2019/09/29 17:00
15.75; 17.50; 18.00; 17.62; 18.00; 2019/09/29 17:30
15.56; 17.50; 18.00; 17.62; 18.00; 2019/09/29 18:00
15.43; 17.50; 17.93; 17.62; 18.00; 2019/09/29 18:30
15.37; 17.50; 17.93; 17.62; 18.00; 2019/09/29 19:00
15.62; 17.50; 17.93; 17.62; 17.93; 2019/09/29 19:30
15.81; 17.43; 17.93; 17.56; 17.93; 2019/09/29 20:00
15.68; 17.43; 17.87; 17.56; 17.93; 2019/09/29 20:30
15.75; 17.43; 17.87; 17.56; 17.93; 2019/09/29 21:00
15.62; 17.43; 17.87; 17.56; 17.93; 2019/09/29 21:30
15.68; 17.43; 17.87; 17.56; 17.93; 2019/09/29 22:00
15.81; 17.43; 17.87; 17.56; 17.93; 2019/09/29 22:30
15.81; 17.43; 17.81; 17.56; 17.87; 2019/09/29 23:00
15.56; 17.43; 17.81; 17.56; 17.87; 2019/09/29 23:30
15.12; 17.43; 17.81; 17.56; 17.87; 2019/09/30 00:00
15.12; 17.43; 17.81; 17.56; 17.87; 2019/09/30 00:30
14.93; 17.43; 17.75; 17.56; 17.87; 2019/09/30 01:00
14.81; 17.37; 17.75; 17.50; 17.87; 2019/09/30 01:30
14.87; 17.37; 17.75; 17.56; 17.87; 2019/09/30 02:00
14.68; 17.37; 17.75; 17.50; 17.87; 2019/09/30 02:30
14.81; 17.37; 17.75; 17.50; 17.81; 2019/09/30 03:00
14.93; 17.37; 17.75; 17.50; 17.81; 2019/09/30 03:30
14.62; 17.37; 17.68; 17.50; 17.81; 2019/09/30 04:00
14.25; 17.37; 17.68; 17.50; 17.81; 2019/09/30 04:30
14.12; 17.37; 17.68; 17.50; 17.81; 2019/09/30 05:00
14.00; 17.31; 17.68; 17.43; 17.75; 2019/09/30 05:30
13.81; 17.31; 17.62; 17.43; 17.75; 2019/09/30 06:00
13.56; 17.31; 17.62; 17.43; 17.75; 2019/09/30 06:30
13.37; 17.31; 17.62; 17.43; 17.68; 2019/09/30 07:00
13.31; 17.25; 17.62; 17.37; 17.68; 2019/09/30 07:30
13.25; 17.25; 17.56; 17.37; 17.68; 2019/09/30 08:00
13.31; 17.25; 17.56; 17.37; 17.68; 2019/09/30 08:30
13.18; 17.25; 17.56; 17.37; 17.68; 2019/09/30 09:00
13.31; 17.25; 17.56; 17.37; 17.62; 2019/09/30 09:30
13.31; 17.18; 17.50; 17.31; 17.62; 2019/09/30 10:00
13.31; 17.18; 17.50; 17.31; 17.62; 2019/09/30 10:30
13.37; 17.18; 17.50; 17.31; 17.62; 2019/09/30 11:00
13.37; 17.18; 17.50; 17.31; 17.62; 2019/09/30 11:30
13.50; 17.18; 17.50; 17.31; 17.62; 2019/09/30 12:00
13.62; 17.12; 17.43; 17.25; 17.62; 2019/09/30 12:30
13.62; 17.12; 17.43; 17.25; 17.56; 2019/09/30 13:00
14.56; 17.18; 17.43; 17.25; 17.68; 2019/09/30 13:30
14.68; 17.18; 17.43; 17.25; 17.68; 2019/09/30 14:00
15.00; 17.18; 17.43; 17.25; 17.75; 2019/09/30 14:30
14.75; 17.12; 17.37; 17.25; 17.68; 2019/09/30 15:00
15.18; 17.12; 17.37; 17.25; 17.75; 2019/09/30 15:30
15.93; 17.18; 17.56; 17.25; 18.00; 2019/09/30 16:00
15.81; 17.18; 17.50; 17.25; 17.87; 2019/09/30 16:30
16.68; 17.25; 17.62; 17.31; 17.87; 2019/09/30 17:00
16.18; 17.18; 17.56; 17.31; 17.87; 2019/09/30 17:30
15.87; 17.18; 17.56; 17.25; 17.81; 2019/09/30 18:00
15.50; 17.18; 17.62; 17.25; 17.75; 2019/09/30 18:30
14.68; 17.18; 17.50; 17.25; 17.75; 2019/09/30 19:00
14.37; 17.12; 17.50; 17.18; 17.68; 2019/09/30 19:30
14.31; 17.12; 17.43; 17.18; 17.62; 2019/09/30 20:00
14.06; 17.12; 17.43; 17.18; 17.62; 2019/09/30 20:30
13.87; 17.06; 17.37; 17.18; 17.62; 2019/09/30 21:00
13.62; 17.06; 17.37; 17.18; 17.56; 2019/09/30 21:30
13.43; 17.06; 17.37; 17.18; 17.56; 2019/09/30 22:00
13.43; 17.06; 17.31; 17.18; 17.56; 2019/09/30 22:30
13.43; 17.06; 17.31; 17.18; 17.50; 2019/09/30 23:00
13.62; 17.00; 17.31; 17.18; 17.50; 2019/09/30 23:30
