7.18; 7.18; 7.25; 7.50; 6.87; 2018/12/01 00:00
7.43; 7.18; 7.25; 7.43; 6.87; 2018/12/01 00:30
7.62; 7.18; 7.25; 7.43; 6.87; 2018/12/01 01:00
7.75; 7.18; 7.25; 7.43; 6.87; 2018/12/01 01:30
7.31; 7.12; 7.25; 7.43; 6.87; 2018/12/01 02:00
7.12; 7.12; 7.25; 7.43; 6.87; 2018/12/01 02:30
6.81; 7.12; 7.25; 7.37; 6.87; 2018/12/01 03:00
6.75; 7.12; 7.18; 7.37; 6.87; 2018/12/01 03:30
6.81; 7.12; 7.18; 7.37; 6.87; 2018/12/01 04:00
7.06; 7.12; 7.18; 7.37; 6.87; 2018/12/01 04:30
7.25; 7.06; 7.18; 7.37; 6.87; 2018/12/01 05:00
7.37; 7.06; 7.18; 7.37; 6.87; 2018/12/01 05:30
7.25; 7.06; 7.18; 7.37; 6.87; 2018/12/01 06:00
7.18; 7.06; 7.18; 7.37; 6.87; 2018/12/01 06:30
7.12; 7.06; 7.18; 7.31; 6.87; 2018/12/01 07:00
6.93; 7.06; 7.18; 7.31; 6.87; 2018/12/01 07:30
6.68; 7.06; 7.18; 7.31; 6.87; 2018/12/01 08:00
6.62; 7.06; 7.18; 7.31; 6.87; 2018/12/01 08:30
6.87; 7.06; 7.18; 7.31; 6.87; 2018/12/01 09:00
6.87; 7.06; 7.18; 7.31; 6.87; 2018/12/01 09:30
7.00; 7.06; 7.18; 7.31; 6.87; 2018/12/01 10:00
7.31; 7.06; 7.18; 7.25; 6.87; 2018/12/01 10:30
7.62; 7.06; 7.18; 7.25; 6.87; 2018/12/01 11:00
8.06; 7.06; 7.18; 7.25; 6.93; 2018/12/01 11:30
8.75; 7.18; 7.25; 7.31; 7.00; 2018/12/01 12:00
8.62; 7.25; 7.25; 7.31; 7.00; 2018/12/01 12:30
8.50; 7.25; 7.25; 7.37; 7.06; 2018/12/01 13:00
8.87; 7.25; 7.25; 7.37; 7.00; 2018/12/01 13:30
9.12; 7.25; 7.25; 7.37; 7.00; 2018/12/01 14:00
9.43; 7.25; 7.25; 7.31; 7.06; 2018/12/01 14:30
9.31; 7.25; 7.25; 7.31; 7.06; 2018/12/01 15:00
9.37; 7.25; 7.25; 7.31; 7.00; 2018/12/01 15:30
9.43; 7.25; 7.25; 7.31; 7.06; 2018/12/01 16:00
9.12; 7.25; 7.25; 7.37; 7.06; 2018/12/01 16:30
8.81; 7.25; 7.31; 7.43; 7.06; 2018/12/01 17:00
8.37; 7.25; 7.31; 7.50; 7.00; 2018/12/01 17:30
8.06; 7.25; 7.25; 7.50; 7.06; 2018/12/01 18:00
7.93; 7.25; 7.25; 7.50; 7.06; 2018/12/01 18:30
7.81; 7.18; 7.31; 7.50; 7.06; 2018/12/01 19:00
7.93; 7.18; 7.31; 7.50; 7.06; 2018/12/01 19:30
7.75; 7.18; 7.31; 7.56; 7.06; 2018/12/01 20:00
7.75; 7.25; 7.31; 7.50; 7.06; 2018/12/01 20:30
7.81; 7.25; 7.31; 7.56; 7.06; 2018/12/01 21:00
7.75; 7.25; 7.31; 7.56; 7.06; 2018/12/01 21:30
7.68; 7.25; 7.31; 7.56; 7.06; 2018/12/01 22:00
7.68; 7.25; 7.31; 7.56; 7.06; 2018/12/01 22:30
7.81; 7.25; 7.31; 7.56; 7.06; 2018/12/01 23:00
8.00; 7.25; 7.31; 7.56; 7.06; 2018/12/01 23:30
8.00; 7.31; 7.31; 7.56; 7.06; 2018/12/02 00:00
8.18; 7.25; 7.37; 7.56; 7.06; 2018/12/02 00:30
8.56; 7.31; 7.37; 7.56; 7.12; 2018/12/02 01:00
8.62; 7.31; 7.37; 7.56; 7.12; 2018/12/02 01:30
8.62; 7.31; 7.37; 7.62; 7.12; 2018/12/02 02:00
8.56; 7.31; 7.37; 7.62; 7.12; 2018/12/02 02:30
8.81; 7.31; 7.37; 7.62; 7.12; 2018/12/02 03:00
8.87; 7.31; 7.37; 7.62; 7.12; 2018/12/02 03:30
8.68; 7.37; 7.37; 7.62; 7.12; 2018/12/02 04:00
8.68; 7.37; 7.37; 7.62; 7.12; 2018/12/02 04:30
8.43; 7.37; 7.43; 7.62; 7.18; 2018/12/02 05:00
8.37; 7.37; 7.43; 7.62; 7.18; 2018/12/02 05:30
8.43; 7.37; 7.43; 7.62; 7.18; 2018/12/02 06:00
8.50; 7.37; 7.43; 7.62; 7.18; 2018/12/02 06:30
8.50; 7.37; 7.43; 7.62; 7.18; 2018/12/02 07:00
8.50; 7.37; 7.43; 7.62; 7.18; 2018/12/02 07:30
8.68; 7.37; 7.43; 7.62; 7.18; 2018/12/02 08:00
8.75; 7.37; 7.43; 7.62; 7.18; 2018/12/02 08:30
8.75; 7.37; 7.43; 7.68; 7.25; 2018/12/02 09:00
8.81; 7.37; 7.43; 7.68; 7.18; 2018/12/02 09:30
8.93; 7.43; 7.50; 7.68; 7.25; 2018/12/02 10:00
9.12; 7.43; 7.50; 7.68; 7.25; 2018/12/02 10:30
9.25; 7.43; 7.50; 7.68; 7.25; 2018/12/02 11:00
9.43; 7.43; 7.50; 7.68; 7.25; 2018/12/02 11:30
9.68; 7.50; 7.50; 7.68; 7.31; 2018/12/02 12:00
10.00; 7.50; 7.50; 7.75; 7.31; 2018/12/02 12:30
10.43; 7.50; 7.56; 7.75; 7.31; 2018/12/02 13:00
10.93; 7.56; 7.56; 7.75; 7.37; 2018/12/02 13:30
11.56; 7.56; 7.62; 7.81; 7.37; 2018/12/02 14:00
11.81; 7.62; 7.62; 7.81; 7.37; 2018/12/02 14:30
11.87; 7.62; 7.68; 7.87; 7.37; 2018/12/02 15:00
12.06; 7.68; 7.68; 7.87; 7.43; 2018/12/02 15:30
12.00; 7.68; 7.68; 7.87; 7.43; 2018/12/02 16:00
11.81; 7.75; 7.75; 7.93; 7.43; 2018/12/02 16:30
11.75; 7.75; 7.75; 7.93; 7.50; 2018/12/02 17:00
11.93; 7.81; 7.75; 8.00; 7.50; 2018/12/02 17:30
11.93; 7.81; 7.81; 8.00; 7.50; 2018/12/02 18:00
11.93; 7.87; 7.81; 8.00; 7.56; 2018/12/02 18:30
12.06; 7.87; 7.87; 8.06; 7.56; 2018/12/02 19:00
12.06; 7.87; 7.87; 8.06; 7.56; 2018/12/02 19:30
11.93; 7.93; 7.93; 8.12; 7.62; 2018/12/02 20:00
12.12; 7.93; 7.93; 8.18; 7.62; 2018/12/02 20:30
11.93; 7.93; 7.93; 8.18; 7.62; 2018/12/02 21:00
11.81; 7.93; 8.00; 8.18; 7.62; 2018/12/02 21:30
11.62; 7.93; 8.00; 8.18; 7.62; 2018/12/02 22:00
11.50; 7.93; 8.00; 8.25; 7.68; 2018/12/02 22:30
11.56; 8.00; 8.06; 8.25; 7.62; 2018/12/02 23:00
11.62; 8.00; 8.06; 8.25; 7.68; 2018/12/02 23:30
11.68; 8.00; 8.06; 8.31; 7.68; 2018/12/03 00:00
11.68; 8.00; 8.12; 8.31; 7.75; 2018/12/03 00:30
11.87; 8.06; 8.12; 8.31; 7.75; 2018/12/03 01:00
11.87; 8.06; 8.12; 8.37; 7.75; 2018/12/03 01:30
11.81; 8.06; 8.18; 8.37; 7.81; 2018/12/03 02:00
11.62; 8.12; 8.18; 8.43; 7.81; 2018/12/03 02:30
11.75; 8.18; 8.18; 8.43; 7.81; 2018/12/03 03:00
11.87; 8.18; 8.25; 8.43; 7.81; 2018/12/03 03:30
11.75; 8.18; 8.25; 8.50; 7.87; 2018/12/03 04:00
11.81; 8.18; 8.25; 8.50; 7.87; 2018/12/03 04:30
11.81; 8.25; 8.31; 8.50; 7.87; 2018/12/03 05:00
11.87; 8.25; 8.31; 8.56; 7.93; 2018/12/03 05:30
11.87; 8.25; 8.37; 8.56; 7.93; 2018/12/03 06:00
11.93; 8.31; 8.37; 8.56; 7.93; 2018/12/03 06:30
11.87; 8.31; 8.37; 8.62; 7.93; 2018/12/03 07:00
11.62; 8.31; 8.37; 8.62; 8.00; 2018/12/03 07:30
11.37; 8.31; 8.43; 8.62; 8.00; 2018/12/03 08:00
11.43; 8.37; 8.43; 8.62; 8.00; 2018/12/03 08:30
11.18; 8.37; 8.43; 8.68; 8.06; 2018/12/03 09:00
11.12; 8.37; 8.43; 8.68; 8.00; 2018/12/03 09:30
10.87; 8.37; 8.50; 8.68; 8.06; 2018/12/03 10:00
11.25; 8.37; 8.50; 8.68; 8.06; 2018/12/03 10:30
11.37; 8.37; 8.50; 8.75; 8.06; 2018/12/03 11:00
11.62; 8.43; 8.50; 8.75; 8.12; 2018/12/03 11:30
11.68; 8.43; 8.56; 8.75; 8.12; 2018/12/03 12:00
11.31; 8.43; 8.56; 8.75; 8.12; 2018/12/03 12:30
11.25; 8.43; 8.56; 8.75; 8.12; 2018/12/03 13:00
11.43; 8.50; 8.56; 8.81; 8.18; 2018/12/03 13:30
11.56; 8.50; 8.62; 8.81; 8.18; 2018/12/03 14:00
11.81; 8.50; 8.62; 8.81; 8.18; 2018/12/03 14:30
11.81; 8.50; 8.62; 8.81; 8.18; 2018/12/03 15:00
11.93; 8.56; 8.62; 8.81; 8.25; 2018/12/03 15:30
11.68; 8.56; 8.68; 8.87; 8.25; 2018/12/03 16:00
11.37; 8.56; 8.68; 8.87; 8.25; 2018/12/03 16:30
11.37; 8.56; 8.68; 8.87; 8.25; 2018/12/03 17:00
11.25; 8.56; 8.68; 8.93; 8.25; 2018/12/03 17:30
11.25; 8.62; 8.68; 8.93; 8.31; 2018/12/03 18:00
11.06; 8.62; 8.75; 8.93; 8.31; 2018/12/03 18:30
10.87; 8.62; 8.75; 8.93; 8.31; 2018/12/03 19:00
10.87; 8.62; 8.75; 9.00; 8.31; 2018/12/03 19:30
11.00; 8.62; 8.75; 9.00; 8.37; 2018/12/03 20:00
11.06; 8.62; 8.75; 9.00; 8.37; 2018/12/03 20:30
10.87; 8.68; 8.81; 9.00; 8.37; 2018/12/03 21:00
10.93; 8.68; 8.81; 9.06; 8.43; 2018/12/03 21:30
10.87; 8.68; 8.81; 9.06; 8.37; 2018/12/03 22:00
10.81; 8.75; 8.81; 9.06; 8.43; 2018/12/03 22:30
10.75; 8.75; 8.87; 9.06; 8.43; 2018/12/03 23:00
10.62; 8.75; 8.87; 9.06; 8.43; 2018/12/03 23:30
10.56; 8.75; 8.87; 9.06; 8.50; 2018/12/04 00:00
10.37; 8.75; 8.87; 9.12; 8.50; 2018/12/04 00:30
10.25; 8.75; 8.87; 9.12; 8.50; 2018/12/04 01:00
9.68; 8.81; 8.93; 9.12; 8.50; 2018/12/04 01:30
9.06; 8.75; 8.93; 9.12; 8.50; 2018/12/04 02:00
8.56; 8.75; 8.93; 9.12; 8.50; 2018/12/04 02:30
8.56; 8.75; 8.87; 9.06; 8.56; 2018/12/04 03:00
8.50; 8.75; 8.87; 9.06; 8.50; 2018/12/04 03:30
8.31; 8.75; 8.87; 9.06; 8.50; 2018/12/04 04:00
8.31; 8.75; 8.87; 9.06; 8.50; 2018/12/04 04:30
8.37; 8.75; 8.87; 9.06; 8.50; 2018/12/04 05:00
8.12; 8.75; 8.87; 9.06; 8.56; 2018/12/04 05:30
8.06; 8.75; 8.87; 9.06; 8.56; 2018/12/04 06:00
7.68; 8.75; 8.87; 9.06; 8.56; 2018/12/04 06:30
7.62; 8.75; 8.87; 9.06; 8.56; 2018/12/04 07:00
7.37; 8.75; 8.87; 9.06; 8.56; 2018/12/04 07:30
7.12; 8.75; 8.87; 9.06; 8.56; 2018/12/04 08:00
7.25; 8.75; 8.87; 9.06; 8.56; 2018/12/04 08:30
7.18; 8.75; 8.87; 9.06; 8.56; 2018/12/04 09:00
7.18; 8.75; 8.87; 9.06; 8.56; 2018/12/04 09:30
7.50; 8.75; 8.87; 9.06; 8.56; 2018/12/04 10:00
7.56; 8.75; 8.87; 9.06; 8.56; 2018/12/04 10:30
7.62; 8.75; 8.87; 9.06; 8.62; 2018/12/04 11:00
8.00; 8.75; 8.93; 9.06; 8.62; 2018/12/04 11:30
7.93; 8.81; 8.93; 9.06; 8.68; 2018/12/04 12:00
8.43; 8.87; 9.00; 9.12; 8.68; 2018/12/04 12:30
8.68; 8.87; 9.00; 9.12; 8.75; 2018/12/04 13:00
8.37; 8.87; 8.93; 9.06; 8.68; 2018/12/04 13:30
7.87; 8.81; 8.93; 9.06; 8.68; 2018/12/04 14:00
8.50; 8.81; 8.93; 9.06; 8.68; 2018/12/04 14:30
8.37; 8.81; 8.93; 9.06; 8.68; 2018/12/04 15:00
8.18; 8.81; 8.93; 9.12; 8.68; 2018/12/04 15:30
7.93; 8.81; 8.93; 9.12; 8.68; 2018/12/04 16:00
7.18; 8.81; 8.93; 9.12; 8.68; 2018/12/04 16:30
6.81; 8.81; 8.93; 9.12; 8.68; 2018/12/04 17:00
6.25; 8.81; 8.93; 9.12; 8.68; 2018/12/04 17:30
5.75; 8.81; 8.87; 9.06; 8.68; 2018/12/04 18:00
5.18; 8.81; 8.87; 9.12; 8.68; 2018/12/04 18:30
5.06; 8.75; 8.87; 9.06; 8.68; 2018/12/04 19:00
4.87; 8.75; 8.87; 9.06; 8.68; 2018/12/04 19:30
4.50; 8.75; 8.87; 9.06; 8.68; 2018/12/04 20:00
4.37; 8.75; 8.87; 9.06; 8.68; 2018/12/04 20:30
4.06; 8.68; 8.87; 9.00; 8.68; 2018/12/04 21:00
3.87; 8.68; 8.81; 9.00; 8.68; 2018/12/04 21:30
3.37; 8.68; 8.81; 9.00; 8.68; 2018/12/04 22:00
3.31; 8.62; 8.81; 9.00; 8.68; 2018/12/04 22:30
3.25; 8.62; 8.75; 8.93; 8.68; 2018/12/04 23:00
3.00; 8.62; 8.75; 8.93; 8.68; 2018/12/04 23:30
3.00; 8.56; 8.75; 8.87; 8.68; 2018/12/05 00:00
3.06; 8.56; 8.68; 8.87; 8.68; 2018/12/05 00:30
2.93; 8.56; 8.68; 8.81; 8.62; 2018/12/05 01:00
3.00; 8.50; 8.68; 8.81; 8.62; 2018/12/05 01:30
3.06; 8.50; 8.62; 8.75; 8.62; 2018/12/05 02:00
3.12; 8.50; 8.62; 8.75; 8.62; 2018/12/05 02:30
2.68; 8.43; 8.62; 8.68; 8.62; 2018/12/05 03:00
3.25; 8.43; 8.62; 8.68; 8.62; 2018/12/05 03:30
3.12; 8.43; 8.56; 8.62; 8.62; 2018/12/05 04:00
2.75; 8.43; 8.56; 8.62; 8.62; 2018/12/05 04:30
2.75; 8.37; 8.56; 8.62; 8.56; 2018/12/05 05:00
2.62; 8.37; 8.50; 8.56; 8.56; 2018/12/05 05:30
2.50; 8.37; 8.50; 8.56; 8.56; 2018/12/05 06:00
2.50; 8.31; 8.50; 8.50; 8.56; 2018/12/05 06:30
2.62; 8.31; 8.43; 8.50; 8.50; 2018/12/05 07:00
2.87; 8.31; 8.43; 8.43; 8.50; 2018/12/05 07:30
3.00; 8.31; 8.43; 8.43; 8.50; 2018/12/05 08:00
3.25; 8.25; 8.37; 8.37; 8.50; 2018/12/05 08:30
3.37; 8.25; 8.37; 8.37; 8.50; 2018/12/05 09:00
3.68; 8.25; 8.37; 8.31; 8.50; 2018/12/05 09:30
4.75; 8.25; 8.37; 8.31; 8.50; 2018/12/05 10:00
5.37; 8.25; 8.37; 8.31; 8.43; 2018/12/05 10:30
5.56; 8.25; 8.37; 8.31; 8.50; 2018/12/05 11:00
6.00; 8.25; 8.31; 8.25; 8.50; 2018/12/05 11:30
6.25; 8.25; 8.31; 8.25; 8.43; 2018/12/05 12:00
6.43; 8.25; 8.31; 8.25; 8.43; 2018/12/05 12:30
6.56; 8.25; 8.31; 8.25; 8.43; 2018/12/05 13:00
6.50; 8.25; 8.31; 8.25; 8.43; 2018/12/05 13:30
6.56; 8.18; 8.31; 8.25; 8.43; 2018/12/05 14:00
6.62; 8.25; 8.31; 8.25; 8.43; 2018/12/05 14:30
6.75; 8.25; 8.31; 8.25; 8.43; 2018/12/05 15:00
6.93; 8.18; 8.25; 8.25; 8.43; 2018/12/05 15:30
7.00; 8.18; 8.25; 8.18; 8.43; 2018/12/05 16:00
6.93; 8.18; 8.25; 8.25; 8.43; 2018/12/05 16:30
6.75; 8.18; 8.25; 8.18; 8.43; 2018/12/05 17:00
6.87; 8.18; 8.25; 8.18; 8.43; 2018/12/05 17:30
6.87; 8.18; 8.25; 8.18; 8.43; 2018/12/05 18:00
6.93; 8.18; 8.25; 8.18; 8.43; 2018/12/05 18:30
7.00; 8.18; 8.25; 8.18; 8.37; 2018/12/05 19:00
7.00; 8.18; 8.25; 8.18; 8.37; 2018/12/05 19:30
7.00; 8.18; 8.25; 8.18; 8.37; 2018/12/05 20:00
7.12; 8.18; 8.25; 8.18; 8.37; 2018/12/05 20:30
7.37; 8.18; 8.25; 8.12; 8.37; 2018/12/05 21:00
7.50; 8.18; 8.18; 8.12; 8.37; 2018/12/05 21:30
7.56; 8.18; 8.25; 8.18; 8.37; 2018/12/05 22:00
7.75; 8.18; 8.18; 8.12; 8.37; 2018/12/05 22:30
7.87; 8.18; 8.18; 8.12; 8.37; 2018/12/05 23:00
7.62; 8.18; 8.18; 8.18; 8.37; 2018/12/05 23:30
7.50; 8.12; 8.18; 8.18; 8.37; 2018/12/06 00:00
7.62; 8.12; 8.18; 8.12; 8.37; 2018/12/06 00:30
7.50; 8.12; 8.18; 8.18; 8.37; 2018/12/06 01:00
7.43; 8.12; 8.18; 8.18; 8.37; 2018/12/06 01:30
7.50; 8.12; 8.18; 8.18; 8.37; 2018/12/06 02:00
7.50; 8.12; 8.18; 8.18; 8.37; 2018/12/06 02:30
7.62; 8.12; 8.18; 8.18; 8.37; 2018/12/06 03:00
7.87; 8.12; 8.18; 8.18; 8.37; 2018/12/06 03:30
7.75; 8.12; 8.18; 8.18; 8.37; 2018/12/06 04:00
7.81; 8.12; 8.18; 8.18; 8.37; 2018/12/06 04:30
7.68; 8.12; 8.18; 8.18; 8.37; 2018/12/06 05:00
7.50; 8.12; 8.18; 8.18; 8.37; 2018/12/06 05:30
7.62; 8.12; 8.18; 8.18; 8.37; 2018/12/06 06:00
7.68; 8.12; 8.18; 8.18; 8.37; 2018/12/06 06:30
7.68; 8.12; 8.18; 8.18; 8.37; 2018/12/06 07:00
7.75; 8.12; 8.18; 8.12; 8.37; 2018/12/06 07:30
7.75; 8.12; 8.18; 8.18; 8.37; 2018/12/06 08:00
7.93; 8.12; 8.18; 8.18; 8.37; 2018/12/06 08:30
8.00; 8.12; 8.18; 8.12; 8.37; 2018/12/06 09:00
8.43; 8.12; 8.18; 8.18; 8.37; 2018/12/06 09:30
8.62; 8.12; 8.18; 8.12; 8.37; 2018/12/06 10:00
8.81; 8.12; 8.18; 8.18; 8.37; 2018/12/06 10:30
9.00; 8.18; 8.18; 8.18; 8.37; 2018/12/06 11:00
9.18; 8.18; 8.25; 8.18; 8.37; 2018/12/06 11:30
9.56; 8.18; 8.25; 8.18; 8.37; 2018/12/06 12:00
9.93; 8.25; 8.25; 8.18; 8.37; 2018/12/06 12:30
9.87; 8.25; 8.25; 8.18; 8.37; 2018/12/06 13:00
10.12; 8.31; 8.25; 8.25; 8.37; 2018/12/06 13:30
10.25; 8.31; 8.31; 8.25; 8.37; 2018/12/06 14:00
10.43; 8.31; 8.31; 8.25; 8.37; 2018/12/06 14:30
10.50; 8.31; 8.31; 8.25; 8.37; 2018/12/06 15:00
10.43; 8.31; 8.31; 8.31; 8.37; 2018/12/06 15:30
10.56; 8.31; 8.31; 8.31; 8.37; 2018/12/06 16:00
10.68; 8.31; 8.37; 8.31; 8.37; 2018/12/06 16:30
10.68; 8.31; 8.31; 8.31; 8.43; 2018/12/06 17:00
10.62; 8.37; 8.37; 8.31; 8.43; 2018/12/06 17:30
10.56; 8.37; 8.37; 8.37; 8.43; 2018/12/06 18:00
10.56; 8.37; 8.37; 8.31; 8.43; 2018/12/06 18:30
10.68; 8.37; 8.37; 8.37; 8.43; 2018/12/06 19:00
10.75; 8.37; 8.37; 8.37; 8.43; 2018/12/06 19:30
10.93; 8.43; 8.43; 8.43; 8.43; 2018/12/06 20:00
10.81; 8.43; 8.43; 8.43; 8.43; 2018/12/06 20:30
10.62; 8.43; 8.43; 8.43; 8.43; 2018/12/06 21:00
10.68; 8.43; 8.43; 8.43; 8.43; 2018/12/06 21:30
10.93; 8.50; 8.43; 8.50; 8.43; 2018/12/06 22:00
11.12; 8.50; 8.50; 8.50; 8.43; 2018/12/06 22:30
11.25; 8.56; 8.50; 8.56; 8.50; 2018/12/06 23:00
11.25; 8.56; 8.50; 8.56; 8.50; 2018/12/06 23:30
11.43; 8.62; 8.56; 8.62; 8.50; 2018/12/07 00:00
11.00; 8.56; 8.56; 8.62; 8.50; 2018/12/07 00:30
10.81; 8.62; 8.56; 8.62; 8.50; 2018/12/07 01:00
10.56; 8.62; 8.62; 8.68; 8.50; 2018/12/07 01:30
10.43; 8.62; 8.62; 8.62; 8.50; 2018/12/07 02:00
10.43; 8.62; 8.62; 8.68; 8.56; 2018/12/07 02:30
10.37; 8.62; 8.62; 8.68; 8.56; 2018/12/07 03:00
10.37; 8.62; 8.62; 8.75; 8.56; 2018/12/07 03:30
10.25; 8.62; 8.62; 8.75; 8.56; 2018/12/07 04:00
10.25; 8.68; 8.62; 8.75; 8.56; 2018/12/07 04:30
10.31; 8.68; 8.62; 8.81; 8.56; 2018/12/07 05:00
10.31; 8.68; 8.68; 8.81; 8.56; 2018/12/07 05:30
10.37; 8.68; 8.68; 8.87; 8.56; 2018/12/07 06:00
10.37; 8.68; 8.68; 8.87; 8.56; 2018/12/07 06:30
10.31; 8.68; 8.68; 8.87; 8.56; 2018/12/07 07:00
10.25; 8.68; 8.68; 8.87; 8.56; 2018/12/07 07:30
10.25; 8.68; 8.75; 8.87; 8.56; 2018/12/07 08:00
10.25; 8.68; 8.75; 8.87; 8.62; 2018/12/07 08:30
10.25; 8.68; 8.75; 8.87; 8.62; 2018/12/07 09:00
10.12; 8.68; 8.75; 8.93; 8.62; 2018/12/07 09:30
10.18; 8.68; 8.75; 8.93; 8.62; 2018/12/07 10:00
10.18; 8.75; 8.75; 8.93; 8.62; 2018/12/07 10:30
10.31; 8.75; 8.75; 8.93; 8.62; 2018/12/07 11:00
10.25; 8.75; 8.75; 8.93; 8.62; 2018/12/07 11:30
10.43; 8.75; 8.81; 9.00; 8.68; 2018/12/07 12:00
10.43; 8.81; 8.81; 9.00; 8.62; 2018/12/07 12:30
10.50; 8.81; 8.81; 9.00; 8.62; 2018/12/07 13:00
10.62; 8.81; 8.81; 9.00; 8.68; 2018/12/07 13:30
10.87; 8.81; 8.87; 9.00; 8.68; 2018/12/07 14:00
10.93; 8.81; 8.87; 9.06; 8.68; 2018/12/07 14:30
11.18; 8.87; 8.87; 9.06; 8.68; 2018/12/07 15:00
11.31; 8.93; 8.87; 9.06; 8.75; 2018/12/07 15:30
10.93; 8.93; 8.87; 9.06; 8.75; 2018/12/07 16:00
10.62; 8.93; 8.93; 9.12; 8.75; 2018/12/07 16:30
10.25; 8.93; 8.93; 9.12; 8.75; 2018/12/07 17:00
10.06; 8.93; 8.93; 9.12; 8.75; 2018/12/07 17:30
9.81; 8.93; 8.93; 9.12; 8.75; 2018/12/07 18:00
9.75; 9.37; 9.68; 9.43; 9.68; 2018/12/07 18:30
9.62; 10.00; 10.62; 9.81; 11.56; 2018/12/07 19:00
9.68; 9.93; 10.06; 10.18; 10.06; 2018/12/07 19:30
8.68; 9.81; 10.06; 9.75; 10.31; 2018/12/07 20:00
7.93; 9.31; 9.37; 9.50; 9.37; 2018/12/07 20:30
7.62; 9.18; 9.25; 9.43; 9.18; 2018/12/07 21:00
7.62; 9.12; 9.18; 9.37; 9.12; 2018/12/07 21:30
7.50; 9.06; 9.12; 9.37; 9.12; 2018/12/07 22:00
7.37; 9.00; 9.12; 9.31; 9.06; 2018/12/07 22:30
7.12; 9.00; 9.12; 9.31; 9.06; 2018/12/07 23:00
7.25; 9.00; 9.12; 9.25; 9.06; 2018/12/07 23:30
7.06; 8.93; 9.06; 9.25; 9.06; 2018/12/08 00:00
6.68; 8.93; 9.06; 9.18; 9.06; 2018/12/08 00:30
6.93; 8.93; 9.06; 9.18; 9.00; 2018/12/08 01:00
6.68; 8.87; 9.00; 9.12; 9.00; 2018/12/08 01:30
6.56; 8.87; 9.00; 9.12; 9.00; 2018/12/08 02:00
6.81; 8.87; 9.00; 9.12; 9.00; 2018/12/08 02:30
6.87; 8.87; 9.00; 9.12; 9.00; 2018/12/08 03:00
6.87; 8.87; 9.00; 9.06; 9.00; 2018/12/08 03:30
6.81; 8.81; 9.00; 9.06; 9.00; 2018/12/08 04:00
6.75; 8.81; 8.93; 9.06; 9.00; 2018/12/08 04:30
6.87; 8.81; 8.93; 9.06; 9.00; 2018/12/08 05:00
7.00; 8.81; 8.93; 9.00; 9.00; 2018/12/08 05:30
7.12; 8.81; 8.93; 9.00; 9.00; 2018/12/08 06:00
7.18; 8.81; 8.93; 9.00; 9.00; 2018/12/08 06:30
7.18; 8.81; 8.93; 9.00; 9.00; 2018/12/08 07:00
7.25; 8.75; 8.93; 8.93; 8.93; 2018/12/08 07:30
7.12; 8.75; 8.93; 8.93; 8.93; 2018/12/08 08:00
7.25; 8.75; 8.93; 8.93; 8.93; 2018/12/08 08:30
7.06; 8.75; 8.87; 8.93; 8.93; 2018/12/08 09:00
6.87; 8.75; 8.87; 8.93; 8.93; 2018/12/08 09:30
6.87; 8.75; 8.87; 8.87; 8.93; 2018/12/08 10:00
7.12; 8.75; 8.87; 8.87; 8.93; 2018/12/08 10:30
7.25; 8.75; 8.87; 8.87; 8.93; 2018/12/08 11:00
7.31; 8.75; 8.87; 8.87; 8.93; 2018/12/08 11:30
7.37; 8.75; 8.87; 8.87; 8.93; 2018/12/08 12:00
7.62; 8.75; 8.87; 8.87; 8.93; 2018/12/08 12:30
7.75; 8.75; 8.87; 8.81; 8.93; 2018/12/08 13:00
7.93; 8.75; 8.87; 8.81; 8.93; 2018/12/08 13:30
8.25; 8.75; 8.87; 8.81; 8.93; 2018/12/08 14:00
8.43; 8.75; 8.87; 8.81; 8.93; 2018/12/08 14:30
8.37; 8.75; 8.87; 8.81; 8.93; 2018/12/08 15:00
8.06; 8.75; 8.87; 8.81; 8.93; 2018/12/08 15:30
8.00; 8.75; 8.87; 8.81; 8.93; 2018/12/08 16:00
8.31; 8.75; 8.81; 8.81; 8.93; 2018/12/08 16:30
8.31; 8.75; 8.81; 8.81; 8.93; 2018/12/08 17:00
8.56; 8.75; 8.81; 8.81; 8.93; 2018/12/08 17:30
8.56; 8.68; 8.81; 8.81; 8.93; 2018/12/08 18:00
8.68; 8.75; 8.81; 8.75; 8.93; 2018/12/08 18:30
8.43; 8.75; 8.81; 8.81; 8.93; 2018/12/08 19:00
8.31; 8.75; 8.81; 8.81; 8.93; 2018/12/08 19:30
8.43; 8.75; 8.81; 8.81; 8.93; 2018/12/08 20:00
8.50; 8.75; 8.81; 8.81; 8.93; 2018/12/08 20:30
8.62; 8.75; 8.81; 8.81; 8.93; 2018/12/08 21:00
8.62; 8.75; 8.81; 8.81; 8.87; 2018/12/08 21:30
8.75; 8.75; 8.81; 8.81; 8.93; 2018/12/08 22:00
8.93; 8.75; 8.81; 8.81; 8.93; 2018/12/08 22:30
8.56; 8.75; 8.81; 8.81; 8.93; 2018/12/08 23:00
9.25; 8.75; 8.81; 8.81; 8.93; 2018/12/08 23:30
9.31; 8.75; 8.81; 8.81; 8.93; 2018/12/09 00:00
9.25; 8.75; 8.81; 8.81; 8.93; 2018/12/09 00:30
9.37; 8.75; 8.87; 8.81; 8.93; 2018/12/09 01:00
9.31; 8.75; 8.87; 8.81; 8.93; 2018/12/09 01:30
9.18; 8.75; 8.87; 8.81; 8.93; 2018/12/09 02:00
8.87; 8.75; 8.87; 8.81; 8.93; 2018/12/09 02:30
6.75; 8.75; 8.87; 8.81; 8.93; 2018/12/09 03:00
7.56; 8.75; 8.81; 8.81; 8.93; 2018/12/09 03:30
7.93; 8.75; 8.81; 8.81; 8.93; 2018/12/09 04:00
8.00; 8.75; 8.81; 8.81; 8.93; 2018/12/09 04:30
7.93; 8.68; 8.81; 8.81; 8.93; 2018/12/09 05:00
7.62; 8.75; 8.81; 8.81; 8.93; 2018/12/09 05:30
7.50; 8.75; 8.81; 8.81; 8.93; 2018/12/09 06:00
7.43; 8.68; 8.81; 8.81; 8.87; 2018/12/09 06:30
7.56; 8.68; 8.81; 8.81; 8.87; 2018/12/09 07:00
7.50; 8.68; 8.81; 8.75; 8.87; 2018/12/09 07:30
7.56; 8.68; 8.81; 8.81; 8.93; 2018/12/09 08:00
7.50; 8.68; 8.81; 8.81; 8.87; 2018/12/09 08:30
7.68; 8.68; 8.81; 8.81; 8.93; 2018/12/09 09:00
7.81; 8.68; 8.81; 8.81; 8.87; 2018/12/09 09:30
7.81; 8.68; 8.81; 8.81; 8.87; 2018/12/09 10:00
7.75; 8.68; 8.81; 8.75; 8.87; 2018/12/09 10:30
7.93; 8.68; 8.81; 8.75; 8.87; 2018/12/09 11:00
8.00; 8.68; 8.81; 8.75; 8.87; 2018/12/09 11:30
7.87; 8.68; 8.81; 8.75; 8.87; 2018/12/09 12:00
7.81; 8.68; 8.81; 8.75; 8.87; 2018/12/09 12:30
6.81; 8.68; 8.81; 8.75; 8.93; 2018/12/09 13:00
6.87; 8.68; 8.81; 8.75; 8.87; 2018/12/09 13:30
7.00; 8.68; 8.81; 8.75; 8.87; 2018/12/09 14:00
7.25; 8.68; 8.81; 8.75; 8.87; 2018/12/09 14:30
7.25; 8.68; 8.81; 8.75; 8.87; 2018/12/09 15:00
7.25; 8.68; 8.75; 8.75; 8.87; 2018/12/09 15:30
7.43; 8.68; 8.75; 8.75; 8.87; 2018/12/09 16:00
7.56; 8.68; 8.75; 8.75; 8.87; 2018/12/09 16:30
7.56; 8.68; 8.75; 8.75; 8.87; 2018/12/09 17:00
7.56; 8.68; 8.75; 8.75; 8.87; 2018/12/09 17:30
7.62; 8.68; 8.75; 8.75; 8.87; 2018/12/09 18:00
7.43; 8.68; 8.75; 8.75; 8.87; 2018/12/09 18:30
7.43; 8.68; 8.75; 8.75; 8.87; 2018/12/09 19:00
7.37; 8.68; 8.75; 8.75; 8.87; 2018/12/09 19:30
7.18; 8.68; 8.75; 8.75; 8.87; 2018/12/09 20:00
7.12; 8.68; 8.75; 8.75; 8.87; 2018/12/09 20:30
6.87; 8.62; 8.75; 8.75; 8.87; 2018/12/09 21:00
6.62; 8.62; 8.75; 8.75; 8.87; 2018/12/09 21:30
6.25; 8.62; 8.75; 8.68; 8.87; 2018/12/09 22:00
6.37; 8.62; 8.75; 8.68; 8.81; 2018/12/09 22:30
6.43; 8.62; 8.75; 8.68; 8.81; 2018/12/09 23:00
6.18; 8.62; 8.75; 8.68; 8.81; 2018/12/09 23:30
6.31; 8.62; 8.68; 8.68; 8.81; 2018/12/10 00:00
6.12; 8.62; 8.68; 8.68; 8.81; 2018/12/10 00:30
6.06; 8.56; 8.68; 8.68; 8.81; 2018/12/10 01:00
5.93; 8.56; 8.68; 8.62; 8.81; 2018/12/10 01:30
5.87; 8.56; 8.68; 8.62; 8.81; 2018/12/10 02:00
5.68; 8.56; 8.68; 8.62; 8.81; 2018/12/10 02:30
5.62; 8.56; 8.68; 8.62; 8.81; 2018/12/10 03:00
5.43; 8.56; 8.68; 8.62; 8.81; 2018/12/10 03:30
5.25; 8.56; 8.62; 8.62; 8.75; 2018/12/10 04:00
5.37; 8.50; 8.62; 8.62; 8.75; 2018/12/10 04:30
5.18; 8.50; 8.62; 8.56; 8.75; 2018/12/10 05:00
5.18; 8.50; 8.62; 8.56; 8.75; 2018/12/10 05:30
5.18; 8.50; 8.62; 8.56; 8.75; 2018/12/10 06:00
5.37; 8.50; 8.62; 8.56; 8.75; 2018/12/10 06:30
5.18; 8.50; 8.56; 8.50; 8.75; 2018/12/10 07:00
5.06; 8.43; 8.56; 8.50; 8.75; 2018/12/10 07:30
5.12; 8.43; 8.56; 8.50; 8.75; 2018/12/10 08:00
4.93; 8.43; 8.56; 8.50; 8.68; 2018/12/10 08:30
4.75; 8.43; 8.56; 8.43; 8.68; 2018/12/10 09:00
4.93; 8.37; 8.56; 8.43; 8.68; 2018/12/10 09:30
4.93; 8.37; 8.50; 8.43; 8.68; 2018/12/10 10:00
5.31; 8.37; 8.56; 8.43; 8.68; 2018/12/10 10:30
5.25; 8.37; 8.50; 8.43; 8.68; 2018/12/10 11:00
5.62; 8.37; 8.50; 8.43; 8.68; 2018/12/10 11:30
5.56; 8.37; 8.50; 8.43; 8.68; 2018/12/10 12:00
5.50; 8.37; 8.50; 8.37; 8.62; 2018/12/10 12:30
5.50; 8.37; 8.50; 8.37; 8.68; 2018/12/10 13:00
5.43; 8.37; 8.43; 8.37; 8.62; 2018/12/10 13:30
5.62; 8.37; 8.43; 8.37; 8.62; 2018/12/10 14:00
5.62; 8.31; 8.43; 8.31; 8.62; 2018/12/10 14:30
6.00; 8.31; 8.43; 8.37; 8.62; 2018/12/10 15:00
5.75; 8.31; 8.43; 8.31; 8.62; 2018/12/10 15:30
5.75; 8.31; 8.43; 8.31; 8.62; 2018/12/10 16:00
5.75; 8.31; 8.43; 8.31; 8.62; 2018/12/10 16:30
5.75; 8.31; 8.43; 8.31; 8.62; 2018/12/10 17:00
5.25; 8.31; 8.43; 8.31; 8.56; 2018/12/10 17:30
4.50; 8.25; 8.37; 8.25; 8.56; 2018/12/10 18:00
4.62; 8.25; 8.37; 8.25; 8.56; 2018/12/10 18:30
4.31; 8.25; 8.37; 8.25; 8.56; 2018/12/10 19:00
4.56; 8.25; 8.37; 8.25; 8.56; 2018/12/10 19:30
4.43; 8.25; 8.31; 8.18; 8.56; 2018/12/10 20:00
4.62; 8.18; 8.31; 8.25; 8.50; 2018/12/10 20:30
4.75; 8.18; 8.31; 8.18; 8.50; 2018/12/10 21:00
4.81; 8.18; 8.31; 8.18; 8.50; 2018/12/10 21:30
4.81; 8.18; 8.31; 8.18; 8.50; 2018/12/10 22:00
4.75; 8.18; 8.31; 8.18; 8.50; 2018/12/10 22:30
4.68; 8.12; 8.25; 8.18; 8.50; 2018/12/10 23:00
4.50; 8.12; 8.25; 8.12; 8.50; 2018/12/10 23:30
4.68; 8.12; 8.25; 8.12; 8.50; 2018/12/11 00:00
4.62; 8.12; 8.25; 8.12; 8.43; 2018/12/11 00:30
4.43; 8.12; 8.25; 8.12; 8.43; 2018/12/11 01:00
4.31; 8.12; 8.18; 8.12; 8.43; 2018/12/11 01:30
3.87; 8.06; 8.18; 8.06; 8.43; 2018/12/11 02:00
4.25; 8.06; 8.18; 8.06; 8.43; 2018/12/11 02:30
4.12; 8.06; 8.18; 8.06; 8.43; 2018/12/11 03:00
4.43; 8.06; 8.18; 8.06; 8.37; 2018/12/11 03:30
4.43; 8.06; 8.12; 8.00; 8.37; 2018/12/11 04:00
4.50; 8.06; 8.12; 8.00; 8.37; 2018/12/11 04:30
4.43; 8.00; 8.12; 8.00; 8.37; 2018/12/11 05:00
4.31; 8.00; 8.12; 8.00; 8.31; 2018/12/11 05:30
4.50; 8.00; 8.12; 7.93; 8.31; 2018/12/11 06:00
4.31; 8.00; 8.06; 7.93; 8.31; 2018/12/11 06:30
4.31; 8.00; 8.06; 7.93; 8.31; 2018/12/11 07:00
4.43; 7.93; 8.06; 7.93; 8.31; 2018/12/11 07:30
4.43; 7.93; 8.06; 7.93; 8.31; 2018/12/11 08:00
4.25; 7.93; 8.06; 7.87; 8.31; 2018/12/11 08:30
4.06; 7.93; 8.00; 7.87; 8.25; 2018/12/11 09:00
4.12; 7.87; 8.00; 7.87; 8.25; 2018/12/11 09:30
4.37; 7.87; 8.00; 7.81; 8.25; 2018/12/11 10:00
4.50; 7.87; 8.00; 7.87; 8.25; 2018/12/11 10:30
4.93; 7.93; 8.00; 7.87; 8.25; 2018/12/11 11:00
4.93; 7.93; 8.00; 7.87; 8.18; 2018/12/11 11:30
5.37; 7.93; 8.00; 7.87; 8.25; 2018/12/11 12:00
5.56; 7.87; 8.00; 7.81; 8.25; 2018/12/11 12:30
6.06; 7.93; 8.00; 7.87; 8.25; 2018/12/11 13:00
6.18; 7.93; 8.00; 7.87; 8.25; 2018/12/11 13:30
6.12; 7.93; 8.00; 7.87; 8.18; 2018/12/11 14:00
6.06; 7.93; 8.00; 7.81; 8.18; 2018/12/11 14:30
5.93; 7.87; 7.93; 7.81; 8.18; 2018/12/11 15:00
6.06; 7.87; 7.93; 7.81; 8.18; 2018/12/11 15:30
6.00; 7.87; 7.93; 7.81; 8.18; 2018/12/11 16:00
5.93; 7.87; 7.93; 7.81; 8.18; 2018/12/11 16:30
5.50; 7.87; 7.93; 7.81; 8.18; 2018/12/11 17:00
5.12; 7.87; 7.93; 7.75; 8.12; 2018/12/11 17:30
4.56; 7.81; 7.93; 7.81; 8.12; 2018/12/11 18:00
4.06; 7.81; 7.87; 7.75; 8.12; 2018/12/11 18:30
4.00; 7.81; 7.87; 7.75; 8.12; 2018/12/11 19:00
3.81; 7.81; 7.87; 7.81; 8.12; 2018/12/11 19:30
3.68; 7.75; 7.87; 7.75; 8.12; 2018/12/11 20:00
3.50; 7.75; 7.87; 7.75; 8.06; 2018/12/11 20:30
3.68; 7.75; 7.81; 7.75; 8.06; 2018/12/11 21:00
3.56; 7.75; 7.81; 7.75; 8.06; 2018/12/11 21:30
3.50; 7.68; 7.81; 7.75; 8.06; 2018/12/11 22:00
3.43; 7.68; 7.81; 7.68; 8.00; 2018/12/11 22:30
3.18; 7.68; 7.75; 7.68; 8.00; 2018/12/11 23:00
3.25; 7.68; 7.75; 7.68; 8.00; 2018/12/11 23:30
3.00; 7.62; 7.75; 7.68; 8.00; 2018/12/12 00:00
2.81; 7.62; 7.75; 7.68; 8.00; 2018/12/12 00:30
2.43; 7.62; 7.68; 7.62; 8.00; 2018/12/12 01:00
2.56; 7.56; 7.68; 7.62; 7.93; 2018/12/12 01:30
2.50; 7.56; 7.68; 7.62; 7.93; 2018/12/12 02:00
2.75; 7.56; 7.68; 7.56; 7.93; 2018/12/12 02:30
2.68; 7.56; 7.62; 7.56; 7.93; 2018/12/12 03:00
2.75; 7.56; 7.62; 7.56; 7.87; 2018/12/12 03:30
2.87; 7.50; 7.62; 7.50; 7.87; 2018/12/12 04:00
2.62; 7.50; 7.62; 7.50; 7.87; 2018/12/12 04:30
2.93; 7.50; 7.56; 7.43; 7.87; 2018/12/12 05:00
2.81; 7.50; 7.56; 7.50; 7.81; 2018/12/12 05:30
2.68; 7.43; 7.56; 7.43; 7.81; 2018/12/12 06:00
2.43; 7.43; 7.56; 7.43; 7.81; 2018/12/12 06:30
2.31; 7.43; 7.50; 7.37; 7.81; 2018/12/12 07:00
2.37; 7.43; 7.50; 7.37; 7.75; 2018/12/12 07:30
2.18; 7.37; 7.50; 7.37; 7.75; 2018/12/12 08:00
2.43; 7.37; 7.43; 7.31; 7.75; 2018/12/12 08:30
2.56; 7.31; 7.43; 7.31; 7.75; 2018/12/12 09:00
2.62; 7.31; 7.43; 7.31; 7.75; 2018/12/12 09:30
2.81; 7.31; 7.43; 7.31; 7.68; 2018/12/12 10:00
3.06; 7.31; 7.43; 7.31; 7.68; 2018/12/12 10:30
3.43; 7.31; 7.37; 7.25; 7.68; 2018/12/12 11:00
3.68; 7.31; 7.37; 7.25; 7.68; 2018/12/12 11:30
4.00; 7.31; 7.37; 7.25; 7.68; 2018/12/12 12:00
4.31; 7.31; 7.37; 7.25; 7.62; 2018/12/12 12:30
4.37; 7.31; 7.37; 7.25; 7.62; 2018/12/12 13:00
4.81; 7.31; 7.37; 7.25; 7.62; 2018/12/12 13:30
4.81; 7.31; 7.37; 7.25; 7.62; 2018/12/12 14:00
5.18; 7.31; 7.37; 7.25; 7.62; 2018/12/12 14:30
4.68; 7.31; 7.37; 7.18; 7.62; 2018/12/12 15:00
4.87; 7.25; 7.31; 7.18; 7.62; 2018/12/12 15:30
4.75; 7.25; 7.31; 7.18; 7.56; 2018/12/12 16:00
4.06; 7.25; 7.31; 7.12; 7.56; 2018/12/12 16:30
3.68; 7.25; 7.31; 7.12; 7.56; 2018/12/12 17:00
3.43; 7.18; 7.31; 7.12; 7.56; 2018/12/12 17:30
3.06; 7.18; 7.25; 7.12; 7.50; 2018/12/12 18:00
3.00; 7.18; 7.25; 7.06; 7.56; 2018/12/12 18:30
2.62; 7.12; 7.25; 7.06; 7.50; 2018/12/12 19:00
2.43; 7.12; 7.18; 7.06; 7.50; 2018/12/12 19:30
2.31; 7.12; 7.18; 7.00; 7.50; 2018/12/12 20:00
2.56; 7.06; 7.18; 7.06; 7.43; 2018/12/12 20:30
2.37; 7.06; 7.18; 7.00; 7.43; 2018/12/12 21:00
2.56; 7.06; 7.12; 7.00; 7.43; 2018/12/12 21:30
2.68; 7.06; 7.12; 7.00; 7.43; 2018/12/12 22:00
2.81; 7.06; 7.12; 7.00; 7.37; 2018/12/12 22:30
2.93; 7.00; 7.12; 6.93; 7.37; 2018/12/12 23:00
3.00; 7.00; 7.06; 6.93; 7.37; 2018/12/12 23:30
3.12; 7.00; 7.12; 6.93; 7.37; 2018/12/13 00:00
2.87; 7.00; 7.06; 6.87; 7.37; 2018/12/13 00:30
3.25; 6.93; 7.06; 6.87; 7.31; 2018/12/13 01:00
3.31; 6.93; 7.06; 6.87; 7.31; 2018/12/13 01:30
3.37; 6.93; 7.06; 6.87; 7.31; 2018/12/13 02:00
3.37; 6.93; 7.00; 6.87; 7.31; 2018/12/13 02:30
3.18; 6.93; 7.00; 6.87; 7.25; 2018/12/13 03:00
2.62; 6.93; 7.00; 6.81; 7.25; 2018/12/13 03:30
2.81; 6.87; 7.00; 6.81; 7.25; 2018/12/13 04:00
2.75; 6.87; 7.00; 6.81; 7.25; 2018/12/13 04:30
2.50; 6.87; 6.93; 6.81; 7.18; 2018/12/13 05:00
2.43; 6.81; 6.93; 6.75; 7.18; 2018/12/13 05:30
2.31; 6.87; 7.00; 6.56; 7.25; 2018/12/13 06:00
2.06; 6.87; 6.93; 6.68; 7.18; 2018/12/13 06:30
2.00; 6.81; 6.93; 6.68; 7.18; 2018/12/13 07:00
1.31; 6.81; 6.87; 6.68; 7.18; 2018/12/13 07:30
1.18; 6.81; 6.87; 6.62; 7.18; 2018/12/13 08:00
.81; 6.81; 6.93; 6.56; 7.18; 2018/12/13 08:30
.81; 6.75; 6.87; 6.56; 7.12; 2018/12/13 09:00
.93; 6.75; 6.81; 6.56; 7.12; 2018/12/13 09:30
1.56; 6.81; 6.93; 6.56; 7.18; 2018/12/13 10:00
2.00; 6.75; 6.87; 6.56; 7.12; 2018/12/13 10:30
2.37; 6.75; 6.81; 6.56; 7.06; 2018/12/13 11:00
2.75; 6.75; 6.81; 6.56; 7.06; 2018/12/13 11:30
3.00; 6.81; 6.93; 6.43; 7.12; 2018/12/13 12:00
3.50; 6.87; 6.93; 6.62; 7.12; 2018/12/13 12:30
3.56; 6.87; 6.93; 6.56; 7.18; 2018/12/13 13:00
3.62; 6.81; 6.87; 6.56; 7.12; 2018/12/13 13:30
3.68; 6.81; 6.81; 6.50; 7.06; 2018/12/13 14:00
3.62; 6.75; 6.81; 6.56; 7.06; 2018/12/13 14:30
3.87; 6.81; 6.87; 6.50; 7.12; 2018/12/13 15:00
3.68; 6.75; 6.81; 6.50; 7.06; 2018/12/13 15:30
3.43; 6.75; 6.75; 6.56; 7.00; 2018/12/13 16:00
3.12; 6.81; 6.87; 6.37; 7.06; 2018/12/13 16:30
2.37; 6.75; 6.81; 6.50; 7.00; 2018/12/13 17:00
2.12; 6.68; 6.75; 6.43; 7.00; 2018/12/13 17:30
2.00; 6.75; 6.81; 6.37; 7.06; 2018/12/13 18:00
1.75; 6.68; 6.75; 6.43; 6.93; 2018/12/13 18:30
1.75; 6.62; 6.68; 6.43; 6.93; 2018/12/13 19:00
2.25; 6.68; 6.75; 6.43; 6.93; 2018/12/13 19:30
2.31; 6.62; 6.68; 6.43; 6.93; 2018/12/13 20:00
2.25; 6.68; 6.75; 6.37; 7.00; 2018/12/13 20:30
2.06; 6.62; 6.68; 6.43; 6.87; 2018/12/13 21:00
1.75; 6.68; 6.68; 6.37; 6.93; 2018/12/13 21:30
1.62; 6.62; 6.68; 6.43; 6.93; 2018/12/13 22:00
1.06; 6.56; 6.62; 6.43; 6.87; 2018/12/13 22:30
1.31; 6.56; 6.68; 6.37; 6.87; 2018/12/13 23:00
.87; 6.50; 6.56; 6.37; 6.81; 2018/12/13 23:30
.87; 6.56; 6.62; 6.37; 6.87; 2018/12/14 00:00
.81; 6.50; 6.56; 6.37; 6.81; 2018/12/14 00:30
.62; 6.50; 6.62; 6.31; 6.87; 2018/12/14 01:00
.81; 6.50; 6.56; 6.18; 6.81; 2018/12/14 01:30
1.00; 6.50; 6.56; 6.31; 6.81; 2018/12/14 02:00
1.43; 6.56; 6.62; 6.18; 6.81; 2018/12/14 02:30
1.37; 6.43; 6.56; 6.25; 6.75; 2018/12/14 03:00
1.43; 6.56; 6.62; 6.18; 6.81; 2018/12/14 03:30
1.62; 6.43; 6.50; 6.25; 6.75; 2018/12/14 04:00
1.56; 6.50; 6.56; 6.18; 6.75; 2018/12/14 04:30
1.81; 6.37; 6.50; 6.18; 6.75; 2018/12/14 05:00
1.56; 6.43; 6.50; 6.18; 6.75; 2018/12/14 05:30
1.68; 6.50; 6.56; 6.06; 6.75; 2018/12/14 06:00
1.56; 6.37; 6.43; 6.12; 6.68; 2018/12/14 06:30
1.62; 6.43; 6.50; 6.06; 6.75; 2018/12/14 07:00
1.56; 6.37; 6.43; 6.06; 6.68; 2018/12/14 07:30
1.68; 6.37; 6.43; 6.12; 6.68; 2018/12/14 08:00
1.75; 6.50; 6.56; 6.06; 6.75; 2018/12/14 08:30
1.93; 6.37; 6.43; 6.12; 6.68; 2018/12/14 09:00
1.87; 6.43; 6.50; 6.00; 6.68; 2018/12/14 09:30
1.81; 6.37; 6.43; 6.06; 6.62; 2018/12/14 10:00
2.00; 6.37; 6.43; 6.06; 6.68; 2018/12/14 10:30
2.06; 6.43; 6.43; 6.00; 6.68; 2018/12/14 11:00
2.25; 6.31; 6.37; 6.00; 6.62; 2018/12/14 11:30
2.37; 6.31; 6.37; 6.06; 6.62; 2018/12/14 12:00
2.50; 6.37; 6.43; 6.00; 6.68; 2018/12/14 12:30
2.56; 6.37; 6.43; 5.93; 6.62; 2018/12/14 13:00
2.68; 6.31; 6.37; 6.00; 6.62; 2018/12/14 13:30
2.81; 6.43; 6.43; 5.93; 6.68; 2018/12/14 14:00
2.81; 6.31; 6.37; 6.00; 6.56; 2018/12/14 14:30
2.75; 6.31; 6.37; 5.93; 6.62; 2018/12/14 15:00
2.62; 6.37; 6.43; 5.87; 6.62; 2018/12/14 15:30
2.50; 6.25; 6.31; 6.00; 6.56; 2018/12/14 16:00
2.43; 6.31; 6.37; 5.93; 6.62; 2018/12/14 16:30
2.25; 6.37; 6.37; 5.93; 6.56; 2018/12/14 17:00
2.18; 6.18; 6.31; 6.00; 6.50; 2018/12/14 17:30
2.18; 7.56; 7.18; 7.06; 7.37; 2018/12/14 18:00
2.06; 6.43; 6.43; 6.06; 6.68; 2018/12/14 18:30
2.50; 6.75; 7.06; 6.50; 7.43; 2018/12/14 19:00
2.18; 8.31; 8.75; 7.50; 8.87; 2018/12/14 19:30
2.18; 7.62; 7.93; 6.93; 8.00; 2018/12/14 20:00
2.00; 7.12; 7.25; 6.68; 7.43; 2018/12/14 20:30
2.00; 6.56; 6.56; 6.12; 6.87; 2018/12/14 21:00
1.81; 6.43; 6.50; 6.06; 6.75; 2018/12/14 21:30
1.75; 6.43; 6.43; 5.93; 6.68; 2018/12/14 22:00
1.62; 6.31; 6.37; 6.00; 6.62; 2018/12/14 22:30
1.68; 6.31; 6.37; 6.00; 6.62; 2018/12/14 23:00
1.75; 6.37; 6.43; 5.87; 6.62; 2018/12/14 23:30
1.56; 6.25; 6.31; 5.93; 6.56; 2018/12/15 00:00
1.50; 6.25; 6.31; 5.93; 6.56; 2018/12/15 00:30
1.62; 6.31; 6.37; 5.87; 6.56; 2018/12/15 01:00
1.68; 6.31; 6.31; 5.81; 6.56; 2018/12/15 01:30
1.56; 6.18; 6.25; 5.87; 6.50; 2018/12/15 02:00
1.50; 6.25; 6.31; 5.87; 6.56; 2018/12/15 02:30
1.43; 6.25; 6.31; 5.81; 6.50; 2018/12/15 03:00
1.43; 6.12; 6.18; 5.81; 6.43; 2018/12/15 03:30
1.62; 6.18; 6.25; 5.81; 6.50; 2018/12/15 04:00
1.31; 6.25; 6.31; 5.75; 6.50; 2018/12/15 04:30
1.37; 6.12; 6.18; 5.68; 6.43; 2018/12/15 05:00
1.37; 6.12; 6.18; 5.81; 6.43; 2018/12/15 05:30
1.31; 6.18; 6.25; 5.75; 6.43; 2018/12/15 06:00
1.37; 6.25; 6.25; 5.68; 6.43; 2018/12/15 06:30
1.37; 6.06; 6.18; 5.75; 6.37; 2018/12/15 07:00
1.12; 6.12; 6.18; 5.75; 6.37; 2018/12/15 07:30
1.25; 6.18; 6.25; 5.68; 6.43; 2018/12/15 08:00
1.43; 6.12; 6.18; 5.68; 6.37; 2018/12/15 08:30
1.00; 6.06; 6.12; 5.62; 6.37; 2018/12/15 09:00
1.18; 6.06; 6.18; 5.75; 6.37; 2018/12/15 09:30
1.18; 6.12; 6.18; 5.62; 6.37; 2018/12/15 10:00
.93; 6.12; 6.18; 5.62; 6.37; 2018/12/15 10:30
1.06; 6.00; 6.06; 5.68; 6.31; 2018/12/15 11:00
1.31; 6.06; 6.12; 5.62; 6.31; 2018/12/15 11:30
1.12; 6.06; 6.12; 5.56; 6.31; 2018/12/15 12:00
1.00; 6.12; 6.18; 5.56; 6.31; 2018/12/15 12:30
1.12; 6.12; 6.12; 5.50; 6.31; 2018/12/15 13:00
1.31; 5.93; 6.06; 5.56; 6.25; 2018/12/15 13:30
.93; 6.00; 6.06; 5.62; 6.25; 2018/12/15 14:00
1.00; 6.06; 6.06; 5.56; 6.25; 2018/12/15 14:30
1.25; 6.06; 6.12; 5.50; 6.25; 2018/12/15 15:00
1.31; 6.06; 6.12; 5.50; 6.25; 2018/12/15 15:30
1.00; 5.93; 6.00; 5.43; 6.18; 2018/12/15 16:00
.93; 5.93; 6.00; 5.50; 6.18; 2018/12/15 16:30
1.06; 5.93; 6.00; 5.50; 6.18; 2018/12/15 17:00
.81; 6.00; 6.06; 5.50; 6.18; 2018/12/15 17:30
.81; 6.00; 6.06; 5.50; 6.18; 2018/12/15 18:00
.43; 6.00; 6.06; 5.43; 6.18; 2018/12/15 18:30
.62; 5.93; 6.00; 5.37; 6.12; 2018/12/15 19:00
.25; 5.81; 5.93; 5.37; 6.12; 2018/12/15 19:30
.31; 5.81; 5.93; 5.50; 6.06; 2018/12/15 20:00
.12; 5.81; 5.93; 5.37; 6.06; 2018/12/15 20:30
.31; 5.87; 5.93; 5.37; 6.12; 2018/12/15 21:00
0; 5.87; 5.93; 5.37; 6.06; 2018/12/15 21:30
.06; 5.87; 5.93; 5.37; 6.06; 2018/12/15 22:00
-.12; 5.87; 5.93; 5.37; 6.12; 2018/12/15 22:30
-.12; 5.87; 5.93; 5.31; 6.06; 2018/12/15 23:00
-.18; 5.87; 5.87; 5.25; 6.06; 2018/12/15 23:30
-.12; 5.87; 5.87; 5.31; 6.00; 2018/12/16 00:00
-.12; 5.81; 5.81; 5.18; 6.00; 2018/12/16 00:30
.18; 5.75; 5.81; 5.18; 6.00; 2018/12/16 01:00
.18; 5.75; 5.81; 5.18; 5.93; 2018/12/16 01:30
.31; 5.75; 5.75; 5.18; 5.93; 2018/12/16 02:00
.18; 5.68; 5.75; 5.18; 5.93; 2018/12/16 02:30
.18; 5.68; 5.75; 5.25; 5.87; 2018/12/16 03:00
.37; 5.68; 5.75; 5.18; 5.87; 2018/12/16 03:30
.37; 5.62; 5.75; 5.18; 5.87; 2018/12/16 04:00
-.18; 5.62; 5.75; 5.25; 5.87; 2018/12/16 04:30
-.06; 5.62; 5.68; 5.18; 5.87; 2018/12/16 05:00
0; 5.62; 5.68; 5.18; 5.87; 2018/12/16 05:30
-.25; 5.62; 5.68; 5.18; 5.87; 2018/12/16 06:00
-.25; 5.62; 5.68; 5.12; 5.87; 2018/12/16 06:30
-.06; 5.62; 5.68; 5.12; 5.81; 2018/12/16 07:00
.06; 5.62; 5.68; 5.12; 5.81; 2018/12/16 07:30
.06; 5.62; 5.68; 5.06; 5.81; 2018/12/16 08:00
.18; 5.62; 5.68; 5.00; 5.81; 2018/12/16 08:30
.31; 5.62; 5.68; 5.00; 5.81; 2018/12/16 09:00
.25; 5.68; 5.68; 5.00; 5.81; 2018/12/16 09:30
.18; 5.68; 5.75; 5.00; 5.81; 2018/12/16 10:00
.18; 5.68; 5.75; 4.93; 5.81; 2018/12/16 10:30
.37; 5.68; 5.68; 5.00; 5.81; 2018/12/16 11:00
.43; 5.68; 5.75; 5.00; 5.81; 2018/12/16 11:30
.56; 5.68; 5.68; 5.00; 5.81; 2018/12/16 12:00
.75; 5.62; 5.68; 5.06; 5.81; 2018/12/16 12:30
.75; 5.62; 5.68; 5.06; 5.81; 2018/12/16 13:00
.87; 5.56; 5.62; 5.00; 5.75; 2018/12/16 13:30
.87; 5.56; 5.62; 5.00; 5.75; 2018/12/16 14:00
1.06; 5.56; 5.62; 5.00; 5.68; 2018/12/16 14:30
1.18; 5.62; 5.68; 4.93; 5.75; 2018/12/16 15:00
1.25; 5.68; 5.68; 5.00; 5.75; 2018/12/16 15:30
1.50; 5.68; 5.68; 5.00; 5.75; 2018/12/16 16:00
1.62; 5.68; 5.68; 5.00; 5.75; 2018/12/16 16:30
1.68; 5.68; 5.68; 5.00; 5.75; 2018/12/16 17:00
1.68; 5.62; 5.62; 5.00; 5.75; 2018/12/16 17:30
1.62; 5.62; 5.62; 5.06; 5.68; 2018/12/16 18:00
1.75; 5.56; 5.62; 5.06; 5.68; 2018/12/16 18:30
1.87; 5.56; 5.56; 5.06; 5.68; 2018/12/16 19:00
1.93; 5.62; 5.62; 5.06; 5.68; 2018/12/16 19:30
2.00; 5.62; 5.62; 5.00; 5.68; 2018/12/16 20:00
2.06; 5.68; 5.68; 5.00; 5.68; 2018/12/16 20:30
2.18; 5.62; 5.68; 5.06; 5.68; 2018/12/16 21:00
2.50; 5.62; 5.62; 5.00; 5.68; 2018/12/16 21:30
2.50; 5.62; 5.62; 5.12; 5.68; 2018/12/16 22:00
2.56; 5.56; 5.56; 5.06; 5.68; 2018/12/16 22:30
2.56; 5.56; 5.56; 5.18; 5.62; 2018/12/16 23:00
2.62; 5.62; 5.62; 5.06; 5.62; 2018/12/16 23:30
2.68; 5.62; 5.62; 5.00; 5.68; 2018/12/17 00:00
2.50; 5.68; 5.68; 5.00; 5.68; 2018/12/17 00:30
2.37; 5.68; 5.68; 5.00; 5.68; 2018/12/17 01:00
2.37; 5.62; 5.62; 5.12; 5.62; 2018/12/17 01:30
2.62; 5.62; 5.62; 5.06; 5.62; 2018/12/17 02:00
2.87; 5.62; 5.62; 5.06; 5.62; 2018/12/17 02:30
2.56; 5.56; 5.56; 5.12; 5.62; 2018/12/17 03:00
2.25; 5.56; 5.56; 5.12; 5.62; 2018/12/17 03:30
1.81; 5.62; 5.62; 5.06; 5.68; 2018/12/17 04:00
1.68; 5.68; 5.68; 5.00; 5.62; 2018/12/17 04:30
1.56; 5.68; 5.68; 5.06; 5.62; 2018/12/17 05:00
1.43; 5.62; 5.62; 5.00; 5.62; 2018/12/17 05:30
1.25; 5.62; 5.62; 5.06; 5.62; 2018/12/17 06:00
1.37; 5.56; 5.62; 5.00; 5.56; 2018/12/17 06:30
1.87; 5.56; 5.56; 5.00; 5.56; 2018/12/17 07:00
2.43; 5.56; 5.56; 5.12; 5.56; 2018/12/17 07:30
2.93; 5.62; 5.62; 5.06; 5.56; 2018/12/17 08:00
3.43; 5.62; 5.62; 5.00; 5.62; 2018/12/17 08:30
3.81; 5.62; 5.68; 5.00; 5.62; 2018/12/17 09:00
3.87; 5.62; 5.68; 5.06; 5.62; 2018/12/17 09:30
3.93; 5.62; 5.62; 5.06; 5.62; 2018/12/17 10:00
4.25; 5.62; 5.62; 5.06; 5.62; 2018/12/17 10:30
4.18; 5.56; 5.56; 5.12; 5.56; 2018/12/17 11:00
4.31; 5.56; 5.56; 5.06; 5.56; 2018/12/17 11:30
4.50; 5.62; 5.62; 5.06; 5.62; 2018/12/17 12:00
4.62; 5.62; 5.68; 5.06; 5.62; 2018/12/17 12:30
4.75; 5.68; 5.68; 5.00; 5.68; 2018/12/17 13:00
4.87; 5.68; 5.68; 5.06; 5.68; 2018/12/17 13:30
5.00; 5.68; 5.68; 5.06; 5.62; 2018/12/17 14:00
5.18; 5.68; 5.68; 4.93; 5.62; 2018/12/17 14:30
5.25; 5.68; 5.68; 5.06; 5.62; 2018/12/17 15:00
5.37; 5.68; 5.68; 5.12; 5.62; 2018/12/17 15:30
5.43; 5.68; 5.68; 5.12; 5.62; 2018/12/17 16:00
5.25; 5.68; 5.68; 5.18; 5.62; 2018/12/17 16:30
5.31; 5.68; 5.68; 5.18; 5.62; 2018/12/17 17:00
5.18; 5.68; 5.68; 5.12; 5.62; 2018/12/17 17:30
5.31; 6.00; 6.00; 5.37; 5.87; 2018/12/17 18:00
5.25; 5.81; 5.75; 5.25; 5.75; 2018/12/17 18:30
4.87; 5.81; 5.75; 5.25; 5.68; 2018/12/17 19:00
4.31; 5.81; 5.75; 5.31; 5.68; 2018/12/17 19:30
3.81; 5.81; 5.75; 5.25; 5.68; 2018/12/17 20:00
3.81; 5.75; 5.75; 5.25; 5.68; 2018/12/17 20:30
4.12; 5.75; 5.75; 5.25; 5.68; 2018/12/17 21:00
4.62; 5.75; 5.68; 5.25; 5.62; 2018/12/17 21:30
4.68; 5.75; 5.68; 5.31; 5.62; 2018/12/17 22:00
4.75; 5.75; 5.68; 5.25; 5.62; 2018/12/17 22:30
4.87; 5.75; 5.68; 5.25; 5.62; 2018/12/17 23:00
4.93; 5.75; 5.68; 5.25; 5.62; 2018/12/17 23:30
5.00; 5.75; 5.68; 5.25; 5.62; 2018/12/18 00:00
4.93; 5.75; 5.75; 5.31; 5.62; 2018/12/18 00:30
5.06; 5.75; 5.68; 5.37; 5.62; 2018/12/18 01:00
4.93; 5.75; 5.68; 5.31; 5.62; 2018/12/18 01:30
4.93; 5.75; 5.68; 5.31; 5.62; 2018/12/18 02:00
5.06; 5.75; 5.75; 5.31; 5.62; 2018/12/18 02:30
5.00; 5.75; 5.75; 5.37; 5.62; 2018/12/18 03:00
4.75; 5.75; 5.75; 5.37; 5.62; 2018/12/18 03:30
4.50; 5.75; 5.75; 5.37; 5.62; 2018/12/18 04:00
4.25; 5.75; 5.75; 5.37; 5.68; 2018/12/18 04:30
4.12; 5.81; 5.75; 5.37; 5.68; 2018/12/18 05:00
4.12; 5.75; 5.75; 5.43; 5.68; 2018/12/18 05:30
4.06; 5.75; 5.75; 5.37; 5.62; 2018/12/18 06:00
4.00; 5.75; 5.75; 5.43; 5.68; 2018/12/18 06:30
3.37; 5.75; 5.75; 5.37; 5.68; 2018/12/18 07:00
3.18; 5.75; 5.75; 5.37; 5.62; 2018/12/18 07:30
2.93; 5.75; 5.75; 5.37; 5.62; 2018/12/18 08:00
2.81; 5.75; 5.75; 5.37; 5.62; 2018/12/18 08:30
2.56; 5.75; 5.75; 5.37; 5.56; 2018/12/18 09:00
2.68; 5.75; 5.81; 5.37; 5.62; 2018/12/18 09:30
2.81; 5.75; 5.81; 5.43; 5.62; 2018/12/18 10:00
3.18; 5.81; 5.87; 5.43; 5.68; 2018/12/18 10:30
4.75; 5.87; 5.87; 5.43; 5.75; 2018/12/18 11:00
5.62; 5.87; 5.87; 5.37; 5.68; 2018/12/18 11:30
6.06; 5.81; 5.87; 5.50; 5.68; 2018/12/18 12:00
6.37; 5.87; 5.87; 5.56; 5.68; 2018/12/18 12:30
6.56; 5.93; 5.87; 5.56; 5.75; 2018/12/18 13:00
6.68; 5.93; 5.87; 5.50; 5.75; 2018/12/18 13:30
6.87; 5.93; 5.87; 5.50; 5.75; 2018/12/18 14:00
7.12; 6.00; 5.93; 5.56; 5.81; 2018/12/18 14:30
6.87; 6.00; 5.93; 5.56; 5.75; 2018/12/18 15:00
6.56; 6.06; 5.93; 5.56; 5.81; 2018/12/18 15:30
6.12; 5.93; 5.87; 5.62; 5.75; 2018/12/18 16:00
5.68; 5.93; 5.81; 5.62; 5.75; 2018/12/18 16:30
5.43; 5.93; 5.87; 5.62; 5.75; 2018/12/18 17:00
5.12; 5.93; 5.87; 5.68; 5.75; 2018/12/18 17:30
5.31; 5.93; 5.87; 5.62; 5.75; 2018/12/18 18:00
5.25; 5.93; 5.93; 5.68; 5.75; 2018/12/18 18:30
5.18; 6.00; 5.93; 5.75; 5.75; 2018/12/18 19:00
5.25; 7.87; 7.81; 7.37; 7.00; 2018/12/18 19:30
5.31; 8.00; 8.31; 7.37; 8.06; 2018/12/18 20:00
5.25; 6.31; 6.25; 6.12; 6.18; 2018/12/18 20:30
5.43; 6.18; 6.12; 5.93; 6.00; 2018/12/18 21:00
5.43; 6.18; 6.12; 5.87; 6.00; 2018/12/18 21:30
5.43; 6.18; 6.12; 5.87; 5.93; 2018/12/18 22:00
5.50; 6.06; 6.00; 5.81; 5.81; 2018/12/18 22:30
5.62; 6.06; 6.00; 5.81; 5.81; 2018/12/18 23:00
5.68; 6.06; 6.06; 5.81; 5.87; 2018/12/18 23:30
5.81; 6.12; 6.06; 5.87; 5.87; 2018/12/19 00:00
6.06; 6.12; 6.12; 5.81; 5.87; 2018/12/19 00:30
6.18; 6.06; 6.00; 5.81; 5.81; 2018/12/19 01:00
6.00; 6.00; 6.00; 5.81; 5.81; 2018/12/19 01:30
6.18; 6.06; 6.06; 5.81; 5.87; 2018/12/19 02:00
6.00; 6.12; 6.06; 5.81; 5.93; 2018/12/19 02:30
5.93; 6.12; 6.12; 5.81; 5.87; 2018/12/19 03:00
6.00; 6.12; 6.06; 5.87; 5.93; 2018/12/19 03:30
6.00; 6.06; 6.00; 5.81; 5.87; 2018/12/19 04:00
5.87; 6.06; 6.06; 5.87; 5.87; 2018/12/19 04:30
5.50; 6.12; 6.12; 5.87; 5.93; 2018/12/19 05:00
5.37; 6.18; 6.12; 5.87; 5.93; 2018/12/19 05:30
5.25; 6.12; 6.06; 5.87; 5.87; 2018/12/19 06:00
5.50; 6.06; 6.00; 5.87; 5.87; 2018/12/19 06:30
5.75; 6.12; 6.06; 5.87; 5.93; 2018/12/19 07:00
5.62; 6.18; 6.12; 5.87; 5.93; 2018/12/19 07:30
5.50; 6.18; 6.12; 5.87; 6.00; 2018/12/19 08:00
5.31; 6.06; 6.06; 5.87; 5.87; 2018/12/19 08:30
5.43; 6.06; 6.06; 5.87; 5.87; 2018/12/19 09:00
5.50; 6.12; 6.12; 5.87; 5.93; 2018/12/19 09:30
5.50; 6.18; 6.12; 5.87; 6.00; 2018/12/19 10:00
5.68; 6.18; 6.12; 5.93; 5.93; 2018/12/19 10:30
6.00; 6.06; 6.06; 5.87; 5.87; 2018/12/19 11:00
6.12; 6.12; 6.12; 5.93; 5.93; 2018/12/19 11:30
6.62; 6.25; 6.18; 5.87; 6.06; 2018/12/19 12:00
7.37; 6.25; 6.18; 6.06; 6.00; 2018/12/19 12:30
8.00; 6.31; 6.25; 6.12; 6.06; 2018/12/19 13:00
8.18; 6.31; 6.25; 6.00; 6.06; 2018/12/19 13:30
8.18; 6.37; 6.25; 6.00; 6.12; 2018/12/19 14:00
7.87; 6.25; 6.12; 6.06; 5.93; 2018/12/19 14:30
7.87; 6.31; 6.18; 6.00; 6.06; 2018/12/19 15:00
7.87; 6.31; 6.25; 6.06; 6.12; 2018/12/19 15:30
7.81; 6.25; 6.12; 6.06; 5.93; 2018/12/19 16:00
8.00; 6.31; 6.18; 6.06; 6.06; 2018/12/19 16:30
7.81; 6.37; 6.25; 6.12; 6.06; 2018/12/19 17:00
8.00; 6.31; 6.18; 6.12; 6.00; 2018/12/19 17:30
7.93; 6.37; 6.25; 6.18; 6.06; 2018/12/19 18:00
7.43; 6.37; 6.31; 6.18; 6.12; 2018/12/19 18:30
7.12; 6.25; 6.18; 6.31; 6.00; 2018/12/19 19:00
7.12; 6.37; 6.25; 6.31; 6.06; 2018/12/19 19:30
7.25; 6.37; 6.31; 6.25; 6.12; 2018/12/19 20:00
7.18; 6.31; 6.25; 6.43; 6.00; 2018/12/19 20:30
7.31; 6.37; 6.31; 6.37; 6.06; 2018/12/19 21:00
7.50; 6.43; 6.37; 6.37; 6.18; 2018/12/19 21:30
7.18; 6.37; 6.25; 6.50; 6.06; 2018/12/19 22:00
6.68; 6.43; 6.37; 6.43; 6.18; 2018/12/19 22:30
6.43; 6.31; 6.25; 6.56; 6.06; 2018/12/19 23:00
6.62; 6.37; 6.31; 6.56; 6.06; 2018/12/19 23:30
6.56; 6.43; 6.37; 6.43; 6.18; 2018/12/20 00:00
6.25; 6.31; 6.25; 6.62; 6.06; 2018/12/20 00:30
6.18; 6.43; 6.37; 6.50; 6.12; 2018/12/20 01:00
6.00; 6.43; 6.37; 6.50; 6.18; 2018/12/20 01:30
5.62; 6.31; 6.31; 6.62; 6.06; 2018/12/20 02:00
5.50; 6.43; 6.31; 6.50; 6.12; 2018/12/20 02:30
5.62; 6.50; 6.43; 6.56; 6.25; 2018/12/20 03:00
6.50; 6.37; 6.31; 6.56; 6.12; 2018/12/20 03:30
6.50; 6.43; 6.37; 6.50; 6.18; 2018/12/20 04:00
6.50; 6.50; 6.43; 6.50; 6.18; 2018/12/20 04:30
6.62; 6.43; 6.31; 6.50; 6.12; 2018/12/20 05:00
6.75; 6.43; 6.37; 6.50; 6.18; 2018/12/20 05:30
6.75; 6.50; 6.43; 6.50; 6.18; 2018/12/20 06:00
6.75; 6.43; 6.37; 6.50; 6.12; 2018/12/20 06:30
6.68; 6.50; 6.37; 6.50; 6.18; 2018/12/20 07:00
6.43; 6.56; 6.43; 6.50; 6.25; 2018/12/20 07:30
6.37; 6.43; 6.37; 6.50; 6.18; 2018/12/20 08:00
6.50; 6.50; 6.37; 6.50; 6.25; 2018/12/20 08:30
6.37; 6.56; 6.43; 6.50; 6.25; 2018/12/20 09:00
6.43; 6.43; 6.37; 6.50; 6.18; 2018/12/20 09:30
6.43; 6.50; 6.43; 6.56; 6.25; 2018/12/20 10:00
6.68; 6.56; 6.43; 6.50; 6.25; 2018/12/20 10:30
6.62; 6.50; 6.37; 6.50; 6.18; 2018/12/20 11:00
6.81; 6.56; 6.50; 6.56; 6.25; 2018/12/20 11:30
6.81; 6.50; 6.43; 6.50; 6.18; 2018/12/20 12:00
7.06; 6.50; 6.43; 6.56; 6.25; 2018/12/20 12:30
6.93; 6.56; 6.50; 6.56; 6.31; 2018/12/20 13:00
7.25; 6.50; 6.43; 6.56; 6.25; 2018/12/20 13:30
7.12; 6.56; 6.50; 6.62; 6.31; 2018/12/20 14:00
7.25; 6.56; 6.43; 6.56; 6.25; 2018/12/20 14:30
7.31; 6.56; 6.50; 6.62; 6.25; 2018/12/20 15:00
7.31; 6.62; 6.50; 6.56; 6.31; 2018/12/20 15:30
7.06; 6.56; 6.43; 6.62; 6.31; 2018/12/20 16:00
6.93; 6.62; 6.50; 6.62; 6.37; 2018/12/20 16:30
6.68; 6.56; 6.43; 6.62; 6.25; 2018/12/20 17:00
6.62; 6.62; 6.50; 6.62; 6.31; 2018/12/20 17:30
6.56; 6.62; 6.56; 6.62; 6.31; 2018/12/20 18:00
6.68; 6.56; 6.50; 6.62; 6.31; 2018/12/20 18:30
6.68; 6.62; 6.56; 6.62; 6.37; 2018/12/20 19:00
6.75; 6.56; 6.50; 6.62; 6.31; 2018/12/20 19:30
6.56; 6.62; 6.56; 6.68; 6.37; 2018/12/20 20:00
6.62; 6.56; 6.50; 6.62; 6.31; 2018/12/20 20:30
6.75; 6.62; 6.56; 6.68; 6.37; 2018/12/20 21:00
6.68; 6.56; 6.50; 6.62; 6.31; 2018/12/20 21:30
6.75; 6.62; 6.56; 6.68; 6.37; 2018/12/20 22:00
6.75; 6.68; 6.56; 6.68; 6.31; 2018/12/20 22:30
6.75; 6.62; 6.56; 6.68; 6.37; 2018/12/20 23:00
6.68; 6.68; 6.62; 6.68; 6.37; 2018/12/20 23:30
6.56; 6.62; 6.56; 6.68; 6.37; 2018/12/21 00:00
6.56; 6.68; 6.62; 6.75; 6.43; 2018/12/21 00:30
6.62; 6.62; 6.56; 6.68; 6.31; 2018/12/21 01:00
6.81; 6.68; 6.62; 6.75; 6.43; 2018/12/21 01:30
7.00; 6.62; 6.56; 6.68; 6.37; 2018/12/21 02:00
6.93; 6.68; 6.62; 6.75; 6.43; 2018/12/21 02:30
7.18; 6.62; 6.56; 6.68; 6.37; 2018/12/21 03:00
7.31; 6.68; 6.62; 6.75; 6.43; 2018/12/21 03:30
7.25; 6.62; 6.56; 6.75; 6.37; 2018/12/21 04:00
7.18; 6.75; 6.62; 6.75; 6.43; 2018/12/21 04:30
7.25; 6.62; 6.56; 6.75; 6.37; 2018/12/21 05:00
7.00; 6.75; 6.62; 6.75; 6.43; 2018/12/21 05:30
7.06; 6.62; 6.56; 6.75; 6.37; 2018/12/21 06:00
7.06; 6.75; 6.68; 6.75; 6.50; 2018/12/21 06:30
7.06; 6.62; 6.62; 6.75; 6.37; 2018/12/21 07:00
7.12; 6.75; 6.68; 6.75; 6.43; 2018/12/21 07:30
7.25; 6.68; 6.62; 6.75; 6.37; 2018/12/21 08:00
7.37; 6.75; 6.68; 6.75; 6.50; 2018/12/21 08:30
7.50; 6.68; 6.62; 6.81; 6.43; 2018/12/21 09:00
7.56; 6.68; 6.62; 6.75; 6.37; 2018/12/21 09:30
7.81; 6.75; 6.68; 6.81; 6.43; 2018/12/21 10:00
7.93; 6.68; 6.62; 6.81; 6.43; 2018/12/21 10:30
8.25; 6.81; 6.75; 6.87; 6.50; 2018/12/21 11:00
8.25; 6.81; 6.68; 6.87; 6.43; 2018/12/21 11:30
8.62; 6.81; 6.68; 6.81; 6.50; 2018/12/21 12:00
9.06; 6.87; 6.75; 6.87; 6.50; 2018/12/21 12:30
9.56; 6.81; 6.68; 6.87; 6.50; 2018/12/21 13:00
10.62; 7.06; 6.81; 7.00; 6.56; 2018/12/21 13:30
11.12; 7.06; 6.81; 7.06; 6.62; 2018/12/21 14:00
11.50; 7.06; 6.81; 7.12; 6.62; 2018/12/21 14:30
11.68; 7.06; 6.81; 7.06; 6.62; 2018/12/21 15:00
11.56; 7.06; 6.87; 7.12; 6.62; 2018/12/21 15:30
11.43; 7.18; 6.93; 7.12; 6.68; 2018/12/21 16:00
11.00; 7.12; 6.93; 7.12; 6.68; 2018/12/21 16:30
11.18; 7.06; 6.93; 7.06; 6.68; 2018/12/21 17:00
10.93; 10.12; 7.87; 8.93; 7.50; 2018/12/21 17:30
10.93; 10.43; 8.93; 9.56; 8.43; 2018/12/21 18:00
10.56; 10.00; 8.75; 9.43; 8.31; 2018/12/21 18:30
10.31; 8.12; 7.75; 8.18; 7.56; 2018/12/21 19:00
10.18; 7.81; 7.50; 7.81; 7.25; 2018/12/21 19:30
10.00; 7.62; 7.37; 7.68; 7.06; 2018/12/21 20:00
10.12; 7.50; 7.37; 7.62; 7.06; 2018/12/21 20:30
10.12; 7.43; 7.31; 7.62; 7.00; 2018/12/21 21:00
10.31; 7.43; 7.31; 7.62; 7.00; 2018/12/21 21:30
10.25; 7.37; 7.31; 7.62; 7.00; 2018/12/21 22:00
10.18; 7.37; 7.31; 7.62; 7.00; 2018/12/21 22:30
10.06; 7.37; 7.31; 7.62; 7.00; 2018/12/21 23:00
9.93; 7.37; 7.31; 7.62; 7.00; 2018/12/21 23:30
9.93; 7.37; 7.31; 7.62; 6.93; 2018/12/22 00:00
9.93; 7.37; 7.31; 7.62; 7.00; 2018/12/22 00:30
9.75; 7.37; 7.37; 7.62; 7.00; 2018/12/22 01:00
9.75; 7.37; 7.37; 7.62; 7.00; 2018/12/22 01:30
9.56; 7.37; 7.37; 7.62; 7.00; 2018/12/22 02:00
9.25; 7.37; 7.37; 7.62; 7.00; 2018/12/22 02:30
9.18; 7.37; 7.37; 7.62; 7.00; 2018/12/22 03:00
9.00; 7.37; 7.37; 7.62; 7.00; 2018/12/22 03:30
8.81; 7.31; 7.37; 7.62; 7.00; 2018/12/22 04:00
8.68; 7.31; 7.37; 7.62; 7.00; 2018/12/22 04:30
8.93; 7.31; 7.37; 7.62; 7.00; 2018/12/22 05:00
8.81; 7.31; 7.37; 7.62; 7.00; 2018/12/22 05:30
8.87; 7.37; 7.43; 7.68; 7.00; 2018/12/22 06:00
9.18; 7.37; 7.37; 7.68; 7.00; 2018/12/22 06:30
9.12; 7.37; 7.43; 7.68; 7.06; 2018/12/22 07:00
9.25; 7.37; 7.43; 7.68; 7.06; 2018/12/22 07:30
9.12; 7.37; 7.43; 7.68; 7.06; 2018/12/22 08:00
8.75; 7.43; 7.43; 7.68; 7.06; 2018/12/22 08:30
8.75; 7.37; 7.43; 7.75; 7.06; 2018/12/22 09:00
8.75; 7.43; 7.43; 7.68; 7.06; 2018/12/22 09:30
8.87; 7.50; 7.43; 7.68; 7.06; 2018/12/22 10:00
8.93; 7.50; 7.50; 7.81; 7.18; 2018/12/22 10:30
8.93; 7.43; 7.50; 7.75; 7.12; 2018/12/22 11:00
8.93; 7.43; 7.50; 7.75; 7.12; 2018/12/22 11:30
9.06; 7.43; 7.50; 7.75; 7.12; 2018/12/22 12:00
9.18; 7.43; 7.50; 7.75; 7.12; 2018/12/22 12:30
9.50; 7.43; 7.50; 7.75; 7.12; 2018/12/22 13:00
9.68; 7.50; 7.50; 7.75; 7.12; 2018/12/22 13:30
9.62; 7.50; 7.56; 7.75; 7.18; 2018/12/22 14:00
9.68; 7.56; 7.56; 7.81; 7.25; 2018/12/22 14:30
9.75; 7.56; 7.56; 7.81; 7.18; 2018/12/22 15:00
8.25; 7.50; 7.56; 7.81; 7.25; 2018/12/22 15:30
8.06; 7.50; 7.56; 7.81; 7.18; 2018/12/22 16:00
8.18; 7.50; 7.56; 7.81; 7.18; 2018/12/22 16:30
8.18; 7.50; 7.56; 7.81; 7.25; 2018/12/22 17:00
8.00; 7.50; 7.56; 7.81; 7.18; 2018/12/22 17:30
7.87; 7.50; 7.56; 7.75; 7.18; 2018/12/22 18:00
7.93; 7.50; 7.56; 7.75; 7.18; 2018/12/22 18:30
7.81; 7.50; 7.56; 7.75; 7.18; 2018/12/22 19:00
7.81; 7.50; 7.56; 7.75; 7.18; 2018/12/22 19:30
7.81; 7.50; 7.56; 7.81; 7.18; 2018/12/22 20:00
7.87; 7.50; 7.56; 7.75; 7.25; 2018/12/22 20:30
7.31; 7.50; 7.56; 7.81; 7.18; 2018/12/22 21:00
7.68; 7.50; 7.56; 7.81; 7.25; 2018/12/22 21:30
7.25; 7.50; 7.56; 7.75; 7.25; 2018/12/22 22:00
7.37; 7.43; 7.56; 7.75; 7.25; 2018/12/22 22:30
7.68; 7.43; 7.56; 7.75; 7.25; 2018/12/22 23:00
7.75; 7.50; 7.56; 7.75; 7.25; 2018/12/22 23:30
7.75; 7.50; 7.56; 7.75; 7.25; 2018/12/23 00:00
7.75; 7.50; 7.56; 7.75; 7.25; 2018/12/23 00:30
7.75; 7.50; 7.56; 7.75; 7.25; 2018/12/23 01:00
7.68; 7.50; 7.56; 7.75; 7.25; 2018/12/23 01:30
7.75; 7.50; 7.56; 7.75; 7.25; 2018/12/23 02:00
7.68; 7.50; 7.56; 7.75; 7.31; 2018/12/23 02:30
7.75; 7.50; 7.56; 7.75; 7.31; 2018/12/23 03:00
7.75; 7.50; 7.56; 7.75; 7.31; 2018/12/23 03:30
7.75; 7.50; 7.56; 7.75; 7.31; 2018/12/23 04:00
7.75; 7.50; 7.56; 7.75; 7.31; 2018/12/23 04:30
7.68; 7.50; 7.56; 7.75; 7.31; 2018/12/23 05:00
7.68; 7.50; 7.56; 7.75; 7.31; 2018/12/23 05:30
7.68; 7.50; 7.56; 7.75; 7.31; 2018/12/23 06:00
7.68; 7.50; 7.56; 7.75; 7.31; 2018/12/23 06:30
7.62; 7.50; 7.56; 7.75; 7.31; 2018/12/23 07:00
7.68; 7.50; 7.56; 7.75; 7.31; 2018/12/23 07:30
7.68; 7.50; 7.62; 7.75; 7.31; 2018/12/23 08:00
7.75; 7.50; 7.56; 7.75; 7.31; 2018/12/23 08:30
7.87; 7.50; 7.56; 7.75; 7.31; 2018/12/23 09:00
7.93; 7.50; 7.56; 7.75; 7.31; 2018/12/23 09:30
8.12; 7.50; 7.56; 7.75; 7.37; 2018/12/23 10:00
8.18; 7.56; 7.62; 7.75; 7.37; 2018/12/23 10:30
8.37; 7.56; 7.62; 7.75; 7.37; 2018/12/23 11:00
8.31; 7.56; 7.62; 7.75; 7.37; 2018/12/23 11:30
8.43; 7.56; 7.62; 7.75; 7.37; 2018/12/23 12:00
8.43; 7.56; 7.62; 7.75; 7.37; 2018/12/23 12:30
8.18; 7.56; 7.62; 7.75; 7.37; 2018/12/23 13:00
8.12; 7.56; 7.62; 7.75; 7.37; 2018/12/23 13:30
8.06; 7.56; 7.62; 7.81; 7.37; 2018/12/23 14:00
7.93; 7.56; 7.62; 7.81; 7.37; 2018/12/23 14:30
7.93; 7.56; 7.62; 7.75; 7.37; 2018/12/23 15:00
7.87; 7.56; 7.62; 7.75; 7.37; 2018/12/23 15:30
7.81; 7.56; 7.62; 7.75; 7.37; 2018/12/23 16:00
7.75; 7.56; 7.62; 7.81; 7.43; 2018/12/23 16:30
8.00; 7.56; 7.62; 7.81; 7.43; 2018/12/23 17:00
7.62; 7.56; 7.62; 7.81; 7.43; 2018/12/23 17:30
7.56; 7.56; 7.62; 7.81; 7.43; 2018/12/23 18:00
7.56; 7.56; 7.62; 7.81; 7.43; 2018/12/23 18:30
7.56; 7.56; 7.62; 7.81; 7.43; 2018/12/23 19:00
7.56; 7.56; 7.62; 7.81; 7.43; 2018/12/23 19:30
7.50; 7.56; 7.62; 7.81; 7.43; 2018/12/23 20:00
7.50; 7.56; 7.62; 7.81; 7.43; 2018/12/23 20:30
7.56; 7.56; 7.62; 7.81; 7.43; 2018/12/23 21:00
7.50; 7.56; 7.62; 7.81; 7.43; 2018/12/23 21:30
7.43; 7.56; 7.68; 7.81; 7.43; 2018/12/23 22:00
7.06; 7.62; 7.68; 7.81; 7.50; 2018/12/23 22:30
6.81; 7.62; 7.68; 7.81; 7.50; 2018/12/23 23:00
6.75; 7.62; 7.68; 7.81; 7.43; 2018/12/23 23:30
6.68; 7.62; 7.68; 7.81; 7.43; 2018/12/24 00:00
6.56; 7.62; 7.68; 7.81; 7.50; 2018/12/24 00:30
6.50; 7.62; 7.68; 7.81; 7.50; 2018/12/24 01:00
6.25; 7.62; 7.68; 7.81; 7.50; 2018/12/24 01:30
6.12; 7.62; 7.68; 7.81; 7.50; 2018/12/24 02:00
6.18; 7.56; 7.68; 7.81; 7.50; 2018/12/24 02:30
6.18; 7.56; 7.68; 7.81; 7.50; 2018/12/24 03:00
6.18; 7.56; 7.68; 7.81; 7.50; 2018/12/24 03:30
6.25; 7.56; 7.68; 7.81; 7.50; 2018/12/24 04:00
6.18; 7.56; 7.68; 7.81; 7.50; 2018/12/24 04:30
6.37; 7.56; 7.68; 7.81; 7.50; 2018/12/24 05:00
6.18; 7.56; 7.68; 7.81; 7.50; 2018/12/24 05:30
6.25; 7.56; 7.62; 7.75; 7.50; 2018/12/24 06:00
6.18; 7.56; 7.68; 7.75; 7.50; 2018/12/24 06:30
6.12; 7.56; 7.68; 7.75; 7.50; 2018/12/24 07:00
6.25; 7.56; 7.68; 7.75; 7.50; 2018/12/24 07:30
6.12; 7.56; 7.68; 7.75; 7.50; 2018/12/24 08:00
6.18; 7.56; 7.62; 7.75; 7.50; 2018/12/24 08:30
6.06; 7.56; 7.62; 7.75; 7.50; 2018/12/24 09:00
5.93; 7.56; 7.62; 7.75; 7.50; 2018/12/24 09:30
5.87; 7.56; 7.62; 7.75; 7.50; 2018/12/24 10:00
5.87; 7.56; 7.62; 7.68; 7.50; 2018/12/24 10:30
5.93; 7.56; 7.62; 7.68; 7.50; 2018/12/24 11:00
6.50; 7.56; 7.68; 7.75; 7.56; 2018/12/24 11:30
6.62; 7.62; 7.68; 7.75; 7.56; 2018/12/24 12:00
6.12; 7.68; 7.68; 7.75; 7.56; 2018/12/24 12:30
6.43; 7.68; 7.75; 7.81; 7.62; 2018/12/24 13:00
6.43; 7.68; 7.68; 7.75; 7.62; 2018/12/24 13:30
6.37; 7.68; 7.68; 7.75; 7.56; 2018/12/24 14:00
6.31; 7.62; 7.68; 7.81; 7.56; 2018/12/24 14:30
6.31; 7.62; 7.68; 7.75; 7.56; 2018/12/24 15:00
6.31; 7.62; 7.68; 7.75; 7.56; 2018/12/24 15:30
6.06; 7.62; 7.68; 7.75; 7.56; 2018/12/24 16:00
5.81; 7.62; 7.68; 7.81; 7.56; 2018/12/24 16:30
4.68; 7.56; 7.62; 7.81; 7.56; 2018/12/24 17:00
4.37; 7.56; 7.62; 7.81; 7.56; 2018/12/24 17:30
4.00; 7.56; 7.62; 7.81; 7.50; 2018/12/24 18:00
3.56; 7.50; 7.62; 7.81; 7.56; 2018/12/24 18:30
3.18; 7.50; 7.62; 7.81; 7.50; 2018/12/24 19:00
2.93; 7.50; 7.62; 7.81; 7.50; 2018/12/24 19:30
2.81; 7.50; 7.56; 7.81; 7.50; 2018/12/24 20:00
2.75; 7.43; 7.56; 7.75; 7.50; 2018/12/24 20:30
2.93; 7.43; 7.56; 7.75; 7.50; 2018/12/24 21:00
3.00; 7.43; 7.56; 7.75; 7.50; 2018/12/24 21:30
3.25; 7.43; 7.56; 7.75; 7.50; 2018/12/24 22:00
3.31; 7.37; 7.50; 7.68; 7.50; 2018/12/24 22:30
3.37; 7.37; 7.50; 7.68; 7.50; 2018/12/24 23:00
3.50; 7.37; 7.50; 7.62; 7.50; 2018/12/24 23:30
3.62; 7.37; 7.50; 7.62; 7.50; 2018/12/25 00:00
3.68; 7.37; 7.50; 7.62; 7.43; 2018/12/25 00:30
3.68; 7.37; 7.50; 7.56; 7.50; 2018/12/25 01:00
3.87; 7.37; 7.43; 7.56; 7.50; 2018/12/25 01:30
3.93; 7.31; 7.43; 7.56; 7.43; 2018/12/25 02:00
4.18; 7.31; 7.43; 7.50; 7.43; 2018/12/25 02:30
4.18; 7.31; 7.43; 7.50; 7.43; 2018/12/25 03:00
4.37; 7.31; 7.43; 7.50; 7.43; 2018/12/25 03:30
4.31; 7.31; 7.43; 7.43; 7.43; 2018/12/25 04:00
4.31; 7.31; 7.37; 7.43; 7.43; 2018/12/25 04:30
4.31; 7.31; 7.37; 7.43; 7.43; 2018/12/25 05:00
4.37; 7.25; 7.37; 7.43; 7.43; 2018/12/25 05:30
4.25; 7.25; 7.37; 7.37; 7.43; 2018/12/25 06:00
4.12; 7.25; 7.37; 7.37; 7.43; 2018/12/25 06:30
4.37; 7.25; 7.37; 7.37; 7.43; 2018/12/25 07:00
4.43; 7.25; 7.37; 7.37; 7.43; 2018/12/25 07:30
4.31; 7.25; 7.37; 7.37; 7.37; 2018/12/25 08:00
4.50; 7.25; 7.31; 7.31; 7.37; 2018/12/25 08:30
4.37; 7.25; 7.31; 7.31; 7.37; 2018/12/25 09:00
4.37; 7.18; 7.31; 7.31; 7.37; 2018/12/25 09:30
4.31; 7.18; 7.31; 7.31; 7.37; 2018/12/25 10:00
4.56; 7.18; 7.31; 7.31; 7.37; 2018/12/25 10:30
4.68; 7.18; 7.31; 7.31; 7.37; 2018/12/25 11:00
4.87; 7.18; 7.31; 7.31; 7.37; 2018/12/25 11:30
5.00; 7.25; 7.31; 7.31; 7.37; 2018/12/25 12:00
5.31; 7.25; 7.31; 7.31; 7.37; 2018/12/25 12:30
5.31; 7.18; 7.31; 7.31; 7.37; 2018/12/25 13:00
5.37; 7.18; 7.31; 7.31; 7.37; 2018/12/25 13:30
5.62; 7.18; 7.25; 7.31; 7.37; 2018/12/25 14:00
5.62; 7.18; 7.25; 7.25; 7.37; 2018/12/25 14:30
5.50; 7.18; 7.25; 7.25; 7.37; 2018/12/25 15:00
5.50; 7.18; 7.25; 7.25; 7.37; 2018/12/25 15:30
5.37; 7.18; 7.25; 7.25; 7.37; 2018/12/25 16:00
5.25; 7.18; 7.25; 7.25; 7.37; 2018/12/25 16:30
5.18; 7.18; 7.25; 7.25; 7.37; 2018/12/25 17:00
5.12; 7.18; 7.25; 7.25; 7.31; 2018/12/25 17:30
5.06; 7.12; 7.18; 7.25; 7.31; 2018/12/25 18:00
4.93; 7.18; 7.18; 7.25; 7.31; 2018/12/25 18:30
4.81; 7.12; 7.18; 7.25; 7.31; 2018/12/25 19:00
4.75; 7.12; 7.18; 7.18; 7.31; 2018/12/25 19:30
4.62; 7.12; 7.18; 7.25; 7.31; 2018/12/25 20:00
4.62; 7.12; 7.18; 7.18; 7.31; 2018/12/25 20:30
4.37; 7.12; 7.18; 7.18; 7.31; 2018/12/25 21:00
4.12; 7.12; 7.18; 7.18; 7.31; 2018/12/25 21:30
3.62; 7.06; 7.18; 7.18; 7.25; 2018/12/25 22:00
3.12; 7.06; 7.12; 7.18; 7.25; 2018/12/25 22:30
2.68; 7.06; 7.12; 7.12; 7.25; 2018/12/25 23:00
2.18; 7.00; 7.12; 7.12; 7.25; 2018/12/25 23:30
1.87; 7.00; 7.06; 7.12; 7.25; 2018/12/26 00:00
1.56; 7.00; 7.06; 7.12; 7.18; 2018/12/26 00:30
1.43; 6.93; 7.06; 7.06; 7.18; 2018/12/26 01:00
1.43; 6.93; 7.06; 7.06; 7.18; 2018/12/26 01:30
1.18; 6.93; 7.00; 7.06; 7.18; 2018/12/26 02:00
1.12; 6.87; 7.00; 7.00; 7.12; 2018/12/26 02:30
1.06; 6.87; 7.00; 7.00; 7.12; 2018/12/26 03:00
1.00; 6.87; 6.93; 6.93; 7.12; 2018/12/26 03:30
.75; 6.93; 7.00; 6.87; 7.18; 2018/12/26 04:00
.56; 6.87; 6.93; 6.93; 7.12; 2018/12/26 04:30
.37; 6.81; 6.93; 6.87; 7.06; 2018/12/26 05:00
.75; 6.81; 6.87; 6.87; 7.06; 2018/12/26 05:30
.62; 6.75; 6.87; 6.81; 7.06; 2018/12/26 06:00
.75; 6.81; 6.93; 6.81; 7.12; 2018/12/26 06:30
.93; 6.75; 6.87; 6.75; 7.06; 2018/12/26 07:00
1.37; 6.81; 6.81; 6.75; 7.06; 2018/12/26 07:30
1.62; 6.81; 6.87; 6.68; 7.06; 2018/12/26 08:00
1.68; 6.75; 6.81; 6.75; 7.06; 2018/12/26 08:30
1.93; 6.68; 6.81; 6.68; 7.00; 2018/12/26 09:00
2.06; 6.75; 6.81; 6.56; 7.00; 2018/12/26 09:30
2.37; 6.75; 6.81; 6.68; 7.00; 2018/12/26 10:00
2.43; 6.68; 6.75; 6.62; 7.00; 2018/12/26 10:30
2.56; 6.75; 6.81; 6.50; 7.00; 2018/12/26 11:00
2.56; 6.68; 6.81; 6.62; 7.00; 2018/12/26 11:30
2.81; 6.68; 6.75; 6.62; 6.93; 2018/12/26 12:00
3.00; 6.75; 6.81; 6.50; 7.00; 2018/12/26 12:30
3.31; 6.68; 6.75; 6.62; 7.00; 2018/12/26 13:00
3.56; 6.68; 6.75; 6.56; 6.93; 2018/12/26 13:30
3.93; 6.75; 6.81; 6.56; 7.00; 2018/12/26 14:00
4.12; 6.68; 6.75; 6.56; 6.93; 2018/12/26 14:30
4.12; 6.68; 6.68; 6.56; 6.93; 2018/12/26 15:00
4.18; 6.75; 6.81; 6.56; 7.00; 2018/12/26 15:30
4.25; 6.68; 6.75; 6.56; 6.93; 2018/12/26 16:00
4.25; 6.62; 6.68; 6.50; 6.87; 2018/12/26 16:30
4.06; 6.68; 6.75; 6.50; 6.93; 2018/12/26 17:00
4.18; 6.62; 6.68; 6.50; 6.87; 2018/12/26 17:30
3.50; 6.75; 6.75; 6.43; 6.93; 2018/12/26 18:00
3.18; 6.62; 6.68; 6.50; 6.87; 2018/12/26 18:30
2.75; 6.62; 6.62; 6.43; 6.87; 2018/12/26 19:00
2.56; 6.62; 6.68; 6.43; 6.87; 2018/12/26 19:30
2.25; 6.56; 6.62; 6.50; 6.87; 2018/12/26 20:00
2.06; 6.62; 6.68; 6.43; 6.87; 2018/12/26 20:30
2.00; 6.56; 6.62; 6.50; 6.81; 2018/12/26 21:00
1.68; 6.62; 6.68; 6.37; 6.87; 2018/12/26 21:30
1.75; 6.56; 6.62; 6.43; 6.81; 2018/12/26 22:00
1.81; 6.62; 6.68; 6.31; 6.87; 2018/12/26 22:30
1.62; 6.50; 6.56; 6.43; 6.81; 2018/12/26 23:00
1.50; 6.62; 6.68; 6.31; 6.81; 2018/12/26 23:30
1.56; 6.50; 6.56; 6.37; 6.75; 2018/12/27 00:00
1.75; 6.56; 6.62; 6.31; 6.81; 2018/12/27 00:30
1.75; 6.50; 6.56; 6.43; 6.75; 2018/12/27 01:00
2.06; 6.56; 6.62; 6.31; 6.81; 2018/12/27 01:30
2.00; 6.43; 6.50; 6.37; 6.75; 2018/12/27 02:00
2.12; 6.50; 6.56; 6.31; 6.75; 2018/12/27 02:30
2.00; 6.43; 6.50; 6.31; 6.75; 2018/12/27 03:00
2.12; 6.43; 6.50; 6.31; 6.75; 2018/12/27 03:30
2.18; 6.50; 6.56; 6.18; 6.75; 2018/12/27 04:00
2.00; 6.43; 6.50; 6.31; 6.68; 2018/12/27 04:30
2.06; 6.50; 6.56; 6.18; 6.75; 2018/12/27 05:00
1.75; 6.37; 6.43; 6.31; 6.68; 2018/12/27 05:30
1.50; 6.43; 6.50; 6.18; 6.68; 2018/12/27 06:00
1.31; 6.50; 6.50; 6.06; 6.68; 2018/12/27 06:30
1.18; 6.37; 6.43; 6.18; 6.68; 2018/12/27 07:00
1.12; 6.50; 6.50; 6.06; 6.68; 2018/12/27 07:30
.81; 6.37; 6.43; 6.18; 6.62; 2018/12/27 08:00
.75; 6.43; 6.43; 6.12; 6.68; 2018/12/27 08:30
.68; 6.31; 6.37; 6.18; 6.62; 2018/12/27 09:00
.50; 6.31; 6.37; 6.12; 6.62; 2018/12/27 09:30
.87; 6.43; 6.43; 6.06; 6.62; 2018/12/27 10:00
.93; 6.25; 6.31; 6.18; 6.56; 2018/12/27 10:30
1.31; 6.37; 6.43; 6.06; 6.62; 2018/12/27 11:00
1.62; 6.31; 6.37; 6.00; 6.56; 2018/12/27 11:30
2.50; 6.31; 6.37; 6.06; 6.56; 2018/12/27 12:00
3.12; 6.37; 6.43; 6.00; 6.62; 2018/12/27 12:30
4.43; 6.37; 6.43; 6.00; 6.62; 2018/12/27 13:00
5.37; 6.37; 6.37; 6.06; 6.62; 2018/12/27 13:30
5.37; 6.43; 6.43; 5.93; 6.62; 2018/12/27 14:00
5.87; 6.37; 6.37; 6.00; 6.62; 2018/12/27 14:30
6.50; 6.37; 6.37; 6.00; 6.56; 2018/12/27 15:00
6.06; 6.43; 6.43; 6.00; 6.62; 2018/12/27 15:30
5.87; 6.37; 6.37; 6.00; 6.56; 2018/12/27 16:00
5.06; 6.37; 6.43; 6.06; 6.56; 2018/12/27 16:30
4.56; 6.43; 6.43; 5.87; 6.56; 2018/12/27 17:00
4.00; 6.31; 6.37; 6.06; 6.56; 2018/12/27 17:30
3.50; 6.37; 6.37; 6.00; 6.56; 2018/12/27 18:00
3.25; 6.43; 6.43; 5.93; 6.56; 2018/12/27 18:30
3.31; 6.31; 6.37; 6.06; 6.50; 2018/12/27 19:00
3.18; 6.37; 6.37; 6.00; 6.56; 2018/12/27 19:30
3.00; 6.37; 6.37; 5.93; 6.50; 2018/12/27 20:00
2.50; 6.31; 6.31; 6.00; 6.50; 2018/12/27 20:30
2.43; 6.31; 6.37; 5.93; 6.50; 2018/12/27 21:00
1.93; 6.37; 6.37; 5.93; 6.50; 2018/12/27 21:30
1.81; 6.25; 6.31; 5.93; 6.43; 2018/12/27 22:00
1.87; 6.25; 6.31; 5.93; 6.43; 2018/12/27 22:30
1.68; 6.37; 6.37; 5.93; 6.50; 2018/12/27 23:00
1.93; 6.18; 6.25; 5.93; 6.43; 2018/12/27 23:30
2.00; 6.25; 6.31; 5.87; 6.43; 2018/12/28 00:00
1.81; 6.31; 6.37; 5.93; 6.50; 2018/12/28 00:30
1.50; 6.25; 6.25; 5.87; 6.37; 2018/12/28 01:00
1.31; 6.18; 6.25; 5.87; 6.37; 2018/12/28 01:30
1.37; 6.25; 6.25; 5.87; 6.43; 2018/12/28 02:00
1.25; 6.25; 6.31; 5.87; 6.43; 2018/12/28 02:30
1.06; 6.25; 6.31; 5.87; 6.43; 2018/12/28 03:00
1.06; 6.12; 6.18; 5.87; 6.37; 2018/12/28 03:30
.87; 6.18; 6.25; 5.81; 6.37; 2018/12/28 04:00
.81; 6.25; 6.31; 5.81; 6.37; 2018/12/28 04:30
.62; 6.18; 6.25; 5.81; 6.37; 2018/12/28 05:00
.50; 6.12; 6.18; 5.81; 6.31; 2018/12/28 05:30
.25; 6.18; 6.25; 5.75; 6.31; 2018/12/28 06:00
.06; 6.18; 6.25; 5.75; 6.31; 2018/12/28 06:30
-.06; 6.06; 6.12; 5.75; 6.31; 2018/12/28 07:00
0; 6.06; 6.18; 5.75; 6.31; 2018/12/28 07:30
-.12; 6.12; 6.12; 5.75; 6.31; 2018/12/28 08:00
-.25; 6.12; 6.18; 5.68; 6.31; 2018/12/28 08:30
-.37; 6.12; 6.18; 5.56; 6.25; 2018/12/28 09:00
-.56; 6.00; 6.06; 5.68; 6.25; 2018/12/28 09:30
-.50; 6.00; 6.06; 5.62; 6.25; 2018/12/28 10:00
-.25; 6.06; 6.12; 5.62; 6.25; 2018/12/28 10:30
.37; 6.12; 6.12; 5.56; 6.25; 2018/12/28 11:00
1.25; 6.12; 6.12; 5.50; 6.25; 2018/12/28 11:30
2.12; 6.06; 6.06; 5.62; 6.25; 2018/12/28 12:00
2.62; 6.18; 6.12; 5.81; 6.31; 2018/12/28 12:30
3.00; 6.25; 6.25; 5.81; 6.37; 2018/12/28 13:00
3.25; 6.25; 6.18; 5.62; 6.31; 2018/12/28 13:30
3.37; 6.12; 6.12; 5.68; 6.25; 2018/12/28 14:00
3.43; 6.12; 6.12; 5.68; 6.25; 2018/12/28 14:30
3.43; 6.18; 6.18; 5.75; 6.25; 2018/12/28 15:00
3.37; 6.18; 6.18; 5.62; 6.25; 2018/12/28 15:30
3.31; 6.06; 6.06; 5.68; 6.18; 2018/12/28 16:00
3.31; 6.06; 6.12; 5.68; 6.18; 2018/12/28 16:30
3.25; 6.12; 6.12; 5.68; 6.18; 2018/12/28 17:00
3.31; 6.18; 6.12; 5.62; 6.25; 2018/12/28 17:30
4.68; 7.62; 7.68; 6.68; 7.56; 2018/12/28 18:00
6.12; 9.37; 9.93; 7.81; 9.25; 2018/12/28 18:30
3.75; 9.87; 11.06; 8.62; 10.62; 2018/12/28 19:00
3.75; 9.25; 9.37; 8.25; 9.93; 2018/12/28 19:30
3.75; 8.25; 8.81; 7.37; 9.25; 2018/12/28 20:00
3.62; 7.06; 7.00; 6.50; 7.43; 2018/12/28 20:30
3.62; 6.81; 6.75; 6.37; 7.12; 2018/12/28 21:00
3.62; 6.56; 6.50; 6.18; 6.93; 2018/12/28 21:30
3.56; 6.50; 6.50; 6.00; 6.87; 2018/12/28 22:00
3.62; 6.37; 6.37; 6.00; 6.75; 2018/12/28 22:30
3.68; 6.37; 6.37; 6.00; 6.75; 2018/12/28 23:00
3.68; 6.43; 6.43; 6.00; 6.75; 2018/12/28 23:30
3.62; 6.31; 6.31; 6.00; 6.68; 2018/12/29 00:00
3.50; 6.37; 6.43; 5.93; 6.75; 2018/12/29 00:30
3.37; 6.31; 6.31; 5.93; 6.68; 2018/12/29 01:00
3.37; 6.25; 6.31; 5.93; 6.68; 2018/12/29 01:30
3.31; 6.31; 6.37; 5.93; 6.68; 2018/12/29 02:00
3.31; 6.25; 6.31; 5.93; 6.62; 2018/12/29 02:30
3.37; 6.25; 6.31; 5.93; 6.62; 2018/12/29 03:00
3.37; 6.37; 6.37; 5.93; 6.68; 2018/12/29 03:30
3.37; 6.18; 6.25; 5.87; 6.56; 2018/12/29 04:00
3.43; 6.25; 6.31; 5.93; 6.62; 2018/12/29 04:30
3.43; 6.31; 6.37; 5.87; 6.62; 2018/12/29 05:00
3.37; 6.18; 6.25; 5.87; 6.56; 2018/12/29 05:30
3.43; 6.18; 6.25; 5.93; 6.56; 2018/12/29 06:00
3.56; 6.25; 6.25; 5.87; 6.56; 2018/12/29 06:30
3.50; 6.31; 6.31; 5.81; 6.62; 2018/12/29 07:00
3.56; 6.18; 6.18; 5.87; 6.50; 2018/12/29 07:30
3.56; 6.18; 6.25; 5.93; 6.56; 2018/12/29 08:00
3.62; 6.31; 6.31; 5.93; 6.56; 2018/12/29 08:30
3.68; 6.18; 6.25; 5.87; 6.50; 2018/12/29 09:00
3.68; 6.18; 6.25; 5.87; 6.50; 2018/12/29 09:30
3.81; 6.25; 6.25; 5.87; 6.56; 2018/12/29 10:00
3.93; 6.25; 6.25; 5.87; 6.50; 2018/12/29 10:30
4.12; 6.18; 6.18; 5.87; 6.50; 2018/12/29 11:00
4.18; 6.25; 6.25; 5.93; 6.50; 2018/12/29 11:30
4.43; 6.25; 6.31; 5.87; 6.50; 2018/12/29 12:00
4.68; 6.18; 6.18; 5.87; 6.43; 2018/12/29 12:30
4.93; 6.18; 6.25; 5.93; 6.50; 2018/12/29 13:00
5.06; 6.31; 6.31; 5.81; 6.50; 2018/12/29 13:30
5.25; 6.12; 6.18; 5.81; 6.43; 2018/12/29 14:00
5.25; 6.25; 6.25; 5.93; 6.43; 2018/12/29 14:30
5.81; 6.31; 6.31; 5.87; 6.50; 2018/12/29 15:00
5.75; 6.18; 6.18; 5.93; 6.43; 2018/12/29 15:30
5.56; 6.25; 6.25; 6.00; 6.43; 2018/12/29 16:00
5.50; 6.31; 6.31; 6.00; 6.43; 2018/12/29 16:30
5.56; 6.18; 6.25; 5.93; 6.43; 2018/12/29 17:00
5.56; 6.25; 6.25; 5.93; 6.43; 2018/12/29 17:30
5.62; 6.31; 6.31; 5.93; 6.43; 2018/12/29 18:00
5.62; 6.25; 6.31; 5.93; 6.43; 2018/12/29 18:30
5.68; 6.25; 6.25; 5.93; 6.37; 2018/12/29 19:00
5.87; 6.31; 6.31; 5.93; 6.43; 2018/12/29 19:30
6.00; 6.31; 6.31; 6.00; 6.43; 2018/12/29 20:00
6.12; 6.25; 6.25; 6.00; 6.37; 2018/12/29 20:30
6.43; 6.37; 6.31; 5.93; 6.43; 2018/12/29 21:00
6.62; 6.25; 6.31; 6.06; 6.37; 2018/12/29 21:30
7.00; 6.31; 6.31; 6.00; 6.37; 2018/12/29 22:00
7.25; 6.31; 6.31; 6.00; 6.43; 2018/12/29 22:30
7.31; 6.31; 6.31; 6.00; 6.37; 2018/12/29 23:00
6.87; 6.25; 6.25; 6.00; 6.37; 2018/12/29 23:30
6.75; 6.37; 6.31; 6.06; 6.43; 2018/12/30 00:00
6.93; 6.37; 6.37; 6.06; 6.43; 2018/12/30 00:30
6.68; 6.31; 6.31; 6.06; 6.37; 2018/12/30 01:00
6.75; 6.37; 6.37; 6.06; 6.43; 2018/12/30 01:30
6.75; 6.31; 6.37; 6.06; 6.37; 2018/12/30 02:00
6.75; 6.31; 6.31; 6.12; 6.37; 2018/12/30 02:30
6.75; 6.37; 6.37; 6.06; 6.37; 2018/12/30 03:00
6.62; 6.37; 6.37; 6.06; 6.43; 2018/12/30 03:30
6.81; 6.31; 6.31; 6.12; 6.37; 2018/12/30 04:00
6.68; 6.31; 6.31; 6.12; 6.37; 2018/12/30 04:30
6.62; 6.37; 6.37; 6.12; 6.43; 2018/12/30 05:00
6.62; 6.37; 6.37; 6.18; 6.37; 2018/12/30 05:30
6.37; 6.31; 6.31; 6.18; 6.37; 2018/12/30 06:00
6.31; 6.37; 6.37; 6.18; 6.43; 2018/12/30 06:30
6.25; 6.43; 6.43; 6.18; 6.43; 2018/12/30 07:00
6.37; 6.37; 6.37; 6.25; 6.43; 2018/12/30 07:30
6.25; 6.50; 6.43; 6.18; 6.43; 2018/12/30 08:00
6.25; 6.37; 6.37; 6.25; 6.37; 2018/12/30 08:30
6.31; 6.37; 6.37; 6.18; 6.43; 2018/12/30 09:00
6.25; 6.50; 6.50; 6.25; 6.43; 2018/12/30 09:30
6.31; 6.37; 6.37; 6.25; 6.43; 2018/12/30 10:00
6.31; 6.43; 6.43; 6.18; 6.43; 2018/12/30 10:30
6.62; 6.37; 6.37; 6.25; 6.43; 2018/12/30 11:00
6.93; 6.37; 6.37; 6.25; 6.43; 2018/12/30 11:30
7.06; 6.50; 6.50; 6.31; 6.50; 2018/12/30 12:00
7.06; 6.37; 6.37; 6.31; 6.43; 2018/12/30 12:30
7.12; 6.43; 6.43; 6.31; 6.50; 2018/12/30 13:00
7.06; 6.43; 6.43; 6.31; 6.43; 2018/12/30 13:30
7.06; 6.37; 6.43; 6.31; 6.43; 2018/12/30 14:00
7.18; 6.50; 6.50; 6.31; 6.50; 2018/12/30 14:30
7.18; 6.37; 6.37; 6.31; 6.43; 2018/12/30 15:00
7.12; 6.43; 6.43; 6.31; 6.43; 2018/12/30 15:30
6.93; 6.50; 6.50; 6.37; 6.50; 2018/12/30 16:00
6.81; 6.43; 6.43; 6.31; 6.43; 2018/12/30 16:30
6.68; 6.50; 6.50; 6.37; 6.50; 2018/12/30 17:00
6.68; 6.43; 6.43; 6.37; 6.43; 2018/12/30 17:30
6.50; 6.43; 6.43; 6.31; 6.43; 2018/12/30 18:00
6.43; 6.50; 6.50; 6.37; 6.50; 2018/12/30 18:30
6.43; 6.43; 6.43; 6.37; 6.50; 2018/12/30 19:00
6.50; 6.50; 6.50; 6.37; 6.43; 2018/12/30 19:30
6.75; 6.43; 6.43; 6.37; 6.43; 2018/12/30 20:00
6.93; 6.50; 6.50; 6.37; 6.50; 2018/12/30 20:30
6.81; 6.56; 6.56; 6.43; 6.50; 2018/12/30 21:00
6.87; 6.43; 6.50; 6.43; 6.43; 2018/12/30 21:30
6.87; 6.56; 6.56; 6.43; 6.50; 2018/12/30 22:00
6.87; 6.43; 6.43; 6.43; 6.43; 2018/12/30 22:30
6.87; 6.50; 6.56; 6.43; 6.50; 2018/12/30 23:00
6.87; 6.50; 6.50; 6.50; 6.50; 2018/12/30 23:30
6.93; 6.50; 6.50; 6.43; 6.50; 2018/12/31 00:00
6.93; 6.56; 6.56; 6.43; 6.50; 2018/12/31 00:30
7.06; 6.50; 6.50; 6.50; 6.43; 2018/12/31 01:00
7.18; 6.56; 6.62; 6.50; 6.50; 2018/12/31 01:30
7.37; 6.50; 6.50; 6.50; 6.43; 2018/12/31 02:00
7.37; 6.56; 6.62; 6.50; 6.56; 2018/12/31 02:30
7.37; 6.50; 6.50; 6.50; 6.50; 2018/12/31 03:00
7.43; 6.56; 6.62; 6.50; 6.56; 2018/12/31 03:30
7.50; 6.56; 6.50; 6.50; 6.43; 2018/12/31 04:00
7.43; 6.56; 6.62; 6.56; 6.56; 2018/12/31 04:30
7.43; 6.56; 6.56; 6.50; 6.50; 2018/12/31 05:00
7.43; 6.62; 6.62; 6.56; 6.56; 2018/12/31 05:30
7.62; 6.56; 6.56; 6.56; 6.50; 2018/12/31 06:00
7.62; 6.62; 6.62; 6.56; 6.56; 2018/12/31 06:30
7.56; 6.56; 6.56; 6.56; 6.50; 2018/12/31 07:00
7.62; 6.62; 6.62; 6.56; 6.56; 2018/12/31 07:30
7.81; 6.56; 6.56; 6.56; 6.50; 2018/12/31 08:00
7.81; 6.68; 6.68; 6.62; 6.56; 2018/12/31 08:30
7.75; 6.62; 6.62; 6.56; 6.56; 2018/12/31 09:00
7.93; 6.68; 6.68; 6.62; 6.62; 2018/12/31 09:30
7.87; 6.62; 6.62; 6.62; 6.56; 2018/12/31 10:00
7.87; 6.68; 6.68; 6.62; 6.62; 2018/12/31 10:30
7.93; 6.62; 6.68; 6.62; 6.56; 2018/12/31 11:00
8.06; 6.62; 6.62; 6.62; 6.56; 2018/12/31 11:30
8.00; 6.68; 6.68; 6.68; 6.56; 2018/12/31 12:00
8.06; 6.62; 6.68; 6.68; 6.56; 2018/12/31 12:30
8.06; 6.75; 6.75; 6.68; 6.62; 2018/12/31 13:00
8.06; 6.62; 6.68; 6.68; 6.56; 2018/12/31 13:30
8.12; 6.75; 6.75; 6.75; 6.62; 2018/12/31 14:00
8.18; 6.75; 6.75; 6.75; 6.62; 2018/12/31 14:30
8.18; 6.62; 6.68; 6.75; 6.56; 2018/12/31 15:00
8.18; 6.81; 6.81; 6.75; 6.68; 2018/12/31 15:30
8.18; 6.68; 6.75; 6.81; 6.62; 2018/12/31 16:00
8.18; 6.62; 6.75; 6.81; 6.56; 2018/12/31 16:30
8.06; 6.75; 6.81; 6.81; 6.68; 2018/12/31 17:00
8.00; 6.68; 6.75; 6.81; 6.62; 2018/12/31 17:30
7.87; 6.68; 6.75; 6.87; 6.62; 2018/12/31 18:00
7.87; 6.75; 6.81; 6.87; 6.68; 2018/12/31 18:30
7.87; 6.75; 6.75; 6.93; 6.62; 2018/12/31 19:00
7.87; 6.75; 6.75; 6.93; 6.62; 2018/12/31 19:30
7.68; 6.81; 6.81; 6.93; 6.68; 2018/12/31 20:00
7.68; 6.75; 6.81; 7.00; 6.62; 2018/12/31 20:30
7.62; 6.75; 6.75; 7.00; 6.62; 2018/12/31 21:00
7.56; 6.87; 6.87; 6.93; 6.68; 2018/12/31 21:30
7.56; 6.75; 6.81; 7.06; 6.62; 2018/12/31 22:00
7.56; 6.75; 6.81; 7.06; 6.62; 2018/12/31 22:30
7.62; 6.87; 6.87; 6.93; 6.75; 2018/12/31 23:00
7.62; 6.81; 6.81; 7.06; 6.68; 2018/12/31 23:30
