21.81; 23.12; 22.93; 23.56; 23.50; 2018/06/01 00:00
21.50; 23.06; 22.93; 23.56; 23.50; 2018/06/01 00:30
21.18; 23.06; 22.93; 23.50; 23.50; 2018/06/01 01:00
20.68; 23.06; 22.93; 23.50; 23.43; 2018/06/01 01:30
20.50; 23.00; 22.87; 23.43; 23.43; 2018/06/01 02:00
20.18; 23.00; 22.87; 23.43; 23.43; 2018/06/01 02:30
20.12; 22.93; 22.87; 23.43; 23.43; 2018/06/01 03:00
19.81; 22.93; 22.87; 23.37; 23.37; 2018/06/01 03:30
19.62; 22.87; 22.87; 23.37; 23.37; 2018/06/01 04:00
19.62; 22.87; 22.87; 23.31; 23.37; 2018/06/01 04:30
19.75; 22.87; 22.81; 23.31; 23.31; 2018/06/01 05:00
19.37; 22.81; 22.81; 23.25; 23.31; 2018/06/01 05:30
19.37; 22.81; 22.81; 23.25; 23.31; 2018/06/01 06:00
19.37; 22.75; 22.81; 23.18; 23.31; 2018/06/01 06:30
19.50; 22.75; 22.75; 23.18; 23.31; 2018/06/01 07:00
19.93; 22.75; 22.75; 23.18; 23.25; 2018/06/01 07:30
19.31; 22.75; 22.75; 23.12; 23.25; 2018/06/01 08:00
19.68; 22.75; 22.75; 23.12; 23.25; 2018/06/01 08:30
19.56; 22.75; 22.75; 23.12; 23.25; 2018/06/01 09:00
19.62; 22.68; 22.75; 23.12; 23.25; 2018/06/01 09:30
19.56; 22.68; 22.75; 23.06; 23.25; 2018/06/01 10:00
19.68; 22.68; 22.68; 23.06; 23.25; 2018/06/01 10:30
19.50; 22.68; 22.75; 23.06; 23.25; 2018/06/01 11:00
19.50; 22.68; 22.68; 23.00; 23.25; 2018/06/01 11:30
19.75; 22.62; 22.68; 23.00; 23.18; 2018/06/01 12:00
20.00; 22.62; 22.68; 23.00; 23.25; 2018/06/01 12:30
20.43; 22.62; 22.68; 23.00; 23.18; 2018/06/01 13:00
20.93; 22.68; 22.68; 23.00; 23.25; 2018/06/01 13:30
20.75; 22.68; 22.68; 23.00; 23.25; 2018/06/01 14:00
20.75; 22.68; 22.68; 23.00; 23.25; 2018/06/01 14:30
20.62; 22.68; 22.68; 23.00; 23.18; 2018/06/01 15:00
20.56; 22.62; 22.68; 22.93; 23.18; 2018/06/01 15:30
20.75; 22.68; 22.68; 22.93; 23.18; 2018/06/01 16:00
20.68; 22.62; 22.68; 22.93; 23.18; 2018/06/01 16:30
20.50; 22.62; 22.68; 22.93; 23.18; 2018/06/01 17:00
20.43; 22.62; 22.62; 22.93; 23.18; 2018/06/01 17:30
20.43; 22.62; 22.62; 22.93; 23.18; 2018/06/01 18:00
20.18; 22.62; 22.62; 22.93; 23.18; 2018/06/01 18:30
19.43; 22.62; 22.62; 22.87; 23.12; 2018/06/01 19:00
19.37; 22.56; 22.62; 22.87; 23.12; 2018/06/01 19:30
19.31; 22.56; 22.62; 22.87; 23.12; 2018/06/01 20:00
18.93; 22.56; 22.56; 22.87; 23.12; 2018/06/01 20:30
18.87; 22.56; 22.56; 22.87; 23.12; 2018/06/01 21:00
18.68; 22.50; 22.56; 22.87; 23.06; 2018/06/01 21:30
18.56; 22.50; 22.56; 22.81; 23.12; 2018/06/01 22:00
18.37; 22.50; 22.50; 22.81; 23.06; 2018/06/01 22:30
18.37; 22.43; 22.50; 22.81; 23.06; 2018/06/01 23:00
18.37; 22.43; 22.50; 22.81; 23.06; 2018/06/01 23:30
18.31; 22.43; 22.50; 22.75; 23.00; 2018/06/02 00:00
18.18; 22.43; 22.43; 22.75; 23.00; 2018/06/02 00:30
18.31; 22.37; 22.43; 22.75; 23.00; 2018/06/02 01:00
18.18; 22.37; 22.43; 22.75; 23.00; 2018/06/02 01:30
18.18; 22.37; 22.43; 22.68; 23.00; 2018/06/02 02:00
17.68; 22.37; 22.37; 22.68; 23.00; 2018/06/02 02:30
17.87; 22.31; 22.37; 22.68; 22.93; 2018/06/02 03:00
18.00; 22.31; 22.37; 22.62; 22.93; 2018/06/02 03:30
17.81; 22.31; 22.37; 22.62; 22.93; 2018/06/02 04:00
17.75; 22.31; 22.31; 22.62; 22.93; 2018/06/02 04:30
17.81; 22.25; 22.31; 22.62; 22.87; 2018/06/02 05:00
17.75; 22.25; 22.31; 22.56; 22.87; 2018/06/02 05:30
17.50; 22.25; 22.25; 22.56; 22.87; 2018/06/02 06:00
17.62; 22.18; 22.25; 22.56; 22.87; 2018/06/02 06:30
17.75; 22.18; 22.25; 22.50; 22.81; 2018/06/02 07:00
17.87; 22.18; 22.25; 22.50; 22.81; 2018/06/02 07:30
17.93; 22.18; 22.18; 22.50; 22.81; 2018/06/02 08:00
17.68; 22.18; 22.18; 22.50; 22.81; 2018/06/02 08:30
18.06; 22.12; 22.18; 22.43; 22.81; 2018/06/02 09:00
18.00; 22.12; 22.18; 22.43; 22.81; 2018/06/02 09:30
18.31; 22.12; 22.18; 22.43; 22.75; 2018/06/02 10:00
18.37; 22.12; 22.12; 22.37; 22.75; 2018/06/02 10:30
17.81; 22.12; 22.12; 22.37; 22.75; 2018/06/02 11:00
18.25; 22.12; 22.12; 22.37; 22.75; 2018/06/02 11:30
18.37; 22.06; 22.12; 22.37; 22.75; 2018/06/02 12:00
18.37; 22.06; 22.12; 22.37; 22.68; 2018/06/02 12:30
18.75; 22.12; 22.12; 22.37; 22.68; 2018/06/02 13:00
19.43; 22.12; 22.12; 22.37; 22.68; 2018/06/02 13:30
19.37; 22.12; 22.12; 22.37; 22.68; 2018/06/02 14:00
19.93; 22.12; 22.12; 22.37; 22.68; 2018/06/02 14:30
20.18; 22.12; 22.12; 22.37; 22.68; 2018/06/02 15:00
21.25; 22.12; 22.12; 22.37; 22.75; 2018/06/02 15:30
22.18; 22.18; 22.18; 22.43; 22.75; 2018/06/02 16:00
21.50; 22.18; 22.12; 22.37; 22.75; 2018/06/02 16:30
22.00; 22.25; 22.18; 22.43; 22.75; 2018/06/02 17:00
22.62; 22.25; 22.18; 22.43; 22.75; 2018/06/02 17:30
22.12; 22.31; 22.18; 22.43; 22.81; 2018/06/02 18:00
22.50; 22.31; 22.25; 22.43; 22.81; 2018/06/02 18:30
22.06; 22.31; 22.25; 22.43; 22.81; 2018/06/02 19:00
21.50; 22.25; 22.18; 22.43; 22.75; 2018/06/02 19:30
21.06; 22.25; 22.18; 22.43; 22.75; 2018/06/02 20:00
20.50; 22.18; 22.12; 22.43; 22.75; 2018/06/02 20:30
20.43; 22.18; 22.12; 22.43; 22.75; 2018/06/02 21:00
20.18; 22.12; 22.12; 22.43; 22.68; 2018/06/02 21:30
19.87; 22.12; 22.12; 22.43; 22.68; 2018/06/02 22:00
19.87; 22.12; 22.12; 22.43; 22.68; 2018/06/02 22:30
19.31; 22.06; 22.06; 22.37; 22.68; 2018/06/02 23:00
19.18; 22.06; 22.06; 22.37; 22.62; 2018/06/02 23:30
19.00; 22.06; 22.06; 22.37; 22.62; 2018/06/03 00:00
18.93; 22.06; 22.06; 22.37; 22.62; 2018/06/03 00:30
18.81; 22.00; 22.06; 22.37; 22.62; 2018/06/03 01:00
18.56; 22.00; 22.00; 22.31; 22.62; 2018/06/03 01:30
18.56; 22.00; 22.00; 22.31; 22.62; 2018/06/03 02:00
18.43; 22.00; 22.00; 22.31; 22.56; 2018/06/03 02:30
18.50; 21.93; 22.00; 22.31; 22.56; 2018/06/03 03:00
18.25; 21.93; 22.00; 22.25; 22.56; 2018/06/03 03:30
18.25; 21.93; 21.93; 22.25; 22.56; 2018/06/03 04:00
18.00; 21.93; 21.93; 22.25; 22.50; 2018/06/03 04:30
17.62; 21.87; 21.93; 22.25; 22.50; 2018/06/03 05:00
17.43; 21.87; 21.93; 22.25; 22.50; 2018/06/03 05:30
17.37; 21.87; 21.87; 22.18; 22.50; 2018/06/03 06:00
17.25; 21.87; 21.87; 22.18; 22.43; 2018/06/03 06:30
17.12; 21.81; 21.87; 22.18; 22.43; 2018/06/03 07:00
17.18; 21.81; 21.87; 22.18; 22.43; 2018/06/03 07:30
17.68; 21.81; 21.87; 22.18; 22.43; 2018/06/03 08:00
18.00; 21.81; 21.87; 22.12; 22.43; 2018/06/03 08:30
18.87; 21.81; 21.87; 22.12; 22.43; 2018/06/03 09:00
18.62; 21.81; 21.81; 22.12; 22.43; 2018/06/03 09:30
18.68; 21.81; 21.81; 22.12; 22.43; 2018/06/03 10:00
19.25; 21.81; 21.81; 22.12; 22.43; 2018/06/03 10:30
19.93; 21.81; 21.81; 22.12; 22.37; 2018/06/03 11:00
20.43; 21.87; 21.81; 22.12; 22.43; 2018/06/03 11:30
20.06; 21.87; 21.81; 22.12; 22.43; 2018/06/03 12:00
20.18; 21.87; 21.81; 22.12; 22.37; 2018/06/03 12:30
20.43; 21.87; 21.81; 22.12; 22.43; 2018/06/03 13:00
20.93; 21.87; 21.81; 22.12; 22.43; 2018/06/03 13:30
21.31; 21.87; 21.87; 22.12; 22.43; 2018/06/03 14:00
22.81; 22.00; 21.93; 22.18; 22.50; 2018/06/03 14:30
22.56; 22.00; 21.93; 22.18; 22.50; 2018/06/03 15:00
23.31; 22.00; 21.93; 22.25; 22.50; 2018/06/03 15:30
23.68; 22.06; 22.00; 22.31; 22.56; 2018/06/03 16:00
24.31; 22.12; 22.00; 22.37; 22.56; 2018/06/03 16:30
24.25; 22.18; 22.00; 22.43; 22.56; 2018/06/03 17:00
25.06; 22.25; 22.06; 22.50; 22.62; 2018/06/03 17:30
24.31; 22.25; 22.06; 22.43; 22.62; 2018/06/03 18:00
23.12; 22.25; 22.06; 22.43; 22.62; 2018/06/03 18:30
23.06; 22.18; 22.06; 22.43; 22.62; 2018/06/03 19:00
22.56; 22.18; 22.00; 22.43; 22.56; 2018/06/03 19:30
22.12; 22.12; 22.00; 22.43; 22.56; 2018/06/03 20:00
21.87; 22.12; 22.00; 22.43; 22.56; 2018/06/03 20:30
21.62; 22.12; 22.00; 22.43; 22.50; 2018/06/03 21:00
21.18; 22.12; 22.00; 22.43; 22.50; 2018/06/03 21:30
20.81; 22.06; 22.00; 22.43; 22.50; 2018/06/03 22:00
20.31; 22.06; 21.93; 22.43; 22.50; 2018/06/03 22:30
19.68; 22.06; 21.93; 22.43; 22.50; 2018/06/03 23:00
19.31; 22.00; 21.93; 22.43; 22.50; 2018/06/03 23:30
18.81; 22.00; 21.93; 22.43; 22.43; 2018/06/04 00:00
18.50; 22.00; 21.93; 22.37; 22.43; 2018/06/04 00:30
18.25; 21.93; 21.87; 22.37; 22.43; 2018/06/04 01:00
17.81; 21.93; 21.87; 22.37; 22.43; 2018/06/04 01:30
17.43; 21.93; 21.87; 22.37; 22.43; 2018/06/04 02:00
17.25; 21.87; 21.87; 22.31; 22.37; 2018/06/04 02:30
16.93; 21.87; 21.87; 22.31; 22.37; 2018/06/04 03:00
16.81; 21.81; 21.81; 22.25; 22.37; 2018/06/04 03:30
16.31; 21.81; 21.81; 22.25; 22.37; 2018/06/04 04:00
16.25; 21.75; 21.81; 22.25; 22.31; 2018/06/04 04:30
16.00; 21.75; 21.75; 22.18; 22.31; 2018/06/04 05:00
15.81; 21.68; 21.75; 22.12; 22.25; 2018/06/04 05:30
15.62; 21.68; 21.75; 22.12; 22.25; 2018/06/04 06:00
15.56; 21.62; 21.68; 22.06; 22.25; 2018/06/04 06:30
15.75; 21.62; 21.68; 22.06; 22.25; 2018/06/04 07:00
16.12; 21.62; 21.62; 22.00; 22.25; 2018/06/04 07:30
16.68; 21.56; 21.62; 22.00; 22.18; 2018/06/04 08:00
17.68; 21.56; 21.62; 22.00; 22.18; 2018/06/04 08:30
18.75; 21.62; 21.62; 22.00; 22.18; 2018/06/04 09:00
19.75; 21.62; 21.62; 21.93; 22.18; 2018/06/04 09:30
20.68; 21.62; 21.62; 22.00; 22.25; 2018/06/04 10:00
21.62; 21.68; 21.68; 22.00; 22.25; 2018/06/04 10:30
22.37; 21.68; 21.68; 22.00; 22.25; 2018/06/04 11:00
23.25; 21.75; 21.75; 22.00; 22.31; 2018/06/04 11:30
23.68; 21.81; 21.75; 22.06; 22.31; 2018/06/04 12:00
24.06; 21.81; 21.75; 22.06; 22.37; 2018/06/04 12:30
24.31; 21.93; 21.81; 22.12; 22.37; 2018/06/04 13:00
25.00; 21.93; 21.81; 22.18; 22.37; 2018/06/04 13:30
24.75; 22.00; 21.87; 22.18; 22.43; 2018/06/04 14:00
24.37; 22.00; 21.87; 22.18; 22.37; 2018/06/04 14:30
25.93; 22.06; 21.87; 22.31; 22.43; 2018/06/04 15:00
26.43; 22.12; 21.93; 22.37; 22.50; 2018/06/04 15:30
25.87; 22.18; 21.93; 22.37; 22.50; 2018/06/04 16:00
24.93; 22.18; 21.93; 22.37; 22.50; 2018/06/04 16:30
26.00; 22.25; 22.00; 22.50; 22.56; 2018/06/04 17:00
24.87; 22.25; 21.93; 22.50; 22.56; 2018/06/04 17:30
24.75; 22.25; 22.00; 22.50; 22.56; 2018/06/04 18:00
25.75; 22.31; 22.06; 22.56; 22.62; 2018/06/04 18:30
25.18; 22.31; 22.06; 22.62; 22.62; 2018/06/04 19:00
24.37; 22.31; 22.00; 22.56; 22.62; 2018/06/04 19:30
23.81; 22.31; 22.00; 22.62; 22.62; 2018/06/04 20:00
23.25; 22.25; 22.06; 22.62; 22.56; 2018/06/04 20:30
22.68; 22.25; 22.06; 22.62; 22.56; 2018/06/04 21:00
22.31; 22.18; 22.00; 22.62; 22.56; 2018/06/04 21:30
21.68; 22.18; 22.00; 22.62; 22.56; 2018/06/04 22:00
21.25; 22.18; 22.00; 22.62; 22.56; 2018/06/04 22:30
20.62; 22.18; 22.00; 22.62; 22.50; 2018/06/04 23:00
20.43; 22.12; 22.00; 22.62; 22.50; 2018/06/04 23:30
19.93; 22.12; 22.00; 22.62; 22.50; 2018/06/05 00:00
19.68; 22.12; 22.00; 22.56; 22.50; 2018/06/05 00:30
19.37; 22.12; 22.00; 22.56; 22.50; 2018/06/05 01:00
19.00; 22.06; 22.00; 22.56; 22.50; 2018/06/05 01:30
19.12; 22.06; 22.00; 22.56; 22.43; 2018/06/05 02:00
19.18; 22.06; 21.93; 22.50; 22.43; 2018/06/05 02:30
18.93; 22.06; 21.93; 22.50; 22.43; 2018/06/05 03:00
18.68; 22.00; 21.93; 22.50; 22.43; 2018/06/05 03:30
18.75; 22.00; 21.93; 22.43; 22.43; 2018/06/05 04:00
18.62; 22.00; 21.93; 22.43; 22.43; 2018/06/05 04:30
18.56; 21.93; 21.93; 22.43; 22.43; 2018/06/05 05:00
18.18; 21.93; 21.93; 22.37; 22.37; 2018/06/05 05:30
18.31; 21.93; 21.87; 22.37; 22.37; 2018/06/05 06:00
18.50; 21.93; 21.87; 22.31; 22.37; 2018/06/05 06:30
18.43; 21.87; 21.87; 22.31; 22.37; 2018/06/05 07:00
18.43; 21.87; 21.87; 22.25; 22.37; 2018/06/05 07:30
18.37; 21.87; 21.87; 22.25; 22.37; 2018/06/05 08:00
18.62; 21.87; 21.87; 22.25; 22.37; 2018/06/05 08:30
18.50; 21.81; 21.87; 22.25; 22.31; 2018/06/05 09:00
18.62; 21.81; 21.81; 22.18; 22.31; 2018/06/05 09:30
18.56; 21.81; 21.81; 22.18; 22.31; 2018/06/05 10:00
18.56; 21.81; 21.81; 22.18; 22.31; 2018/06/05 10:30
18.56; 21.81; 21.81; 22.12; 22.31; 2018/06/05 11:00
18.75; 21.81; 21.81; 22.12; 22.31; 2018/06/05 11:30
18.75; 21.81; 21.81; 22.12; 22.31; 2018/06/05 12:00
18.75; 21.81; 21.81; 22.12; 22.31; 2018/06/05 12:30
18.93; 21.81; 21.75; 22.12; 22.31; 2018/06/05 13:00
19.18; 21.75; 21.81; 22.12; 22.31; 2018/06/05 13:30
19.18; 21.75; 21.75; 22.06; 22.31; 2018/06/05 14:00
19.43; 21.75; 21.75; 22.06; 22.31; 2018/06/05 14:30
20.00; 21.81; 21.75; 22.12; 22.31; 2018/06/05 15:00
20.31; 21.81; 21.75; 22.12; 22.31; 2018/06/05 15:30
20.75; 21.81; 21.81; 22.12; 22.31; 2018/06/05 16:00
21.56; 21.87; 21.81; 22.18; 22.31; 2018/06/05 16:30
22.37; 21.93; 21.87; 22.25; 22.37; 2018/06/05 17:00
22.37; 22.00; 21.93; 22.31; 22.43; 2018/06/05 17:30
23.06; 22.06; 21.93; 22.31; 22.43; 2018/06/05 18:00
23.12; 22.06; 22.00; 22.31; 22.43; 2018/06/05 18:30
22.62; 22.06; 21.93; 22.31; 22.43; 2018/06/05 19:00
22.06; 22.00; 21.87; 22.25; 22.43; 2018/06/05 19:30
21.50; 21.93; 21.87; 22.25; 22.37; 2018/06/05 20:00
21.12; 21.93; 21.87; 22.18; 22.37; 2018/06/05 20:30
20.75; 21.93; 21.81; 22.18; 22.37; 2018/06/05 21:00
20.18; 21.87; 21.81; 22.18; 22.31; 2018/06/05 21:30
19.68; 21.87; 21.81; 22.18; 22.31; 2018/06/05 22:00
19.18; 21.81; 21.81; 22.12; 22.31; 2018/06/05 22:30
19.00; 21.81; 21.75; 22.12; 22.31; 2018/06/05 23:00
18.62; 21.81; 21.75; 22.12; 22.25; 2018/06/05 23:30
18.06; 21.75; 21.75; 22.06; 22.25; 2018/06/06 00:00
17.68; 21.75; 21.75; 22.06; 22.25; 2018/06/06 00:30
17.25; 21.68; 21.75; 22.06; 22.25; 2018/06/06 01:00
17.00; 21.68; 21.68; 22.00; 22.25; 2018/06/06 01:30
16.75; 21.68; 21.68; 22.00; 22.18; 2018/06/06 02:00
16.43; 21.62; 21.68; 22.00; 22.18; 2018/06/06 02:30
16.37; 21.62; 21.62; 21.93; 22.12; 2018/06/06 03:00
16.00; 21.56; 21.62; 21.93; 22.12; 2018/06/06 03:30
15.75; 21.56; 21.62; 21.87; 22.12; 2018/06/06 04:00
15.50; 21.50; 21.56; 21.87; 22.12; 2018/06/06 04:30
15.25; 21.50; 21.56; 21.87; 22.06; 2018/06/06 05:00
14.87; 21.43; 21.50; 21.81; 22.06; 2018/06/06 05:30
14.62; 21.43; 21.50; 21.81; 22.06; 2018/06/06 06:00
14.43; 21.37; 21.43; 21.75; 22.00; 2018/06/06 06:30
14.68; 21.37; 21.43; 21.75; 22.00; 2018/06/06 07:00
14.93; 21.37; 21.43; 21.68; 21.93; 2018/06/06 07:30
15.56; 21.31; 21.37; 21.68; 22.00; 2018/06/06 08:00
16.50; 21.31; 21.37; 21.68; 21.93; 2018/06/06 08:30
17.68; 21.37; 21.37; 21.68; 21.93; 2018/06/06 09:00
18.75; 21.37; 21.37; 21.62; 22.00; 2018/06/06 09:30
19.87; 21.37; 21.43; 21.62; 22.00; 2018/06/06 10:00
20.87; 21.43; 21.43; 21.68; 22.00; 2018/06/06 10:30
21.81; 21.43; 21.43; 21.68; 22.00; 2018/06/06 11:00
22.62; 21.50; 21.43; 21.68; 22.06; 2018/06/06 11:30
23.12; 21.56; 21.50; 21.68; 22.06; 2018/06/06 12:00
24.31; 21.56; 21.50; 21.68; 22.12; 2018/06/06 12:30
25.06; 21.62; 21.56; 21.75; 22.12; 2018/06/06 13:00
25.31; 21.68; 21.62; 21.81; 22.18; 2018/06/06 13:30
25.75; 21.81; 21.62; 21.87; 22.18; 2018/06/06 14:00
26.43; 21.87; 21.68; 21.87; 22.25; 2018/06/06 14:30
27.06; 21.87; 21.68; 21.87; 22.25; 2018/06/06 15:00
26.93; 22.00; 21.75; 22.00; 22.31; 2018/06/06 15:30
27.50; 22.06; 21.75; 22.06; 22.31; 2018/06/06 16:00
27.56; 22.06; 21.81; 22.18; 22.37; 2018/06/06 16:30
27.93; 22.12; 21.87; 22.18; 22.43; 2018/06/06 17:00
27.62; 22.18; 21.87; 22.31; 22.43; 2018/06/06 17:30
28.06; 22.25; 21.93; 22.37; 22.50; 2018/06/06 18:00
27.62; 22.31; 22.06; 22.43; 22.50; 2018/06/06 18:30
26.62; 22.31; 22.00; 22.43; 22.50; 2018/06/06 19:00
25.81; 22.25; 21.93; 22.50; 22.50; 2018/06/06 19:30
25.12; 22.25; 21.93; 22.50; 22.50; 2018/06/06 20:00
24.75; 22.25; 21.93; 22.50; 22.50; 2018/06/06 20:30
24.37; 22.25; 21.93; 22.50; 22.50; 2018/06/06 21:00
24.00; 22.25; 21.93; 22.56; 22.50; 2018/06/06 21:30
23.43; 22.25; 22.00; 22.56; 22.50; 2018/06/06 22:00
22.68; 22.25; 21.93; 22.56; 22.50; 2018/06/06 22:30
21.93; 22.18; 22.00; 22.56; 22.50; 2018/06/06 23:00
21.31; 22.18; 22.00; 22.56; 22.43; 2018/06/06 23:30
20.81; 22.18; 21.93; 22.56; 22.43; 2018/06/07 00:00
20.37; 22.12; 21.93; 22.56; 22.43; 2018/06/07 00:30
20.00; 22.12; 21.93; 22.62; 22.43; 2018/06/07 01:00
19.62; 22.12; 21.93; 22.56; 22.43; 2018/06/07 01:30
19.25; 22.12; 21.93; 22.56; 22.43; 2018/06/07 02:00
18.87; 22.06; 21.93; 22.56; 22.37; 2018/06/07 02:30
18.62; 22.06; 21.93; 22.50; 22.37; 2018/06/07 03:00
18.31; 22.06; 21.93; 22.50; 22.37; 2018/06/07 03:30
18.06; 22.00; 21.93; 22.50; 22.37; 2018/06/07 04:00
17.93; 22.00; 21.87; 22.50; 22.37; 2018/06/07 04:30
17.75; 21.93; 21.87; 22.43; 22.37; 2018/06/07 05:00
17.81; 21.93; 21.87; 22.43; 22.31; 2018/06/07 05:30
17.06; 21.93; 21.87; 22.37; 22.31; 2018/06/07 06:00
18.18; 21.93; 21.87; 22.37; 22.31; 2018/06/07 06:30
18.50; 21.87; 21.87; 22.31; 22.31; 2018/06/07 07:00
18.87; 21.87; 21.81; 22.31; 22.31; 2018/06/07 07:30
19.62; 21.93; 21.87; 22.31; 22.31; 2018/06/07 08:00
20.87; 21.93; 21.87; 22.31; 22.31; 2018/06/07 08:30
20.93; 21.93; 21.87; 22.31; 22.31; 2018/06/07 09:00
21.43; 21.93; 21.87; 22.31; 22.37; 2018/06/07 09:30
22.12; 21.93; 21.87; 22.37; 22.37; 2018/06/07 10:00
22.81; 22.00; 21.93; 22.37; 22.37; 2018/06/07 10:30
23.31; 22.06; 21.93; 22.37; 22.43; 2018/06/07 11:00
24.06; 22.12; 22.00; 22.43; 22.50; 2018/06/07 11:30
24.56; 22.18; 22.00; 22.50; 22.50; 2018/06/07 12:00
25.12; 22.25; 22.06; 22.50; 22.56; 2018/06/07 12:30
25.75; 22.31; 22.12; 22.62; 22.62; 2018/06/07 13:00
26.75; 22.37; 22.12; 22.68; 22.68; 2018/06/07 13:30
26.75; 22.43; 22.18; 22.75; 22.68; 2018/06/07 14:00
27.00; 22.50; 22.18; 22.87; 22.75; 2018/06/07 14:30
27.81; 22.56; 22.25; 22.93; 22.81; 2018/06/07 15:00
28.62; 22.56; 22.31; 22.93; 22.81; 2018/06/07 15:30
28.62; 22.68; 22.37; 22.93; 22.87; 2018/06/07 16:00
28.25; 22.68; 22.37; 22.93; 22.87; 2018/06/07 16:30
28.37; 22.75; 22.43; 23.00; 22.87; 2018/06/07 17:00
27.68; 22.75; 22.43; 23.00; 22.93; 2018/06/07 17:30
28.81; 22.81; 22.56; 23.12; 22.93; 2018/06/07 18:00
28.62; 22.87; 22.56; 23.18; 23.00; 2018/06/07 18:30
25.31; 22.87; 22.56; 23.18; 23.00; 2018/06/07 19:00
22.87; 22.81; 22.50; 23.18; 23.00; 2018/06/07 19:30
22.06; 22.75; 22.50; 23.12; 22.93; 2018/06/07 20:00
21.56; 22.68; 22.50; 23.12; 22.87; 2018/06/07 20:30
21.25; 22.68; 22.50; 23.12; 22.87; 2018/06/07 21:00
21.12; 22.62; 22.43; 23.12; 22.87; 2018/06/07 21:30
20.75; 22.62; 22.43; 23.12; 22.87; 2018/06/07 22:00
19.87; 22.62; 22.50; 23.12; 22.87; 2018/06/07 22:30
20.37; 22.62; 22.50; 23.12; 22.87; 2018/06/07 23:00
20.00; 22.62; 22.43; 23.12; 22.87; 2018/06/07 23:30
19.68; 22.62; 22.43; 23.12; 22.87; 2018/06/08 00:00
19.75; 22.56; 22.43; 23.12; 22.87; 2018/06/08 00:30
19.37; 22.56; 22.50; 23.12; 22.87; 2018/06/08 01:00
19.56; 22.56; 22.43; 23.06; 22.87; 2018/06/08 01:30
19.43; 22.56; 22.43; 23.00; 22.87; 2018/06/08 02:00
19.56; 22.56; 22.43; 23.00; 22.87; 2018/06/08 02:30
19.56; 22.50; 22.37; 23.00; 22.81; 2018/06/08 03:00
19.37; 22.50; 22.37; 23.00; 22.81; 2018/06/08 03:30
19.62; 22.50; 22.37; 22.93; 22.81; 2018/06/08 04:00
19.50; 22.50; 22.37; 22.93; 22.81; 2018/06/08 04:30
19.31; 22.43; 22.37; 22.93; 22.81; 2018/06/08 05:00
19.25; 22.43; 22.37; 22.87; 22.81; 2018/06/08 05:30
19.18; 22.43; 22.37; 22.87; 22.81; 2018/06/08 06:00
19.25; 22.43; 22.37; 22.87; 22.81; 2018/06/08 06:30
19.37; 22.43; 22.37; 22.81; 22.81; 2018/06/08 07:00
19.43; 22.37; 22.37; 22.81; 22.81; 2018/06/08 07:30
19.68; 22.37; 22.37; 22.81; 22.81; 2018/06/08 08:00
19.87; 22.37; 22.37; 22.81; 22.81; 2018/06/08 08:30
20.06; 22.37; 22.37; 22.81; 22.81; 2018/06/08 09:00
20.37; 22.37; 22.37; 22.81; 22.81; 2018/06/08 09:30
20.81; 22.43; 22.37; 22.81; 22.81; 2018/06/08 10:00
21.31; 22.43; 22.37; 22.81; 22.81; 2018/06/08 10:30
21.12; 22.43; 22.37; 22.81; 22.81; 2018/06/08 11:00
20.93; 22.43; 22.37; 22.81; 22.81; 2018/06/08 11:30
20.56; 22.43; 22.37; 22.75; 22.81; 2018/06/08 12:00
20.18; 22.37; 22.37; 22.75; 22.81; 2018/06/08 12:30
19.68; 22.37; 22.31; 22.75; 22.81; 2018/06/08 13:00
20.12; 22.37; 22.31; 22.75; 22.81; 2018/06/08 13:30
20.37; 22.37; 22.37; 22.75; 22.81; 2018/06/08 14:00
20.56; 22.37; 22.37; 22.75; 22.81; 2018/06/08 14:30
20.87; 22.37; 22.37; 22.75; 22.81; 2018/06/08 15:00
20.93; 22.43; 22.37; 22.75; 22.81; 2018/06/08 15:30
21.06; 22.43; 22.37; 22.75; 22.81; 2018/06/08 16:00
21.75; 22.50; 22.37; 22.81; 22.87; 2018/06/08 16:30
22.31; 22.50; 22.43; 22.81; 22.87; 2018/06/08 17:00
23.00; 22.56; 22.43; 22.87; 22.93; 2018/06/08 17:30
22.81; 22.68; 22.75; 23.00; 23.31; 2018/06/08 18:00
22.68; 24.75; 25.18; 24.12; 25.93; 2018/06/08 18:30
23.43; 25.37; 26.31; 24.93; 27.06; 2018/06/08 19:00
23.68; 25.56; 26.50; 25.06; 27.81; 2018/06/08 19:30
23.37; 26.12; 26.87; 25.18; 28.00; 2018/06/08 20:00
22.56; 25.93; 26.81; 25.18; 27.93; 2018/06/08 20:30
22.18; 23.93; 23.87; 24.18; 24.68; 2018/06/08 21:00
21.93; 23.93; 23.68; 24.00; 24.37; 2018/06/08 21:30
21.62; 23.43; 23.31; 23.75; 24.00; 2018/06/08 22:00
21.25; 23.25; 23.18; 23.56; 23.87; 2018/06/08 22:30
20.93; 23.18; 23.12; 23.43; 23.75; 2018/06/08 23:00
21.00; 23.12; 23.06; 23.43; 23.68; 2018/06/08 23:30
20.75; 23.06; 23.00; 23.37; 23.62; 2018/06/09 00:00
20.75; 23.00; 22.93; 23.31; 23.56; 2018/06/09 00:30
20.68; 22.93; 22.93; 23.31; 23.56; 2018/06/09 01:00
20.62; 22.93; 22.87; 23.25; 23.50; 2018/06/09 01:30
20.50; 22.87; 22.87; 23.25; 23.50; 2018/06/09 02:00
20.37; 22.87; 22.87; 23.18; 23.43; 2018/06/09 02:30
20.31; 22.81; 22.81; 23.18; 23.43; 2018/06/09 03:00
19.93; 22.81; 22.81; 23.12; 23.37; 2018/06/09 03:30
20.06; 22.81; 22.81; 23.12; 23.37; 2018/06/09 04:00
20.18; 22.75; 22.81; 23.12; 23.37; 2018/06/09 04:30
20.12; 22.75; 22.75; 23.12; 23.31; 2018/06/09 05:00
20.00; 22.75; 22.75; 23.06; 23.31; 2018/06/09 05:30
19.68; 22.68; 22.75; 23.06; 23.31; 2018/06/09 06:00
19.75; 22.68; 22.75; 23.06; 23.25; 2018/06/09 06:30
19.68; 22.68; 22.68; 23.06; 23.25; 2018/06/09 07:00
19.87; 22.62; 22.68; 23.00; 23.25; 2018/06/09 07:30
20.00; 22.62; 22.68; 23.00; 23.18; 2018/06/09 08:00
20.12; 22.62; 22.68; 22.93; 23.18; 2018/06/09 08:30
20.50; 22.62; 22.68; 22.93; 23.18; 2018/06/09 09:00
20.68; 22.62; 22.68; 22.93; 23.18; 2018/06/09 09:30
21.18; 22.62; 22.68; 22.93; 23.18; 2018/06/09 10:00
22.31; 22.87; 22.87; 23.12; 23.37; 2018/06/09 10:30
22.93; 24.00; 23.68; 24.12; 24.06; 2018/06/09 11:00
23.18; 24.31; 23.87; 24.25; 24.31; 2018/06/09 11:30
23.50; 24.50; 24.00; 24.43; 24.43; 2018/06/09 12:00
23.68; 24.50; 24.06; 24.31; 24.50; 2018/06/09 12:30
24.12; 24.75; 24.25; 24.43; 24.56; 2018/06/09 13:00
24.81; 24.81; 24.31; 24.56; 24.75; 2018/06/09 13:30
25.37; 24.75; 24.37; 24.56; 24.68; 2018/06/09 14:00
25.93; 24.18; 23.93; 24.12; 24.43; 2018/06/09 14:30
26.43; 23.87; 23.62; 24.00; 24.18; 2018/06/09 15:00
26.56; 23.75; 23.50; 23.93; 24.12; 2018/06/09 15:30
26.87; 23.75; 23.43; 23.93; 24.06; 2018/06/09 16:00
27.18; 23.68; 23.43; 23.93; 24.06; 2018/06/09 16:30
27.25; 23.75; 23.43; 23.93; 24.00; 2018/06/09 17:00
27.37; 23.75; 23.43; 23.93; 24.00; 2018/06/09 17:30
27.68; 23.75; 23.43; 24.00; 24.00; 2018/06/09 18:00
27.75; 23.75; 23.43; 24.00; 24.00; 2018/06/09 18:30
26.93; 23.75; 23.43; 24.00; 24.00; 2018/06/09 19:00
25.81; 23.68; 23.37; 24.00; 24.00; 2018/06/09 19:30
25.56; 23.68; 23.37; 24.00; 23.93; 2018/06/09 20:00
25.18; 23.62; 23.37; 24.00; 23.93; 2018/06/09 20:30
24.75; 23.62; 23.37; 24.00; 23.93; 2018/06/09 21:00
24.37; 23.62; 23.37; 24.00; 23.93; 2018/06/09 21:30
24.06; 23.56; 23.37; 24.00; 23.93; 2018/06/09 22:00
23.68; 23.56; 23.37; 24.00; 23.93; 2018/06/09 22:30
23.31; 23.56; 23.37; 24.00; 23.93; 2018/06/09 23:00
23.00; 23.56; 23.31; 24.00; 23.87; 2018/06/09 23:30
22.93; 23.50; 23.31; 24.00; 23.87; 2018/06/10 00:00
22.56; 23.50; 23.31; 24.00; 23.87; 2018/06/10 00:30
22.50; 23.50; 23.31; 24.00; 23.87; 2018/06/10 01:00
22.31; 23.50; 23.31; 24.00; 23.87; 2018/06/10 01:30
22.25; 23.50; 23.31; 24.00; 23.87; 2018/06/10 02:00
21.93; 23.50; 23.31; 23.93; 23.81; 2018/06/10 02:30
20.12; 23.50; 23.31; 24.00; 23.81; 2018/06/10 03:00
19.56; 23.43; 23.31; 23.87; 23.81; 2018/06/10 03:30
19.31; 23.37; 23.31; 23.81; 23.75; 2018/06/10 04:00
19.43; 23.31; 23.25; 23.81; 23.75; 2018/06/10 04:30
19.31; 23.31; 23.25; 23.81; 23.75; 2018/06/10 05:00
19.50; 23.31; 23.25; 23.75; 23.75; 2018/06/10 05:30
19.62; 23.25; 23.25; 23.75; 23.68; 2018/06/10 06:00
19.12; 23.25; 23.18; 23.68; 23.68; 2018/06/10 06:30
19.12; 23.25; 23.18; 23.68; 23.68; 2018/06/10 07:00
19.75; 23.18; 23.18; 23.62; 23.68; 2018/06/10 07:30
19.81; 23.18; 23.18; 23.62; 23.68; 2018/06/10 08:00
19.87; 23.18; 23.18; 23.62; 23.68; 2018/06/10 08:30
20.00; 23.18; 23.12; 23.56; 23.68; 2018/06/10 09:00
20.43; 23.18; 23.18; 23.56; 23.68; 2018/06/10 09:30
20.81; 23.18; 23.18; 23.62; 23.68; 2018/06/10 10:00
21.00; 23.18; 23.18; 23.62; 23.68; 2018/06/10 10:30
21.37; 23.18; 23.18; 23.56; 23.68; 2018/06/10 11:00
22.06; 23.25; 23.18; 23.62; 23.68; 2018/06/10 11:30
22.18; 23.25; 23.18; 23.62; 23.75; 2018/06/10 12:00
22.12; 23.25; 23.18; 23.62; 23.68; 2018/06/10 12:30
23.25; 23.31; 23.25; 23.68; 23.75; 2018/06/10 13:00
23.87; 23.37; 23.25; 23.75; 23.81; 2018/06/10 13:30
24.56; 23.43; 23.31; 23.75; 23.81; 2018/06/10 14:00
24.68; 23.43; 23.31; 23.81; 23.87; 2018/06/10 14:30
24.62; 23.50; 23.31; 23.81; 23.87; 2018/06/10 15:00
25.25; 23.50; 23.31; 23.87; 23.87; 2018/06/10 15:30
25.31; 23.50; 23.37; 23.87; 23.93; 2018/06/10 16:00
25.25; 23.56; 23.37; 23.87; 23.93; 2018/06/10 16:30
25.37; 23.56; 23.37; 23.93; 23.93; 2018/06/10 17:00
25.37; 23.62; 23.37; 23.93; 23.93; 2018/06/10 17:30
24.93; 23.62; 23.37; 23.93; 24.00; 2018/06/10 18:00
24.87; 23.62; 23.37; 23.93; 23.93; 2018/06/10 18:30
24.75; 23.62; 23.37; 23.93; 24.00; 2018/06/10 19:00
24.12; 23.62; 23.37; 23.93; 23.93; 2018/06/10 19:30
23.56; 23.56; 23.37; 23.93; 23.93; 2018/06/10 20:00
23.31; 23.56; 23.37; 23.93; 23.93; 2018/06/10 20:30
22.75; 23.56; 23.37; 23.93; 23.93; 2018/06/10 21:00
22.62; 23.56; 23.37; 23.93; 23.93; 2018/06/10 21:30
22.50; 23.50; 23.37; 23.93; 23.93; 2018/06/10 22:00
22.25; 23.50; 23.37; 23.93; 23.87; 2018/06/10 22:30
21.75; 23.50; 23.37; 23.93; 23.87; 2018/06/10 23:00
21.43; 23.50; 23.31; 23.93; 23.87; 2018/06/10 23:30
21.00; 23.43; 23.31; 23.93; 23.87; 2018/06/11 00:00
20.81; 23.43; 23.31; 23.93; 23.87; 2018/06/11 00:30
20.25; 23.43; 23.31; 23.87; 23.87; 2018/06/11 01:00
20.31; 23.37; 23.31; 23.87; 23.81; 2018/06/11 01:30
20.00; 23.37; 23.31; 23.81; 23.81; 2018/06/11 02:00
19.68; 23.31; 23.25; 23.81; 23.81; 2018/06/11 02:30
19.37; 23.31; 23.25; 23.75; 23.81; 2018/06/11 03:00
19.25; 23.25; 23.25; 23.75; 23.75; 2018/06/11 03:30
19.25; 23.25; 23.25; 23.75; 23.75; 2018/06/11 04:00
19.00; 23.18; 23.18; 23.68; 23.75; 2018/06/11 04:30
18.75; 23.18; 23.18; 23.62; 23.75; 2018/06/11 05:00
18.68; 23.18; 23.18; 23.62; 23.75; 2018/06/11 05:30
18.68; 23.18; 23.18; 23.62; 23.68; 2018/06/11 06:00
18.25; 23.12; 23.12; 23.56; 23.68; 2018/06/11 06:30
18.43; 23.12; 23.12; 23.56; 23.68; 2018/06/11 07:00
18.50; 23.12; 23.12; 23.50; 23.62; 2018/06/11 07:30
18.56; 23.06; 23.12; 23.50; 23.62; 2018/06/11 08:00
18.75; 23.06; 23.12; 23.43; 23.62; 2018/06/11 08:30
18.50; 23.06; 23.06; 23.43; 23.62; 2018/06/11 09:00
19.43; 23.06; 23.06; 23.43; 23.62; 2018/06/11 09:30
19.87; 23.06; 23.06; 23.43; 23.62; 2018/06/11 10:00
20.68; 23.06; 23.06; 23.43; 23.62; 2018/06/11 10:30
20.25; 23.06; 23.06; 23.43; 23.62; 2018/06/11 11:00
20.50; 23.06; 23.06; 23.43; 23.62; 2018/06/11 11:30
21.43; 23.12; 23.06; 23.43; 23.68; 2018/06/11 12:00
21.43; 23.12; 23.06; 23.43; 23.62; 2018/06/11 12:30
22.43; 23.12; 23.12; 23.50; 23.68; 2018/06/11 13:00
23.12; 23.18; 23.12; 23.56; 23.68; 2018/06/11 13:30
23.75; 23.25; 23.12; 23.62; 23.68; 2018/06/11 14:00
23.68; 23.31; 23.18; 23.68; 23.75; 2018/06/11 14:30
24.25; 23.31; 23.18; 23.75; 23.75; 2018/06/11 15:00
24.75; 23.37; 23.18; 23.75; 23.81; 2018/06/11 15:30
24.75; 23.37; 23.18; 23.75; 23.81; 2018/06/11 16:00
24.75; 23.37; 23.18; 23.75; 23.75; 2018/06/11 16:30
24.12; 23.37; 23.18; 23.75; 23.75; 2018/06/11 17:00
23.50; 23.37; 23.18; 23.68; 23.75; 2018/06/11 17:30
23.31; 23.31; 23.18; 23.68; 23.75; 2018/06/11 18:00
23.12; 23.31; 23.12; 23.62; 23.75; 2018/06/11 18:30
22.87; 23.31; 23.12; 23.62; 23.68; 2018/06/11 19:00
22.75; 23.31; 23.12; 23.68; 23.68; 2018/06/11 19:30
22.43; 23.31; 23.12; 23.68; 23.75; 2018/06/11 20:00
22.12; 23.25; 23.12; 23.68; 23.68; 2018/06/11 20:30
22.06; 23.25; 23.12; 23.68; 23.68; 2018/06/11 21:00
21.25; 23.25; 23.12; 23.68; 23.68; 2018/06/11 21:30
20.93; 23.18; 23.12; 23.68; 23.68; 2018/06/11 22:00
20.56; 23.18; 23.06; 23.68; 23.68; 2018/06/11 22:30
20.25; 23.18; 23.06; 23.62; 23.62; 2018/06/11 23:00
20.18; 23.12; 23.06; 23.62; 23.62; 2018/06/11 23:30
19.93; 23.12; 23.06; 23.62; 23.62; 2018/06/12 00:00
19.75; 23.12; 23.06; 23.62; 23.62; 2018/06/12 00:30
19.68; 23.06; 23.00; 23.56; 23.62; 2018/06/12 01:00
19.68; 23.06; 23.00; 23.56; 23.62; 2018/06/12 01:30
19.56; 23.06; 23.00; 23.50; 23.62; 2018/06/12 02:00
19.31; 23.06; 23.00; 23.50; 23.56; 2018/06/12 02:30
18.81; 23.00; 23.00; 23.50; 23.56; 2018/06/12 03:00
18.56; 23.00; 23.00; 23.43; 23.56; 2018/06/12 03:30
18.31; 23.00; 22.93; 23.37; 23.56; 2018/06/12 04:00
18.00; 22.93; 22.93; 23.37; 23.50; 2018/06/12 04:30
18.06; 22.93; 22.87; 23.31; 23.50; 2018/06/12 05:00
17.81; 22.87; 22.87; 23.31; 23.50; 2018/06/12 05:30
17.68; 22.87; 22.87; 23.25; 23.43; 2018/06/12 06:00
17.62; 22.87; 22.87; 23.25; 23.43; 2018/06/12 06:30
17.62; 22.81; 22.81; 23.18; 23.43; 2018/06/12 07:00
17.18; 22.81; 22.81; 23.12; 23.37; 2018/06/12 07:30
17.12; 22.75; 22.81; 23.12; 23.37; 2018/06/12 08:00
17.18; 22.75; 22.75; 23.12; 23.37; 2018/06/12 08:30
17.56; 22.75; 22.75; 23.12; 23.37; 2018/06/12 09:00
17.68; 22.75; 22.75; 23.06; 23.37; 2018/06/12 09:30
17.93; 22.75; 22.68; 23.06; 23.31; 2018/06/12 10:00
18.25; 22.75; 22.68; 23.06; 23.31; 2018/06/12 10:30
18.62; 22.75; 22.68; 23.06; 23.31; 2018/06/12 11:00
19.00; 22.75; 22.68; 23.06; 23.37; 2018/06/12 11:30
19.06; 22.75; 22.68; 23.06; 23.37; 2018/06/12 12:00
19.87; 22.75; 22.68; 23.06; 23.31; 2018/06/12 12:30
20.00; 22.75; 22.68; 23.06; 23.37; 2018/06/12 13:00
20.31; 22.75; 22.68; 23.06; 23.31; 2018/06/12 13:30
20.31; 22.75; 22.68; 23.06; 23.31; 2018/06/12 14:00
20.18; 22.75; 22.68; 23.06; 23.31; 2018/06/12 14:30
20.56; 22.75; 22.68; 23.06; 23.31; 2018/06/12 15:00
20.25; 22.68; 22.62; 23.00; 23.31; 2018/06/12 15:30
20.06; 22.68; 22.62; 23.00; 23.25; 2018/06/12 16:00
19.31; 22.62; 22.62; 22.93; 23.25; 2018/06/12 16:30
18.87; 22.56; 22.56; 22.87; 23.18; 2018/06/12 17:00
18.18; 22.56; 22.56; 22.87; 23.18; 2018/06/12 17:30
17.87; 22.56; 22.50; 22.87; 23.18; 2018/06/12 18:00
18.31; 22.56; 22.50; 22.87; 23.12; 2018/06/12 18:30
17.81; 22.50; 22.50; 22.87; 23.12; 2018/06/12 19:00
17.68; 22.50; 22.50; 22.87; 23.12; 2018/06/12 19:30
17.68; 22.50; 22.50; 22.81; 23.12; 2018/06/12 20:00
17.62; 22.43; 22.43; 22.81; 23.12; 2018/06/12 20:30
17.43; 22.43; 22.43; 22.81; 23.06; 2018/06/12 21:00
17.56; 22.43; 22.43; 22.81; 23.06; 2018/06/12 21:30
17.43; 22.37; 22.37; 22.75; 23.06; 2018/06/12 22:00
17.25; 22.37; 22.37; 22.75; 23.00; 2018/06/12 22:30
17.18; 22.37; 22.37; 22.75; 23.00; 2018/06/12 23:00
17.06; 22.31; 22.31; 22.68; 23.00; 2018/06/12 23:30
17.00; 22.31; 22.31; 22.68; 22.93; 2018/06/13 00:00
16.75; 22.31; 22.31; 22.68; 22.93; 2018/06/13 00:30
16.75; 22.25; 22.25; 22.62; 22.93; 2018/06/13 01:00
16.62; 22.25; 22.25; 22.62; 22.87; 2018/06/13 01:30
16.43; 22.18; 22.25; 22.56; 22.87; 2018/06/13 02:00
15.93; 22.18; 22.18; 22.56; 22.87; 2018/06/13 02:30
15.68; 22.12; 22.18; 22.50; 22.81; 2018/06/13 03:00
15.56; 22.12; 22.12; 22.50; 22.81; 2018/06/13 03:30
15.75; 22.12; 22.12; 22.50; 22.81; 2018/06/13 04:00
15.62; 22.06; 22.06; 22.43; 22.81; 2018/06/13 04:30
15.68; 22.06; 22.06; 22.43; 22.75; 2018/06/13 05:00
15.75; 22.00; 22.06; 22.37; 22.75; 2018/06/13 05:30
15.56; 22.00; 22.00; 22.37; 22.68; 2018/06/13 06:00
15.62; 22.00; 22.00; 22.31; 22.68; 2018/06/13 06:30
15.68; 21.93; 21.93; 22.31; 22.68; 2018/06/13 07:00
15.87; 21.93; 21.93; 22.25; 22.62; 2018/06/13 07:30
15.81; 21.93; 21.93; 22.25; 22.62; 2018/06/13 08:00
16.18; 21.93; 21.93; 22.25; 22.62; 2018/06/13 08:30
16.31; 21.87; 21.87; 22.18; 22.62; 2018/06/13 09:00
16.37; 21.87; 21.87; 22.18; 22.62; 2018/06/13 09:30
16.62; 21.87; 21.87; 22.18; 22.56; 2018/06/13 10:00
16.50; 21.87; 21.81; 22.12; 22.56; 2018/06/13 10:30
16.62; 21.87; 21.81; 22.12; 22.56; 2018/06/13 11:00
16.68; 21.81; 21.81; 22.06; 22.50; 2018/06/13 11:30
16.62; 21.81; 21.75; 22.06; 22.50; 2018/06/13 12:00
16.87; 21.75; 21.75; 22.00; 22.50; 2018/06/13 12:30
17.18; 21.75; 21.75; 22.00; 22.50; 2018/06/13 13:00
17.37; 21.75; 21.75; 22.00; 22.43; 2018/06/13 13:30
17.68; 21.75; 21.75; 22.00; 22.43; 2018/06/13 14:00
18.06; 21.75; 21.75; 22.00; 22.50; 2018/06/13 14:30
17.50; 21.75; 21.68; 21.93; 22.43; 2018/06/13 15:00
17.81; 21.75; 21.68; 21.93; 22.43; 2018/06/13 15:30
18.12; 21.75; 21.68; 21.93; 22.37; 2018/06/13 16:00
18.75; 21.75; 21.68; 21.93; 22.37; 2018/06/13 16:30
18.87; 21.75; 21.68; 21.93; 22.37; 2018/06/13 17:00
18.93; 21.75; 21.68; 21.93; 22.37; 2018/06/13 17:30
18.50; 21.68; 21.62; 21.87; 22.37; 2018/06/13 18:00
19.00; 21.68; 21.62; 21.87; 22.37; 2018/06/13 18:30
18.50; 21.68; 21.62; 21.87; 22.37; 2018/06/13 19:00
18.56; 21.68; 21.62; 21.81; 22.31; 2018/06/13 19:30
18.31; 21.62; 21.56; 21.81; 22.31; 2018/06/13 20:00
17.93; 21.62; 21.56; 21.81; 22.25; 2018/06/13 20:30
17.62; 21.56; 21.56; 21.81; 22.25; 2018/06/13 21:00
17.31; 21.56; 21.50; 21.75; 22.18; 2018/06/13 21:30
16.62; 21.50; 21.50; 21.75; 22.18; 2018/06/13 22:00
15.81; 21.50; 21.43; 21.75; 22.18; 2018/06/13 22:30
15.31; 21.43; 21.43; 21.68; 22.12; 2018/06/13 23:00
14.62; 21.37; 21.37; 21.68; 22.12; 2018/06/13 23:30
14.37; 21.37; 21.37; 21.62; 22.06; 2018/06/14 00:00
13.81; 21.31; 21.31; 21.62; 22.06; 2018/06/14 00:30
13.37; 21.25; 21.25; 21.56; 22.00; 2018/06/14 01:00
13.31; 21.25; 21.25; 21.56; 22.00; 2018/06/14 01:30
12.75; 21.18; 21.25; 21.50; 21.93; 2018/06/14 02:00
12.62; 21.18; 21.18; 21.50; 21.93; 2018/06/14 02:30
11.93; 21.12; 21.12; 21.43; 21.87; 2018/06/14 03:00
11.93; 21.12; 21.12; 21.37; 21.87; 2018/06/14 03:30
11.93; 21.06; 21.06; 21.37; 21.81; 2018/06/14 04:00
11.81; 21.00; 21.06; 21.31; 21.81; 2018/06/14 04:30
11.50; 21.00; 21.00; 21.25; 21.75; 2018/06/14 05:00
10.81; 20.93; 20.93; 21.25; 21.75; 2018/06/14 05:30
11.18; 20.87; 20.93; 21.18; 21.68; 2018/06/14 06:00
11.25; 20.87; 20.87; 21.12; 21.68; 2018/06/14 06:30
11.43; 20.81; 20.87; 21.06; 21.62; 2018/06/14 07:00
12.00; 20.81; 20.81; 21.06; 21.62; 2018/06/14 07:30
12.62; 20.75; 20.81; 21.00; 21.56; 2018/06/14 08:00
14.18; 20.75; 20.75; 21.00; 21.56; 2018/06/14 08:30
15.12; 20.75; 20.75; 20.93; 21.56; 2018/06/14 09:00
16.00; 20.75; 20.75; 20.93; 21.56; 2018/06/14 09:30
16.56; 20.75; 20.75; 20.93; 21.56; 2018/06/14 10:00
17.25; 20.81; 20.75; 20.87; 21.50; 2018/06/14 10:30
17.81; 20.81; 20.75; 20.87; 21.50; 2018/06/14 11:00
17.87; 20.81; 20.75; 20.93; 21.50; 2018/06/14 11:30
18.18; 20.81; 20.75; 20.87; 21.50; 2018/06/14 12:00
18.37; 20.81; 20.75; 20.87; 21.50; 2018/06/14 12:30
18.87; 20.81; 20.75; 20.87; 21.50; 2018/06/14 13:00
19.43; 20.81; 20.75; 20.87; 21.50; 2018/06/14 13:30
19.62; 20.81; 20.75; 20.87; 21.50; 2018/06/14 14:00
20.12; 20.81; 20.75; 20.87; 21.43; 2018/06/14 14:30
20.12; 20.81; 20.75; 20.87; 21.43; 2018/06/14 15:00
20.62; 20.87; 20.75; 20.87; 21.50; 2018/06/14 15:30
20.62; 20.87; 20.75; 20.87; 21.50; 2018/06/14 16:00
20.81; 20.87; 20.75; 20.87; 21.50; 2018/06/14 16:30
20.50; 20.87; 20.75; 20.87; 21.43; 2018/06/14 17:00
19.37; 20.81; 20.75; 20.87; 21.43; 2018/06/14 17:30
18.31; 20.81; 20.68; 20.81; 21.43; 2018/06/14 18:00
17.81; 20.75; 20.68; 20.81; 21.37; 2018/06/14 18:30
17.62; 20.75; 20.68; 20.87; 21.37; 2018/06/14 19:00
17.43; 20.75; 20.68; 20.87; 21.37; 2018/06/14 19:30
17.25; 20.68; 20.62; 20.87; 21.37; 2018/06/14 20:00
17.25; 20.68; 20.62; 20.87; 21.37; 2018/06/14 20:30
17.18; 20.68; 20.62; 20.87; 21.31; 2018/06/14 21:00
17.18; 20.68; 20.62; 20.87; 21.31; 2018/06/14 21:30
17.12; 20.62; 20.62; 20.87; 21.31; 2018/06/14 22:00
16.87; 20.62; 20.62; 20.87; 21.31; 2018/06/14 22:30
16.87; 20.62; 20.56; 20.87; 21.25; 2018/06/14 23:00
16.75; 20.62; 20.56; 20.81; 21.31; 2018/06/14 23:30
16.62; 20.62; 20.56; 20.81; 21.25; 2018/06/15 00:00
16.50; 20.56; 20.56; 20.81; 21.25; 2018/06/15 00:30
16.50; 20.56; 20.56; 20.81; 21.18; 2018/06/15 01:00
16.50; 20.56; 20.50; 20.75; 21.18; 2018/06/15 01:30
16.56; 20.56; 20.50; 20.75; 21.18; 2018/06/15 02:00
16.37; 20.50; 20.50; 20.75; 21.18; 2018/06/15 02:30
16.56; 20.50; 20.50; 20.75; 21.18; 2018/06/15 03:00
16.50; 20.50; 20.43; 20.75; 21.12; 2018/06/15 03:30
16.50; 20.50; 20.43; 20.75; 21.12; 2018/06/15 04:00
16.50; 20.50; 20.43; 20.75; 21.12; 2018/06/15 04:30
16.37; 20.43; 20.43; 20.68; 21.06; 2018/06/15 05:00
16.18; 20.43; 20.43; 20.68; 21.12; 2018/06/15 05:30
16.31; 20.43; 20.43; 20.68; 21.06; 2018/06/15 06:00
16.31; 20.37; 20.37; 20.68; 21.06; 2018/06/15 06:30
16.43; 20.37; 20.37; 20.62; 21.06; 2018/06/15 07:00
16.56; 20.37; 20.37; 20.62; 21.06; 2018/06/15 07:30
16.43; 20.37; 20.37; 20.62; 21.06; 2018/06/15 08:00
17.00; 20.37; 20.37; 20.62; 21.00; 2018/06/15 08:30
17.25; 20.37; 20.37; 20.62; 21.00; 2018/06/15 09:00
17.50; 20.37; 20.37; 20.62; 21.00; 2018/06/15 09:30
17.68; 20.37; 20.37; 20.56; 21.00; 2018/06/15 10:00
18.25; 20.37; 20.37; 20.62; 21.00; 2018/06/15 10:30
18.62; 20.37; 20.37; 20.62; 21.00; 2018/06/15 11:00
18.87; 20.43; 20.37; 20.56; 21.00; 2018/06/15 11:30
19.31; 20.43; 20.37; 20.62; 21.00; 2018/06/15 12:00
20.06; 20.43; 20.37; 20.62; 21.06; 2018/06/15 12:30
20.43; 20.43; 20.43; 20.62; 21.06; 2018/06/15 13:00
21.31; 20.50; 20.43; 20.68; 21.06; 2018/06/15 13:30
22.06; 20.62; 20.56; 20.81; 21.12; 2018/06/15 14:00
23.00; 20.68; 20.56; 20.62; 21.12; 2018/06/15 14:30
21.87; 20.62; 20.50; 20.68; 21.12; 2018/06/15 15:00
23.06; 20.68; 20.56; 20.81; 21.18; 2018/06/15 15:30
23.37; 22.56; 22.62; 22.18; 23.18; 2018/06/15 16:00
23.25; 22.81; 23.50; 22.50; 24.18; 2018/06/15 16:30
23.18; 22.81; 23.50; 22.12; 24.93; 2018/06/15 17:00
24.31; 23.81; 24.06; 23.06; 24.50; 2018/06/15 17:30
24.00; 23.68; 24.50; 23.06; 25.43; 2018/06/15 18:00
23.56; 23.56; 24.75; 23.12; 25.87; 2018/06/15 18:30
23.18; 22.93; 22.93; 22.68; 23.68; 2018/06/15 19:00
22.93; 22.62; 22.62; 22.68; 23.31; 2018/06/15 19:30
22.12; 23.50; 24.00; 23.25; 25.06; 2018/06/15 20:00
21.43; 22.06; 21.87; 22.25; 22.75; 2018/06/15 20:30
20.81; 21.81; 21.62; 22.12; 22.43; 2018/06/15 21:00
20.43; 21.62; 21.50; 22.00; 22.25; 2018/06/15 21:30
20.06; 21.43; 21.37; 21.93; 22.12; 2018/06/15 22:00
19.56; 21.43; 21.31; 21.93; 22.00; 2018/06/15 22:30
19.06; 21.37; 21.31; 21.87; 22.00; 2018/06/15 23:00
18.68; 21.31; 21.25; 21.81; 21.93; 2018/06/15 23:30
18.37; 21.25; 21.18; 21.75; 21.87; 2018/06/16 00:00
18.31; 21.25; 21.18; 21.75; 21.81; 2018/06/16 00:30
17.93; 21.18; 21.12; 21.68; 21.81; 2018/06/16 01:00
17.81; 21.18; 21.12; 21.62; 21.75; 2018/06/16 01:30
17.31; 21.12; 21.12; 21.62; 21.75; 2018/06/16 02:00
17.00; 21.06; 21.12; 21.62; 21.68; 2018/06/16 02:30
16.62; 21.06; 21.06; 21.56; 21.68; 2018/06/16 03:00
16.56; 21.00; 21.00; 21.56; 21.62; 2018/06/16 03:30
16.43; 21.00; 21.00; 21.50; 21.62; 2018/06/16 04:00
16.00; 21.00; 21.00; 21.43; 21.62; 2018/06/16 04:30
16.06; 20.93; 20.93; 21.43; 21.62; 2018/06/16 05:00
15.81; 20.87; 20.93; 21.37; 21.56; 2018/06/16 05:30
15.68; 20.87; 20.93; 21.37; 21.56; 2018/06/16 06:00
15.56; 20.81; 20.87; 21.31; 21.50; 2018/06/16 06:30
15.68; 20.81; 20.87; 21.31; 21.50; 2018/06/16 07:00
16.06; 20.81; 20.81; 21.25; 21.50; 2018/06/16 07:30
16.50; 20.75; 20.81; 21.25; 21.50; 2018/06/16 08:00
17.25; 20.75; 20.81; 21.18; 21.50; 2018/06/16 08:30
18.31; 20.75; 20.81; 21.18; 21.50; 2018/06/16 09:00
18.81; 20.75; 20.81; 21.18; 21.43; 2018/06/16 09:30
19.37; 20.81; 20.81; 21.18; 21.43; 2018/06/16 10:00
20.12; 20.81; 20.81; 21.18; 21.50; 2018/06/16 10:30
20.87; 20.81; 20.87; 21.18; 21.50; 2018/06/16 11:00
20.93; 20.87; 20.87; 21.18; 21.50; 2018/06/16 11:30
21.37; 20.87; 20.87; 21.18; 21.50; 2018/06/16 12:00
21.68; 20.87; 20.87; 21.18; 21.50; 2018/06/16 12:30
22.06; 20.93; 20.87; 21.18; 21.50; 2018/06/16 13:00
22.56; 20.93; 20.93; 21.25; 21.56; 2018/06/16 13:30
22.31; 21.00; 20.93; 21.25; 21.56; 2018/06/16 14:00
22.93; 21.00; 20.93; 21.31; 21.56; 2018/06/16 14:30
23.50; 21.12; 21.00; 21.31; 21.62; 2018/06/16 15:00
22.43; 21.06; 20.93; 21.31; 21.56; 2018/06/16 15:30
22.56; 21.06; 21.00; 21.31; 21.62; 2018/06/16 16:00
21.43; 21.00; 20.93; 21.31; 21.56; 2018/06/16 16:30
23.18; 21.06; 21.00; 21.37; 21.62; 2018/06/16 17:00
23.56; 21.12; 21.06; 21.43; 21.62; 2018/06/16 17:30
24.18; 21.37; 21.18; 21.56; 21.75; 2018/06/16 18:00
23.43; 21.31; 21.06; 21.50; 21.68; 2018/06/16 18:30
23.12; 21.25; 21.06; 21.50; 21.68; 2018/06/16 19:00
20.62; 21.18; 21.06; 21.50; 21.68; 2018/06/16 19:30
20.06; 21.12; 21.00; 21.50; 21.62; 2018/06/16 20:00
20.06; 21.06; 21.00; 21.50; 21.62; 2018/06/16 20:30
20.00; 21.06; 21.00; 21.43; 21.56; 2018/06/16 21:00
19.87; 21.06; 21.00; 21.50; 21.56; 2018/06/16 21:30
19.12; 21.06; 21.00; 21.50; 21.56; 2018/06/16 22:00
19.25; 21.06; 21.00; 21.50; 21.56; 2018/06/16 22:30
18.87; 21.00; 21.00; 21.50; 21.56; 2018/06/16 23:00
18.75; 21.00; 21.00; 21.43; 21.56; 2018/06/16 23:30
18.56; 21.00; 21.00; 21.43; 21.50; 2018/06/17 00:00
18.31; 21.00; 21.00; 21.43; 21.50; 2018/06/17 00:30
18.06; 21.00; 21.00; 21.43; 21.50; 2018/06/17 01:00
17.75; 20.93; 20.93; 21.43; 21.50; 2018/06/17 01:30
17.56; 20.93; 20.93; 21.37; 21.50; 2018/06/17 02:00
17.25; 20.93; 20.93; 21.37; 21.50; 2018/06/17 02:30
16.75; 20.87; 20.93; 21.37; 21.50; 2018/06/17 03:00
16.43; 20.87; 20.93; 21.31; 21.43; 2018/06/17 03:30
16.06; 20.87; 20.87; 21.31; 21.43; 2018/06/17 04:00
15.68; 20.81; 20.87; 21.31; 21.43; 2018/06/17 04:30
15.50; 20.81; 20.81; 21.25; 21.43; 2018/06/17 05:00
15.37; 20.75; 20.81; 21.18; 21.37; 2018/06/17 05:30
15.62; 20.75; 20.81; 21.18; 21.37; 2018/06/17 06:00
15.62; 20.68; 20.75; 21.18; 21.37; 2018/06/17 06:30
15.75; 20.68; 20.75; 21.12; 21.37; 2018/06/17 07:00
15.68; 20.68; 20.75; 21.12; 21.31; 2018/06/17 07:30
16.18; 20.68; 20.75; 21.06; 21.31; 2018/06/17 08:00
16.62; 20.68; 20.75; 21.06; 21.31; 2018/06/17 08:30
17.00; 20.68; 20.75; 21.06; 21.31; 2018/06/17 09:00
17.25; 20.68; 20.68; 21.06; 21.31; 2018/06/17 09:30
17.68; 20.68; 20.75; 21.06; 21.31; 2018/06/17 10:00
17.81; 20.68; 20.68; 21.00; 21.31; 2018/06/17 10:30
18.12; 20.68; 20.68; 21.00; 21.31; 2018/06/17 11:00
18.25; 20.68; 20.75; 21.00; 21.31; 2018/06/17 11:30
18.31; 20.68; 20.68; 21.00; 21.31; 2018/06/17 12:00
18.56; 20.68; 20.68; 21.00; 21.31; 2018/06/17 12:30
18.56; 20.68; 20.68; 21.00; 21.31; 2018/06/17 13:00
18.87; 20.68; 20.68; 21.00; 21.31; 2018/06/17 13:30
18.75; 20.68; 20.68; 21.00; 21.31; 2018/06/17 14:00
18.68; 20.68; 20.68; 21.00; 21.31; 2018/06/17 14:30
18.68; 20.68; 20.68; 21.00; 21.31; 2018/06/17 15:00
18.93; 20.68; 20.68; 21.00; 21.31; 2018/06/17 15:30
19.31; 20.68; 20.68; 21.00; 21.31; 2018/06/17 16:00
19.50; 20.75; 20.75; 21.00; 21.31; 2018/06/17 16:30
19.62; 20.75; 20.75; 21.06; 21.31; 2018/06/17 17:00
19.50; 20.75; 20.68; 21.00; 21.31; 2018/06/17 17:30
19.43; 20.75; 20.68; 21.00; 21.31; 2018/06/17 18:00
18.93; 20.75; 20.68; 21.00; 21.31; 2018/06/17 18:30
19.25; 20.75; 20.68; 21.00; 21.25; 2018/06/17 19:00
18.75; 20.68; 20.68; 21.00; 21.25; 2018/06/17 19:30
18.56; 20.68; 20.62; 20.93; 21.25; 2018/06/17 20:00
18.37; 20.68; 20.62; 20.93; 21.25; 2018/06/17 20:30
18.25; 20.62; 20.62; 20.93; 21.25; 2018/06/17 21:00
18.18; 20.62; 20.62; 20.93; 21.25; 2018/06/17 21:30
18.00; 20.62; 20.62; 20.93; 21.25; 2018/06/17 22:00
17.87; 20.62; 20.62; 20.93; 21.18; 2018/06/17 22:30
17.62; 20.56; 20.56; 20.93; 21.18; 2018/06/17 23:00
17.31; 20.56; 20.56; 20.93; 21.18; 2018/06/17 23:30
17.37; 20.56; 20.56; 20.87; 21.18; 2018/06/18 00:00
16.87; 20.50; 20.56; 20.87; 21.12; 2018/06/18 00:30
17.00; 20.50; 20.56; 20.87; 21.12; 2018/06/18 01:00
16.93; 20.50; 20.50; 20.87; 21.12; 2018/06/18 01:30
16.87; 20.50; 20.50; 20.81; 21.12; 2018/06/18 02:00
16.43; 20.50; 20.50; 20.81; 21.12; 2018/06/18 02:30
16.62; 20.43; 20.50; 20.81; 21.12; 2018/06/18 03:00
16.75; 20.43; 20.43; 20.81; 21.06; 2018/06/18 03:30
16.68; 20.43; 20.43; 20.75; 21.06; 2018/06/18 04:00
16.68; 20.43; 20.43; 20.75; 21.06; 2018/06/18 04:30
16.68; 20.37; 20.43; 20.75; 21.06; 2018/06/18 05:00
16.68; 20.37; 20.43; 20.75; 21.00; 2018/06/18 05:30
16.93; 20.37; 20.43; 20.68; 21.00; 2018/06/18 06:00
17.06; 20.37; 20.37; 20.68; 21.00; 2018/06/18 06:30
17.06; 20.37; 20.37; 20.68; 21.00; 2018/06/18 07:00
16.93; 20.37; 20.37; 20.68; 21.00; 2018/06/18 07:30
17.25; 20.37; 20.37; 20.68; 21.00; 2018/06/18 08:00
17.18; 20.37; 20.37; 20.62; 21.00; 2018/06/18 08:30
17.56; 20.31; 20.37; 20.62; 21.00; 2018/06/18 09:00
17.68; 20.37; 20.37; 20.62; 20.93; 2018/06/18 09:30
17.56; 20.31; 20.37; 20.62; 20.93; 2018/06/18 10:00
18.25; 20.37; 20.37; 20.62; 20.93; 2018/06/18 10:30
18.68; 20.37; 20.37; 20.62; 21.00; 2018/06/18 11:00
19.43; 20.37; 20.37; 20.62; 21.00; 2018/06/18 11:30
19.37; 20.43; 20.37; 20.62; 20.93; 2018/06/18 12:00
19.37; 20.37; 20.37; 20.62; 20.93; 2018/06/18 12:30
20.31; 20.43; 20.43; 20.68; 21.00; 2018/06/18 13:00
20.31; 20.50; 20.43; 20.68; 21.00; 2018/06/18 13:30
20.12; 20.43; 20.43; 20.62; 21.00; 2018/06/18 14:00
20.18; 20.43; 20.37; 20.62; 21.00; 2018/06/18 14:30
19.93; 20.43; 20.43; 20.62; 21.00; 2018/06/18 15:00
19.50; 20.43; 20.43; 20.62; 21.00; 2018/06/18 15:30
19.43; 20.43; 20.37; 20.62; 21.00; 2018/06/18 16:00
19.06; 20.43; 20.37; 20.68; 20.93; 2018/06/18 16:30
20.00; 20.43; 20.43; 20.68; 20.93; 2018/06/18 17:00
20.00; 20.43; 20.43; 20.68; 20.93; 2018/06/18 17:30
20.56; 20.43; 20.43; 20.75; 21.00; 2018/06/18 18:00
20.56; 20.50; 20.43; 20.75; 21.00; 2018/06/18 18:30
20.81; 20.50; 20.50; 20.81; 21.00; 2018/06/18 19:00
20.56; 20.50; 20.43; 20.75; 21.00; 2018/06/18 19:30
20.56; 20.50; 20.43; 20.75; 21.00; 2018/06/18 20:00
20.62; 20.50; 20.43; 20.81; 21.00; 2018/06/18 20:30
20.43; 20.50; 20.43; 20.81; 21.00; 2018/06/18 21:00
19.81; 20.50; 20.43; 20.81; 21.00; 2018/06/18 21:30
19.50; 20.50; 20.43; 20.81; 21.00; 2018/06/18 22:00
19.43; 20.43; 20.43; 20.75; 20.93; 2018/06/18 22:30
19.43; 20.50; 20.43; 20.81; 20.93; 2018/06/18 23:00
19.18; 20.43; 20.43; 20.75; 20.93; 2018/06/18 23:30
19.06; 20.43; 20.43; 20.75; 20.93; 2018/06/19 00:00
18.87; 20.43; 20.43; 20.75; 20.93; 2018/06/19 00:30
18.68; 20.43; 20.43; 20.75; 20.93; 2018/06/19 01:00
18.25; 20.43; 20.43; 20.75; 20.93; 2018/06/19 01:30
17.81; 20.37; 20.37; 20.75; 20.93; 2018/06/19 02:00
17.43; 20.37; 20.37; 20.75; 20.93; 2018/06/19 02:30
17.12; 20.37; 20.37; 20.68; 20.93; 2018/06/19 03:00
16.93; 20.37; 20.37; 20.68; 20.87; 2018/06/19 03:30
16.75; 20.31; 20.31; 20.68; 20.87; 2018/06/19 04:00
16.50; 20.31; 20.31; 20.68; 20.87; 2018/06/19 04:30
15.93; 20.31; 20.31; 20.62; 20.87; 2018/06/19 05:00
16.56; 20.31; 20.31; 20.62; 20.87; 2018/06/19 05:30
16.62; 20.31; 20.31; 20.62; 20.81; 2018/06/19 06:00
16.62; 20.25; 20.31; 20.62; 20.81; 2018/06/19 06:30
16.50; 20.25; 20.31; 20.56; 20.81; 2018/06/19 07:00
16.43; 20.25; 20.25; 20.56; 20.81; 2018/06/19 07:30
16.68; 20.25; 20.25; 20.56; 20.81; 2018/06/19 08:00
16.56; 20.25; 20.25; 20.56; 20.81; 2018/06/19 08:30
16.87; 20.25; 20.25; 20.56; 20.81; 2018/06/19 09:00
17.06; 20.25; 20.25; 20.50; 20.81; 2018/06/19 09:30
17.00; 20.25; 20.25; 20.50; 20.75; 2018/06/19 10:00
17.18; 20.18; 20.25; 20.50; 20.75; 2018/06/19 10:30
17.18; 20.18; 20.25; 20.50; 20.75; 2018/06/19 11:00
17.37; 20.18; 20.25; 20.50; 20.75; 2018/06/19 11:30
17.37; 20.18; 20.18; 20.50; 20.75; 2018/06/19 12:00
17.68; 20.18; 20.18; 20.43; 20.75; 2018/06/19 12:30
17.93; 20.18; 20.25; 20.50; 20.75; 2018/06/19 13:00
18.12; 20.18; 20.18; 20.43; 20.75; 2018/06/19 13:30
18.43; 20.18; 20.25; 20.43; 20.75; 2018/06/19 14:00
19.00; 20.18; 20.25; 20.43; 20.75; 2018/06/19 14:30
19.12; 20.25; 20.25; 20.43; 20.75; 2018/06/19 15:00
19.31; 20.25; 20.25; 20.43; 20.75; 2018/06/19 15:30
19.50; 20.25; 20.25; 20.43; 20.75; 2018/06/19 16:00
20.12; 20.25; 20.25; 20.43; 20.75; 2018/06/19 16:30
20.25; 20.25; 20.25; 20.43; 20.75; 2018/06/19 17:00
20.56; 20.31; 20.25; 20.50; 20.75; 2018/06/19 17:30
20.62; 20.31; 20.25; 20.50; 20.81; 2018/06/19 18:00
20.75; 20.31; 20.31; 20.50; 20.81; 2018/06/19 18:30
20.81; 20.31; 20.31; 20.50; 20.81; 2018/06/19 19:00
20.81; 20.31; 20.31; 20.50; 20.81; 2018/06/19 19:30
20.68; 20.31; 20.31; 20.50; 20.81; 2018/06/19 20:00
20.56; 20.31; 20.31; 20.50; 20.81; 2018/06/19 20:30
20.43; 20.31; 20.31; 20.50; 20.81; 2018/06/19 21:00
20.00; 20.31; 20.31; 20.50; 20.81; 2018/06/19 21:30
19.81; 20.31; 20.31; 20.50; 20.81; 2018/06/19 22:00
19.62; 20.31; 20.31; 20.56; 20.75; 2018/06/19 22:30
19.50; 20.31; 20.31; 20.56; 20.75; 2018/06/19 23:00
19.37; 20.31; 20.31; 20.56; 20.75; 2018/06/19 23:30
19.25; 20.31; 20.25; 20.56; 20.75; 2018/06/20 00:00
19.18; 20.31; 20.25; 20.56; 20.75; 2018/06/20 00:30
19.00; 20.31; 20.25; 20.56; 20.75; 2018/06/20 01:00
19.00; 20.31; 20.25; 20.56; 20.75; 2018/06/20 01:30
18.87; 20.25; 20.25; 20.56; 20.75; 2018/06/20 02:00
18.75; 20.25; 20.25; 20.56; 20.75; 2018/06/20 02:30
18.62; 20.25; 20.25; 20.56; 20.75; 2018/06/20 03:00
18.50; 20.25; 20.25; 20.56; 20.75; 2018/06/20 03:30
18.56; 20.25; 20.25; 20.56; 20.75; 2018/06/20 04:00
18.43; 20.25; 20.25; 20.56; 20.68; 2018/06/20 04:30
18.50; 20.25; 20.25; 20.56; 20.68; 2018/06/20 05:00
18.43; 20.25; 20.25; 20.56; 20.68; 2018/06/20 05:30
18.43; 20.25; 20.25; 20.50; 20.68; 2018/06/20 06:00
18.31; 20.25; 20.25; 20.50; 20.68; 2018/06/20 06:30
18.50; 20.25; 20.25; 20.50; 20.68; 2018/06/20 07:00
18.75; 20.25; 20.25; 20.50; 20.68; 2018/06/20 07:30
19.00; 20.25; 20.25; 20.50; 20.68; 2018/06/20 08:00
19.18; 20.25; 20.25; 20.50; 20.68; 2018/06/20 08:30
19.43; 20.25; 20.25; 20.50; 20.68; 2018/06/20 09:00
19.75; 20.25; 20.25; 20.50; 20.68; 2018/06/20 09:30
20.31; 20.25; 20.25; 20.56; 20.68; 2018/06/20 10:00
20.43; 20.31; 20.31; 20.56; 20.68; 2018/06/20 10:30
21.00; 20.31; 20.31; 20.56; 20.75; 2018/06/20 11:00
21.37; 20.31; 20.31; 20.56; 20.75; 2018/06/20 11:30
21.68; 20.37; 20.37; 20.56; 20.81; 2018/06/20 12:00
22.75; 20.43; 20.37; 20.62; 20.81; 2018/06/20 12:30
22.62; 20.50; 20.43; 20.62; 20.81; 2018/06/20 13:00
22.87; 20.50; 20.43; 20.68; 20.87; 2018/06/20 13:30
24.31; 20.62; 20.50; 20.81; 20.93; 2018/06/20 14:00
25.00; 20.68; 20.50; 20.81; 20.93; 2018/06/20 14:30
25.43; 20.75; 20.56; 20.93; 21.00; 2018/06/20 15:00
26.00; 20.87; 20.62; 21.00; 21.06; 2018/06/20 15:30
26.37; 20.87; 20.68; 21.12; 21.12; 2018/06/20 16:00
26.75; 20.93; 20.68; 21.18; 21.12; 2018/06/20 16:30
26.12; 20.93; 20.75; 21.18; 21.12; 2018/06/20 17:00
26.81; 21.00; 20.81; 21.25; 21.18; 2018/06/20 17:30
25.81; 21.06; 20.81; 21.25; 21.18; 2018/06/20 18:00
26.00; 21.06; 20.87; 21.31; 21.18; 2018/06/20 18:30
26.50; 21.12; 20.93; 21.31; 21.18; 2018/06/20 19:00
25.25; 21.06; 20.87; 21.31; 21.18; 2018/06/20 19:30
24.68; 21.06; 20.87; 21.37; 21.25; 2018/06/20 20:00
24.06; 21.06; 20.87; 21.37; 21.18; 2018/06/20 20:30
23.50; 21.06; 20.87; 21.37; 21.18; 2018/06/20 21:00
23.06; 21.06; 20.87; 21.43; 21.18; 2018/06/20 21:30
22.56; 21.06; 20.87; 21.43; 21.25; 2018/06/20 22:00
22.06; 21.06; 20.87; 21.43; 21.18; 2018/06/20 22:30
21.62; 21.00; 20.87; 21.43; 21.18; 2018/06/20 23:00
21.25; 21.00; 20.87; 21.43; 21.18; 2018/06/20 23:30
20.75; 21.00; 20.87; 21.43; 21.18; 2018/06/21 00:00
20.25; 21.00; 20.93; 21.43; 21.18; 2018/06/21 00:30
19.68; 20.93; 20.87; 21.43; 21.18; 2018/06/21 01:00
19.37; 20.93; 20.87; 21.43; 21.18; 2018/06/21 01:30
19.00; 20.93; 20.87; 21.43; 21.18; 2018/06/21 02:00
18.68; 20.93; 20.87; 21.43; 21.18; 2018/06/21 02:30
18.56; 20.93; 20.87; 21.37; 21.18; 2018/06/21 03:00
18.18; 20.87; 20.87; 21.37; 21.18; 2018/06/21 03:30
17.93; 20.87; 20.87; 21.31; 21.18; 2018/06/21 04:00
17.43; 20.87; 20.87; 21.31; 21.12; 2018/06/21 04:30
17.18; 20.87; 20.81; 21.31; 21.12; 2018/06/21 05:00
16.87; 20.81; 20.81; 21.25; 21.12; 2018/06/21 05:30
16.87; 20.81; 20.81; 21.25; 21.12; 2018/06/21 06:00
17.06; 20.81; 20.81; 21.18; 21.12; 2018/06/21 06:30
17.56; 20.81; 20.81; 21.18; 21.12; 2018/06/21 07:00
18.18; 20.75; 20.75; 21.18; 21.12; 2018/06/21 07:30
18.12; 20.75; 20.75; 21.18; 21.12; 2018/06/21 08:00
18.00; 20.75; 20.75; 21.12; 21.12; 2018/06/21 08:30
17.75; 20.75; 20.75; 21.12; 21.12; 2018/06/21 09:00
17.75; 20.75; 20.75; 21.12; 21.12; 2018/06/21 09:30
17.75; 20.75; 20.75; 21.12; 21.12; 2018/06/21 10:00
18.06; 20.75; 20.75; 21.06; 21.12; 2018/06/21 10:30
17.93; 20.75; 20.81; 21.06; 21.12; 2018/06/21 11:00
18.06; 20.75; 20.75; 21.06; 21.12; 2018/06/21 11:30
18.50; 20.75; 20.81; 21.06; 21.12; 2018/06/21 12:00
18.68; 20.75; 20.81; 21.06; 21.12; 2018/06/21 12:30
19.50; 20.81; 20.81; 21.12; 21.18; 2018/06/21 13:00
19.68; 20.81; 20.81; 21.12; 21.18; 2018/06/21 13:30
19.81; 20.87; 20.81; 21.12; 21.18; 2018/06/21 14:00
20.31; 20.87; 20.87; 21.18; 21.18; 2018/06/21 14:30
20.12; 20.93; 20.87; 21.25; 21.18; 2018/06/21 15:00
20.06; 20.93; 20.87; 21.25; 21.18; 2018/06/21 15:30
19.62; 20.93; 20.81; 21.25; 21.18; 2018/06/21 16:00
19.25; 20.87; 20.81; 21.18; 21.18; 2018/06/21 16:30
20.25; 20.93; 20.87; 21.25; 21.18; 2018/06/21 17:00
19.43; 20.93; 20.87; 21.25; 21.25; 2018/06/21 17:30
18.81; 20.93; 20.81; 21.25; 21.18; 2018/06/21 18:00
19.56; 20.93; 20.81; 21.25; 21.18; 2018/06/21 18:30
18.25; 20.87; 20.75; 21.25; 21.18; 2018/06/21 19:00
18.37; 20.81; 20.75; 21.18; 21.12; 2018/06/21 19:30
17.68; 20.81; 20.75; 21.18; 21.12; 2018/06/21 20:00
17.50; 20.75; 20.68; 21.18; 21.12; 2018/06/21 20:30
17.18; 20.75; 20.68; 21.12; 21.12; 2018/06/21 21:00
16.81; 20.75; 20.68; 21.12; 21.12; 2018/06/21 21:30
16.62; 20.68; 20.68; 21.12; 21.06; 2018/06/21 22:00
16.06; 20.68; 20.68; 21.06; 21.06; 2018/06/21 22:30
15.62; 20.62; 20.62; 21.06; 21.06; 2018/06/21 23:00
15.56; 20.62; 20.62; 21.00; 21.06; 2018/06/21 23:30
14.81; 20.56; 20.62; 21.00; 21.06; 2018/06/22 00:00
14.93; 20.56; 20.62; 21.00; 21.00; 2018/06/22 00:30
14.81; 20.56; 20.56; 20.93; 21.00; 2018/06/22 01:00
14.37; 20.50; 20.50; 20.93; 21.00; 2018/06/22 01:30
14.00; 20.50; 20.50; 20.87; 20.93; 2018/06/22 02:00
14.00; 20.43; 20.50; 20.87; 20.93; 2018/06/22 02:30
14.06; 20.43; 20.43; 20.81; 20.93; 2018/06/22 03:00
13.62; 20.37; 20.43; 20.75; 20.87; 2018/06/22 03:30
13.25; 20.37; 20.37; 20.75; 20.87; 2018/06/22 04:00
13.25; 20.31; 20.37; 20.75; 20.87; 2018/06/22 04:30
13.37; 20.31; 20.37; 20.68; 20.87; 2018/06/22 05:00
13.31; 20.25; 20.31; 20.62; 20.87; 2018/06/22 05:30
13.43; 20.25; 20.31; 20.62; 20.81; 2018/06/22 06:00
13.43; 20.25; 20.25; 20.56; 20.81; 2018/06/22 06:30
13.43; 20.18; 20.25; 20.56; 20.75; 2018/06/22 07:00
13.75; 20.18; 20.25; 20.50; 20.75; 2018/06/22 07:30
13.37; 20.18; 20.18; 20.50; 20.75; 2018/06/22 08:00
13.31; 20.12; 20.18; 20.50; 20.68; 2018/06/22 08:30
13.68; 20.12; 20.18; 20.43; 20.75; 2018/06/22 09:00
13.93; 20.12; 20.12; 20.43; 20.68; 2018/06/22 09:30
14.06; 20.12; 20.12; 20.37; 20.68; 2018/06/22 10:00
13.87; 20.06; 20.12; 20.37; 20.68; 2018/06/22 10:30
13.56; 20.06; 20.06; 20.37; 20.62; 2018/06/22 11:00
14.43; 20.06; 20.12; 20.37; 20.62; 2018/06/22 11:30
14.62; 20.06; 20.06; 20.31; 20.62; 2018/06/22 12:00
15.37; 20.06; 20.06; 20.31; 20.62; 2018/06/22 12:30
14.75; 20.06; 20.06; 20.31; 20.62; 2018/06/22 13:00
16.00; 20.06; 20.06; 20.31; 20.62; 2018/06/22 13:30
16.12; 20.06; 20.06; 20.31; 20.62; 2018/06/22 14:00
16.81; 20.12; 20.06; 20.31; 20.62; 2018/06/22 14:30
16.00; 20.06; 20.00; 20.25; 20.62; 2018/06/22 15:00
16.50; 20.06; 20.00; 20.25; 20.62; 2018/06/22 15:30
16.56; 20.06; 20.00; 20.25; 20.62; 2018/06/22 16:00
16.06; 20.00; 20.00; 20.18; 20.56; 2018/06/22 16:30
16.75; 20.00; 20.00; 20.18; 20.56; 2018/06/22 17:00
17.56; 20.06; 20.25; 20.06; 20.87; 2018/06/22 17:30
18.56; 19.56; 20.62; 20.18; 21.12; 2018/06/22 18:00
18.93; 20.81; 21.00; 20.43; 21.31; 2018/06/22 18:30
18.43; 21.56; 22.00; 20.93; 22.37; 2018/06/22 19:00
18.06; 21.18; 21.43; 20.87; 21.87; 2018/06/22 19:30
18.25; 21.37; 22.00; 20.81; 22.75; 2018/06/22 20:00
16.75; 20.37; 20.43; 20.50; 21.00; 2018/06/22 20:30
16.75; 20.18; 20.18; 20.37; 20.81; 2018/06/22 21:00
16.25; 20.06; 20.06; 20.25; 20.68; 2018/06/22 21:30
15.68; 20.00; 20.00; 20.18; 20.62; 2018/06/22 22:00
15.62; 19.93; 19.93; 20.18; 20.56; 2018/06/22 22:30
14.81; 19.93; 19.93; 20.12; 20.50; 2018/06/22 23:00
14.75; 19.87; 19.87; 20.12; 20.50; 2018/06/22 23:30
14.37; 19.81; 19.87; 20.06; 20.43; 2018/06/23 00:00
14.37; 19.81; 19.87; 20.06; 20.43; 2018/06/23 00:30
14.43; 19.75; 19.81; 20.06; 20.37; 2018/06/23 01:00
14.50; 19.75; 19.81; 20.00; 20.37; 2018/06/23 01:30
14.56; 19.75; 19.75; 20.00; 20.37; 2018/06/23 02:00
14.37; 19.68; 19.75; 20.00; 20.37; 2018/06/23 02:30
14.06; 19.68; 19.75; 19.93; 20.31; 2018/06/23 03:00
13.81; 19.62; 19.68; 19.93; 20.31; 2018/06/23 03:30
13.81; 19.62; 19.68; 19.87; 20.31; 2018/06/23 04:00
13.43; 19.62; 19.68; 19.87; 20.25; 2018/06/23 04:30
13.56; 19.56; 19.62; 19.87; 20.25; 2018/06/23 05:00
13.25; 19.56; 19.62; 19.81; 20.18; 2018/06/23 05:30
12.93; 19.50; 19.56; 19.81; 20.18; 2018/06/23 06:00
13.18; 19.50; 19.56; 19.75; 20.18; 2018/06/23 06:30
12.68; 19.50; 19.50; 19.75; 20.12; 2018/06/23 07:00
13.00; 19.43; 19.50; 19.68; 20.12; 2018/06/23 07:30
13.31; 19.43; 19.50; 19.68; 20.12; 2018/06/23 08:00
13.37; 19.43; 19.43; 19.68; 20.12; 2018/06/23 08:30
13.43; 19.43; 19.43; 19.62; 20.06; 2018/06/23 09:00
13.31; 19.37; 19.43; 19.62; 20.06; 2018/06/23 09:30
13.68; 19.37; 19.43; 19.62; 20.06; 2018/06/23 10:00
14.50; 19.37; 19.43; 19.56; 20.06; 2018/06/23 10:30
15.56; 19.43; 19.43; 19.56; 20.06; 2018/06/23 11:00
15.56; 19.37; 19.37; 19.56; 20.06; 2018/06/23 11:30
16.37; 19.43; 19.43; 19.56; 20.06; 2018/06/23 12:00
15.68; 19.37; 19.37; 19.50; 20.00; 2018/06/23 12:30
15.93; 19.37; 19.37; 19.50; 20.00; 2018/06/23 13:00
16.12; 19.37; 19.37; 19.50; 20.00; 2018/06/23 13:30
16.50; 19.37; 19.37; 19.50; 20.00; 2018/06/23 14:00
17.25; 19.37; 19.37; 19.50; 20.00; 2018/06/23 14:30
17.18; 19.43; 19.37; 19.50; 20.00; 2018/06/23 15:00
18.37; 19.43; 19.37; 19.56; 20.00; 2018/06/23 15:30
18.06; 19.50; 19.37; 19.56; 20.06; 2018/06/23 16:00
17.25; 19.43; 19.37; 19.50; 20.00; 2018/06/23 16:30
17.62; 19.43; 19.37; 19.50; 20.00; 2018/06/23 17:00
18.31; 19.43; 19.37; 19.56; 20.00; 2018/06/23 17:30
17.93; 19.75; 19.56; 19.81; 20.25; 2018/06/23 18:00
18.93; 21.81; 22.18; 20.75; 22.37; 2018/06/23 18:30
18.68; 22.37; 23.31; 21.56; 23.87; 2018/06/23 19:00
18.87; 23.18; 24.00; 22.12; 24.31; 2018/06/23 19:30
18.31; 20.68; 20.75; 20.50; 21.43; 2018/06/23 20:00
17.87; 20.12; 20.06; 20.12; 20.87; 2018/06/23 20:30
17.31; 19.93; 19.87; 20.00; 20.62; 2018/06/23 21:00
17.00; 19.81; 19.75; 19.87; 20.50; 2018/06/23 21:30
16.43; 19.68; 19.68; 19.81; 20.37; 2018/06/23 22:00
16.12; 19.62; 19.62; 19.75; 20.31; 2018/06/23 22:30
15.68; 19.56; 19.56; 19.75; 20.18; 2018/06/23 23:00
15.18; 19.56; 19.56; 19.68; 20.18; 2018/06/23 23:30
14.93; 19.50; 19.50; 19.68; 20.12; 2018/06/24 00:00
14.75; 19.50; 19.50; 19.68; 20.06; 2018/06/24 00:30
14.50; 19.43; 19.43; 19.62; 20.06; 2018/06/24 01:00
14.25; 19.37; 19.43; 19.62; 20.06; 2018/06/24 01:30
14.12; 19.37; 19.37; 19.62; 20.00; 2018/06/24 02:00
13.93; 19.31; 19.37; 19.62; 20.00; 2018/06/24 02:30
13.75; 19.31; 19.37; 19.56; 19.93; 2018/06/24 03:00
13.62; 19.25; 19.31; 19.56; 19.93; 2018/06/24 03:30
13.37; 19.25; 19.31; 19.56; 19.93; 2018/06/24 04:00
13.37; 19.18; 19.25; 19.50; 19.87; 2018/06/24 04:30
13.37; 19.18; 19.25; 19.50; 19.87; 2018/06/24 05:00
13.43; 19.18; 19.25; 19.43; 19.87; 2018/06/24 05:30
13.37; 19.12; 19.18; 19.43; 19.81; 2018/06/24 06:00
13.37; 19.12; 19.18; 19.37; 19.81; 2018/06/24 06:30
13.43; 19.12; 19.18; 19.37; 19.75; 2018/06/24 07:00
13.81; 19.06; 19.12; 19.37; 19.75; 2018/06/24 07:30
14.25; 19.06; 19.12; 19.31; 19.75; 2018/06/24 08:00
14.75; 19.06; 19.12; 19.31; 19.75; 2018/06/24 08:30
15.12; 19.06; 19.12; 19.31; 19.75; 2018/06/24 09:00
15.68; 19.06; 19.12; 19.25; 19.75; 2018/06/24 09:30
15.68; 19.06; 19.12; 19.25; 19.75; 2018/06/24 10:00
15.81; 19.06; 19.06; 19.25; 19.75; 2018/06/24 10:30
16.00; 19.06; 19.06; 19.25; 19.68; 2018/06/24 11:00
16.31; 19.06; 19.06; 19.18; 19.75; 2018/06/24 11:30
16.50; 19.06; 19.06; 19.18; 19.68; 2018/06/24 12:00
17.75; 19.12; 19.12; 19.25; 19.75; 2018/06/24 12:30
17.75; 19.12; 19.12; 19.18; 19.75; 2018/06/24 13:00
17.93; 19.12; 19.12; 19.18; 19.75; 2018/06/24 13:30
18.06; 19.12; 19.12; 19.18; 19.75; 2018/06/24 14:00
18.25; 19.18; 19.12; 19.25; 19.75; 2018/06/24 14:30
18.12; 19.18; 19.12; 19.25; 19.75; 2018/06/24 15:00
18.12; 19.12; 19.06; 19.25; 19.68; 2018/06/24 15:30
17.87; 19.12; 19.06; 19.25; 19.68; 2018/06/24 16:00
18.06; 19.12; 19.06; 19.18; 19.68; 2018/06/24 16:30
17.93; 19.12; 19.06; 19.25; 19.68; 2018/06/24 17:00
17.75; 19.12; 19.06; 19.25; 19.68; 2018/06/24 17:30
17.56; 19.12; 19.06; 19.18; 19.62; 2018/06/24 18:00
17.06; 19.06; 19.00; 19.18; 19.62; 2018/06/24 18:30
17.00; 19.06; 19.00; 19.18; 19.62; 2018/06/24 19:00
16.81; 19.06; 19.00; 19.18; 19.56; 2018/06/24 19:30
16.81; 19.00; 19.00; 19.18; 19.62; 2018/06/24 20:00
16.62; 19.00; 19.00; 19.18; 19.56; 2018/06/24 20:30
16.50; 19.00; 19.00; 19.25; 19.56; 2018/06/24 21:00
16.56; 19.00; 19.00; 19.25; 19.56; 2018/06/24 21:30
16.50; 19.00; 18.93; 19.25; 19.56; 2018/06/24 22:00
16.12; 18.93; 18.93; 19.25; 19.56; 2018/06/24 22:30
16.18; 18.93; 18.93; 19.25; 19.56; 2018/06/24 23:00
16.06; 18.93; 18.93; 19.25; 19.50; 2018/06/24 23:30
15.87; 18.93; 18.93; 19.25; 19.50; 2018/06/25 00:00
15.81; 18.93; 18.93; 19.18; 19.43; 2018/06/25 00:30
15.68; 18.87; 18.87; 19.18; 19.43; 2018/06/25 01:00
15.75; 18.87; 18.87; 19.18; 19.43; 2018/06/25 01:30
15.68; 18.87; 18.87; 19.18; 19.43; 2018/06/25 02:00
15.75; 18.87; 18.87; 19.18; 19.43; 2018/06/25 02:30
15.37; 18.87; 18.87; 19.12; 19.43; 2018/06/25 03:00
15.56; 18.81; 18.87; 19.12; 19.37; 2018/06/25 03:30
15.37; 18.81; 18.81; 19.12; 19.37; 2018/06/25 04:00
15.25; 18.81; 18.81; 19.12; 19.37; 2018/06/25 04:30
15.18; 18.81; 18.81; 19.12; 19.37; 2018/06/25 05:00
15.12; 18.81; 18.81; 19.06; 19.37; 2018/06/25 05:30
15.12; 18.75; 18.75; 19.06; 19.37; 2018/06/25 06:00
15.12; 18.75; 18.75; 19.06; 19.31; 2018/06/25 06:30
15.18; 18.75; 18.75; 19.06; 19.31; 2018/06/25 07:00
15.25; 18.75; 18.75; 19.00; 19.31; 2018/06/25 07:30
15.31; 18.75; 18.75; 19.00; 19.31; 2018/06/25 08:00
15.31; 18.68; 18.75; 19.00; 19.25; 2018/06/25 08:30
15.18; 18.68; 18.68; 19.00; 19.25; 2018/06/25 09:00
15.43; 18.68; 18.68; 18.93; 19.25; 2018/06/25 09:30
15.68; 18.68; 18.68; 18.93; 19.25; 2018/06/25 10:00
15.87; 18.68; 18.68; 18.93; 19.25; 2018/06/25 10:30
16.18; 18.68; 18.68; 18.93; 19.25; 2018/06/25 11:00
16.68; 18.68; 18.68; 18.93; 19.25; 2018/06/25 11:30
16.93; 18.68; 18.68; 18.87; 19.25; 2018/06/25 12:00
17.00; 18.75; 18.68; 18.87; 19.25; 2018/06/25 12:30
17.43; 18.75; 18.68; 18.87; 19.25; 2018/06/25 13:00
17.37; 18.75; 18.68; 18.87; 19.25; 2018/06/25 13:30
17.62; 18.68; 18.68; 18.87; 19.25; 2018/06/25 14:00
18.00; 18.75; 18.68; 18.87; 19.25; 2018/06/25 14:30
19.18; 18.75; 18.75; 18.93; 19.31; 2018/06/25 15:00
19.68; 18.81; 18.75; 18.93; 19.31; 2018/06/25 15:30
20.18; 18.87; 18.81; 19.00; 19.31; 2018/06/25 16:00
20.37; 18.87; 18.81; 18.93; 19.37; 2018/06/25 16:30
21.06; 18.93; 18.87; 19.00; 19.37; 2018/06/25 17:00
21.81; 19.00; 18.87; 19.06; 19.43; 2018/06/25 17:30
20.56; 19.00; 18.87; 19.00; 19.43; 2018/06/25 18:00
20.37; 19.00; 18.87; 19.00; 19.37; 2018/06/25 18:30
21.00; 19.00; 18.93; 19.06; 19.37; 2018/06/25 19:00
20.12; 19.00; 18.87; 19.06; 19.37; 2018/06/25 19:30
19.75; 18.93; 18.87; 19.06; 19.37; 2018/06/25 20:00
19.56; 18.93; 18.87; 19.12; 19.37; 2018/06/25 20:30
19.12; 18.93; 18.87; 19.12; 19.37; 2018/06/25 21:00
18.75; 18.93; 18.81; 19.12; 19.37; 2018/06/25 21:30
18.25; 18.87; 18.81; 19.18; 19.31; 2018/06/25 22:00
17.68; 18.87; 18.81; 19.18; 19.31; 2018/06/25 22:30
17.37; 18.87; 18.81; 19.18; 19.31; 2018/06/25 23:00
17.06; 18.87; 18.81; 19.18; 19.31; 2018/06/25 23:30
16.75; 18.87; 18.81; 19.18; 19.25; 2018/06/26 00:00
16.31; 18.81; 18.81; 19.12; 19.25; 2018/06/26 00:30
16.00; 18.81; 18.81; 19.12; 19.25; 2018/06/26 01:00
15.81; 18.81; 18.81; 19.12; 19.25; 2018/06/26 01:30
15.25; 18.75; 18.75; 19.12; 19.18; 2018/06/26 02:00
15.06; 18.75; 18.75; 19.12; 19.18; 2018/06/26 02:30
14.62; 18.75; 18.75; 19.12; 19.18; 2018/06/26 03:00
14.50; 18.68; 18.75; 19.06; 19.18; 2018/06/26 03:30
14.68; 18.68; 18.75; 19.06; 19.18; 2018/06/26 04:00
14.81; 18.68; 18.68; 19.06; 19.18; 2018/06/26 04:30
14.37; 18.62; 18.68; 19.00; 19.12; 2018/06/26 05:00
14.06; 18.62; 18.68; 19.00; 19.12; 2018/06/26 05:30
14.25; 18.62; 18.68; 19.00; 19.12; 2018/06/26 06:00
14.37; 18.62; 18.62; 18.93; 19.12; 2018/06/26 06:30
14.43; 18.62; 18.62; 18.93; 19.12; 2018/06/26 07:00
14.56; 18.56; 18.62; 18.93; 19.06; 2018/06/26 07:30
14.56; 18.56; 18.62; 18.87; 19.06; 2018/06/26 08:00
14.75; 18.56; 18.62; 18.87; 19.06; 2018/06/26 08:30
15.12; 18.56; 18.62; 18.87; 19.06; 2018/06/26 09:00
15.25; 18.56; 18.62; 18.87; 19.06; 2018/06/26 09:30
15.62; 18.56; 18.62; 18.87; 19.06; 2018/06/26 10:00
16.25; 18.62; 18.62; 18.87; 19.06; 2018/06/26 10:30
16.62; 18.62; 18.62; 18.87; 19.12; 2018/06/26 11:00
16.25; 18.62; 18.62; 18.87; 19.06; 2018/06/26 11:30
16.06; 18.62; 18.62; 18.81; 19.06; 2018/06/26 12:00
16.18; 18.62; 18.62; 18.81; 19.06; 2018/06/26 12:30
16.31; 18.62; 18.56; 18.81; 19.06; 2018/06/26 13:00
16.56; 18.62; 18.56; 18.81; 19.06; 2018/06/26 13:30
16.75; 18.62; 18.56; 18.81; 19.06; 2018/06/26 14:00
16.93; 18.62; 18.62; 18.81; 19.06; 2018/06/26 14:30
17.12; 18.62; 18.56; 18.81; 19.06; 2018/06/26 15:00
17.25; 18.62; 18.62; 18.81; 19.06; 2018/06/26 15:30
17.25; 18.62; 18.62; 18.81; 19.06; 2018/06/26 16:00
17.62; 18.62; 18.56; 18.81; 19.06; 2018/06/26 16:30
17.68; 18.62; 18.62; 18.81; 19.06; 2018/06/26 17:00
18.06; 18.68; 18.62; 18.81; 19.06; 2018/06/26 17:30
17.81; 18.68; 18.62; 18.81; 19.06; 2018/06/26 18:00
18.06; 18.68; 18.62; 18.87; 19.06; 2018/06/26 18:30
18.75; 18.68; 18.68; 18.87; 19.12; 2018/06/26 19:00
17.93; 18.68; 18.62; 18.81; 19.12; 2018/06/26 19:30
17.43; 18.68; 18.62; 18.87; 19.06; 2018/06/26 20:00
17.37; 18.62; 18.62; 18.81; 19.06; 2018/06/26 20:30
17.12; 18.62; 18.56; 18.81; 19.06; 2018/06/26 21:00
16.62; 18.62; 18.56; 18.81; 19.06; 2018/06/26 21:30
16.50; 18.56; 18.56; 18.81; 19.00; 2018/06/26 22:00
16.18; 18.56; 18.56; 18.81; 19.00; 2018/06/26 22:30
15.68; 18.56; 18.56; 18.81; 19.00; 2018/06/26 23:00
15.37; 18.56; 18.56; 18.81; 19.00; 2018/06/26 23:30
14.93; 18.50; 18.50; 18.81; 18.93; 2018/06/27 00:00
14.56; 18.50; 18.50; 18.81; 18.93; 2018/06/27 00:30
14.12; 18.43; 18.50; 18.81; 18.93; 2018/06/27 01:00
13.93; 18.43; 18.50; 18.75; 18.93; 2018/06/27 01:30
13.81; 18.43; 18.50; 18.75; 18.93; 2018/06/27 02:00
13.31; 18.37; 18.43; 18.75; 18.87; 2018/06/27 02:30
13.25; 18.37; 18.43; 18.68; 18.87; 2018/06/27 03:00
12.81; 18.37; 18.43; 18.68; 18.87; 2018/06/27 03:30
12.56; 18.31; 18.37; 18.62; 18.87; 2018/06/27 04:00
12.31; 18.31; 18.37; 18.62; 18.81; 2018/06/27 04:30
12.25; 18.31; 18.37; 18.62; 18.81; 2018/06/27 05:00
12.06; 18.25; 18.31; 18.56; 18.75; 2018/06/27 05:30
11.75; 18.25; 18.31; 18.56; 18.75; 2018/06/27 06:00
11.50; 18.18; 18.25; 18.50; 18.75; 2018/06/27 06:30
11.81; 18.18; 18.25; 18.50; 18.75; 2018/06/27 07:00
12.31; 18.12; 18.25; 18.43; 18.68; 2018/06/27 07:30
12.93; 18.12; 18.25; 18.43; 18.68; 2018/06/27 08:00
14.18; 18.12; 18.18; 18.43; 18.68; 2018/06/27 08:30
15.06; 18.18; 18.18; 18.43; 18.75; 2018/06/27 09:00
15.93; 18.18; 18.25; 18.43; 18.75; 2018/06/27 09:30
16.75; 18.25; 18.25; 18.37; 18.75; 2018/06/27 10:00
18.18; 18.25; 18.25; 18.43; 18.75; 2018/06/27 10:30
19.00; 18.25; 18.25; 18.43; 18.81; 2018/06/27 11:00
20.12; 18.31; 18.31; 18.43; 18.81; 2018/06/27 11:30
21.37; 18.37; 18.37; 18.50; 18.81; 2018/06/27 12:00
21.93; 18.43; 18.37; 18.50; 18.87; 2018/06/27 12:30
22.93; 18.50; 18.43; 18.56; 18.93; 2018/06/27 13:00
23.81; 18.56; 18.50; 18.56; 18.93; 2018/06/27 13:30
24.00; 18.68; 18.50; 18.50; 19.00; 2018/06/27 14:00
24.56; 18.68; 18.56; 18.56; 19.06; 2018/06/27 14:30
24.87; 18.81; 18.62; 18.62; 19.12; 2018/06/27 15:00
23.81; 18.81; 18.56; 18.68; 19.12; 2018/06/27 15:30
24.87; 18.87; 18.62; 18.81; 19.12; 2018/06/27 16:00
24.50; 18.93; 18.62; 18.87; 19.12; 2018/06/27 16:30
25.18; 19.00; 18.75; 18.93; 19.18; 2018/06/27 17:00
25.18; 19.12; 18.81; 19.06; 19.25; 2018/06/27 17:30
25.56; 19.12; 18.87; 19.12; 19.25; 2018/06/27 18:00
25.18; 19.18; 18.93; 19.18; 19.31; 2018/06/27 18:30
24.37; 19.25; 18.93; 19.25; 19.31; 2018/06/27 19:00
23.56; 19.18; 18.87; 19.25; 19.31; 2018/06/27 19:30
22.87; 19.18; 18.87; 19.37; 19.31; 2018/06/27 20:00
22.56; 19.12; 18.87; 19.37; 19.25; 2018/06/27 20:30
21.75; 19.12; 18.87; 19.37; 19.31; 2018/06/27 21:00
21.31; 19.12; 18.87; 19.37; 19.31; 2018/06/27 21:30
20.81; 19.12; 18.87; 19.37; 19.31; 2018/06/27 22:00
20.31; 19.12; 18.87; 19.43; 19.31; 2018/06/27 22:30
19.62; 19.06; 18.87; 19.43; 19.25; 2018/06/27 23:00
19.00; 19.06; 18.87; 19.43; 19.25; 2018/06/27 23:30
18.37; 19.00; 18.87; 19.37; 19.25; 2018/06/28 00:00
17.87; 19.00; 18.87; 19.43; 19.25; 2018/06/28 00:30
17.25; 19.00; 18.87; 19.43; 19.25; 2018/06/28 01:00
16.87; 18.93; 18.87; 19.37; 19.25; 2018/06/28 01:30
16.43; 18.93; 18.81; 19.43; 19.25; 2018/06/28 02:00
15.93; 18.87; 18.81; 19.37; 19.25; 2018/06/28 02:30
15.56; 18.87; 18.81; 19.37; 19.18; 2018/06/28 03:00
15.18; 18.87; 18.81; 19.37; 19.18; 2018/06/28 03:30
14.87; 18.81; 18.81; 19.31; 19.18; 2018/06/28 04:00
14.50; 18.81; 18.81; 19.31; 19.18; 2018/06/28 04:30
14.43; 18.81; 18.81; 19.25; 19.18; 2018/06/28 05:00
14.12; 18.81; 18.75; 19.25; 19.12; 2018/06/28 05:30
13.93; 18.75; 18.75; 19.18; 19.12; 2018/06/28 06:00
13.75; 18.75; 18.75; 19.18; 19.12; 2018/06/28 06:30
13.87; 18.75; 18.75; 19.12; 19.12; 2018/06/28 07:00
14.18; 18.68; 18.75; 19.12; 19.06; 2018/06/28 07:30
14.81; 18.68; 18.68; 19.06; 19.06; 2018/06/28 08:00
15.81; 18.68; 18.75; 19.06; 19.06; 2018/06/28 08:30
16.75; 18.68; 18.75; 19.06; 19.12; 2018/06/28 09:00
18.12; 18.75; 18.75; 19.06; 19.12; 2018/06/28 09:30
19.62; 18.75; 18.75; 19.12; 19.18; 2018/06/28 10:00
20.75; 18.81; 18.75; 19.12; 19.18; 2018/06/28 10:30
21.81; 18.87; 18.81; 19.18; 19.25; 2018/06/28 11:00
22.87; 18.93; 18.87; 19.18; 19.25; 2018/06/28 11:30
23.56; 19.00; 18.87; 19.25; 19.31; 2018/06/28 12:00
24.06; 19.06; 18.93; 19.31; 19.37; 2018/06/28 12:30
24.81; 19.18; 19.00; 19.31; 19.43; 2018/06/28 13:00
24.81; 19.25; 19.06; 19.37; 19.50; 2018/06/28 13:30
25.43; 19.37; 19.12; 19.50; 19.50; 2018/06/28 14:00
25.56; 19.43; 19.18; 19.56; 19.56; 2018/06/28 14:30
26.75; 19.43; 19.18; 19.62; 19.62; 2018/06/28 15:00
26.75; 19.50; 19.25; 19.68; 19.62; 2018/06/28 15:30
26.93; 19.56; 19.25; 19.75; 19.62; 2018/06/28 16:00
27.12; 19.62; 19.31; 19.87; 19.68; 2018/06/28 16:30
27.06; 19.62; 19.37; 19.93; 19.68; 2018/06/28 17:00
26.50; 19.68; 19.43; 19.93; 19.75; 2018/06/28 17:30
26.75; 19.75; 19.50; 20.00; 19.81; 2018/06/28 18:00
26.75; 19.87; 19.56; 20.06; 19.81; 2018/06/28 18:30
26.43; 19.87; 19.56; 20.06; 19.81; 2018/06/28 19:00
25.50; 19.87; 19.56; 20.12; 19.81; 2018/06/28 19:30
24.81; 19.87; 19.56; 20.12; 19.81; 2018/06/28 20:00
24.50; 19.87; 19.56; 20.12; 19.81; 2018/06/28 20:30
23.43; 19.87; 19.56; 20.18; 19.81; 2018/06/28 21:00
22.93; 19.87; 19.62; 20.18; 19.81; 2018/06/28 21:30
22.43; 19.87; 19.62; 20.25; 19.87; 2018/06/28 22:00
21.93; 19.87; 19.62; 20.25; 19.87; 2018/06/28 22:30
21.43; 19.81; 19.62; 20.25; 19.87; 2018/06/28 23:00
20.81; 19.81; 19.62; 20.25; 19.87; 2018/06/28 23:30
20.31; 19.81; 19.62; 20.31; 19.87; 2018/06/29 00:00
20.00; 19.75; 19.62; 20.31; 19.87; 2018/06/29 00:30
19.68; 19.75; 19.62; 20.31; 19.87; 2018/06/29 01:00
19.43; 19.75; 19.62; 20.25; 19.87; 2018/06/29 01:30
19.37; 19.75; 19.62; 20.25; 19.87; 2018/06/29 02:00
19.12; 19.75; 19.62; 20.25; 19.87; 2018/06/29 02:30
18.31; 19.75; 19.62; 20.25; 19.87; 2018/06/29 03:00
17.81; 19.75; 19.62; 20.18; 19.87; 2018/06/29 03:30
17.68; 19.75; 19.62; 20.18; 19.87; 2018/06/29 04:00
17.37; 19.68; 19.62; 20.18; 19.87; 2018/06/29 04:30
17.43; 19.68; 19.62; 20.12; 19.87; 2018/06/29 05:00
17.06; 19.68; 19.62; 20.12; 19.87; 2018/06/29 05:30
16.81; 19.62; 19.62; 20.12; 19.87; 2018/06/29 06:00
16.68; 19.62; 19.56; 20.06; 19.87; 2018/06/29 06:30
16.62; 19.62; 19.56; 20.06; 19.87; 2018/06/29 07:00
17.00; 19.62; 19.56; 20.00; 19.87; 2018/06/29 07:30
17.62; 19.62; 19.56; 20.00; 19.87; 2018/06/29 08:00
18.37; 19.62; 19.56; 20.06; 19.87; 2018/06/29 08:30
19.00; 19.62; 19.62; 20.06; 19.93; 2018/06/29 09:00
19.81; 19.68; 19.62; 20.00; 19.93; 2018/06/29 09:30
20.68; 19.68; 19.62; 20.06; 19.93; 2018/06/29 10:00
21.81; 19.75; 19.68; 20.06; 20.00; 2018/06/29 10:30
22.50; 19.75; 19.68; 20.12; 20.06; 2018/06/29 11:00
23.62; 19.81; 19.75; 20.18; 20.06; 2018/06/29 11:30
24.68; 19.87; 19.75; 20.18; 20.12; 2018/06/29 12:00
25.00; 19.93; 19.81; 20.25; 20.18; 2018/06/29 12:30
25.75; 20.00; 19.87; 20.31; 20.18; 2018/06/29 13:00
26.37; 20.06; 19.93; 20.37; 20.25; 2018/06/29 13:30
26.56; 20.12; 20.00; 20.50; 20.31; 2018/06/29 14:00
27.12; 20.25; 20.00; 20.56; 20.37; 2018/06/29 14:30
27.00; 20.31; 20.06; 20.56; 20.37; 2018/06/29 15:00
27.81; 20.37; 20.12; 20.62; 20.37; 2018/06/29 15:30
28.37; 20.43; 20.12; 20.68; 20.43; 2018/06/29 16:00
28.75; 20.50; 20.18; 20.75; 20.50; 2018/06/29 16:30
29.00; 20.56; 20.25; 20.81; 20.50; 2018/06/29 17:00
29.18; 26.06; 21.93; 24.37; 21.75; 2018/06/29 17:30
28.75; 26.50; 23.68; 25.37; 24.50; 2018/06/29 18:00
28.62; 25.43; 23.00; 24.75; 23.12; 2018/06/29 18:30
27.68; 26.00; 24.37; 25.18; 24.62; 2018/06/29 19:00
26.75; 25.37; 23.31; 24.87; 23.75; 2018/06/29 19:30
25.68; 24.56; 23.18; 24.18; 23.81; 2018/06/29 20:00
25.18; 22.50; 21.75; 22.75; 22.06; 2018/06/29 20:30
24.62; 22.18; 21.50; 22.62; 21.81; 2018/06/29 21:00
24.06; 21.93; 21.37; 22.37; 21.62; 2018/06/29 21:30
23.56; 21.68; 21.18; 22.06; 21.43; 2018/06/29 22:00
23.06; 21.56; 21.12; 22.00; 21.37; 2018/06/29 22:30
22.25; 21.43; 21.06; 21.93; 21.31; 2018/06/29 23:00
22.25; 21.37; 21.06; 21.87; 21.31; 2018/06/29 23:30
21.75; 21.25; 21.06; 21.81; 21.25; 2018/06/30 00:00
21.43; 21.18; 21.00; 21.75; 21.31; 2018/06/30 00:30
20.81; 21.12; 21.00; 21.75; 21.31; 2018/06/30 01:00
20.18; 21.06; 20.93; 21.68; 21.31; 2018/06/30 01:30
20.25; 21.00; 20.93; 21.62; 21.25; 2018/06/30 02:00
19.87; 21.00; 20.93; 21.62; 21.25; 2018/06/30 02:30
19.56; 20.93; 20.87; 21.56; 21.25; 2018/06/30 03:00
18.93; 21.00; 20.93; 21.50; 21.25; 2018/06/30 03:30
19.31; 20.93; 20.87; 21.50; 21.18; 2018/06/30 04:00
18.87; 20.87; 20.87; 21.50; 21.18; 2018/06/30 04:30
18.62; 20.81; 20.87; 21.50; 21.18; 2018/06/30 05:00
18.06; 20.81; 20.87; 21.43; 21.12; 2018/06/30 05:30
18.00; 20.75; 20.87; 21.37; 21.12; 2018/06/30 06:00
17.68; 20.75; 20.81; 21.37; 21.12; 2018/06/30 06:30
17.50; 20.75; 20.81; 21.31; 21.12; 2018/06/30 07:00
18.00; 20.75; 20.81; 21.31; 21.12; 2018/06/30 07:30
18.50; 20.75; 20.81; 21.25; 21.12; 2018/06/30 08:00
19.31; 20.75; 20.81; 21.18; 21.12; 2018/06/30 08:30
20.00; 20.75; 20.81; 21.18; 21.12; 2018/06/30 09:00
20.93; 20.81; 20.87; 21.31; 21.18; 2018/06/30 09:30
21.68; 21.00; 20.93; 21.37; 21.25; 2018/06/30 10:00
22.56; 21.18; 21.06; 21.50; 21.37; 2018/06/30 10:30
23.25; 21.31; 21.12; 21.62; 21.43; 2018/06/30 11:00
24.00; 21.43; 21.25; 21.75; 21.50; 2018/06/30 11:30
24.68; 21.62; 21.37; 21.93; 21.56; 2018/06/30 12:00
25.12; 21.93; 21.50; 22.25; 21.62; 2018/06/30 12:30
25.62; 22.00; 21.56; 22.37; 21.75; 2018/06/30 13:00
26.12; 22.31; 21.75; 22.62; 21.87; 2018/06/30 13:30
26.50; 22.43; 21.75; 22.87; 21.87; 2018/06/30 14:00
26.93; 22.56; 21.81; 23.06; 21.87; 2018/06/30 14:30
27.31; 22.87; 22.06; 23.25; 22.06; 2018/06/30 15:00
27.56; 25.50; 23.68; 23.87; 24.00; 2018/06/30 15:30
27.93; 24.75; 25.75; 24.37; 26.18; 2018/06/30 16:00
28.37; 26.00; 26.50; 24.68; 26.06; 2018/06/30 16:30
28.62; 24.18; 23.43; 24.31; 23.75; 2018/06/30 17:00
28.75; 23.68; 22.87; 24.12; 23.12; 2018/06/30 17:30
28.87; 23.56; 22.81; 23.93; 23.00; 2018/06/30 18:00
28.68; 23.31; 22.68; 23.75; 22.87; 2018/06/30 18:30
28.12; 23.18; 22.56; 23.50; 22.75; 2018/06/30 19:00
26.62; 22.87; 22.31; 23.18; 22.62; 2018/06/30 19:30
26.00; 22.75; 22.25; 23.06; 22.50; 2018/06/30 20:00
25.31; 22.56; 22.12; 22.87; 22.43; 2018/06/30 20:30
24.56; 22.50; 22.06; 22.81; 22.43; 2018/06/30 21:00
24.00; 22.25; 22.00; 22.68; 22.37; 2018/06/30 21:30
23.50; 22.18; 21.93; 22.56; 22.37; 2018/06/30 22:00
22.93; 22.12; 21.93; 22.56; 22.31; 2018/06/30 22:30
22.37; 22.06; 21.87; 22.50; 22.31; 2018/06/30 23:00
21.75; 21.93; 21.81; 22.43; 22.25; 2018/06/30 23:30
