A;
-.68; 17.56; 16.87; 16.00; 16.68; 2018/03/17 14:00
-.31; 13.43; 13.68; 13.56; 13.43; 2018/03/17 14:30
-.50; 13.31; 12.93; 12.87; 13.06; 2018/03/17 15:00
-.37; 12.75; 12.37; 12.43; 12.43; 2018/03/17 15:30
-.43; 12.37; 12.00; 12.00; 12.31; 2018/03/17 16:00
-.37; 12.06; 11.75; 11.75; 12.18; 2018/03/17 16:30
-.62; 11.75; 11.56; 11.50; 12.00; 2018/03/17 17:00
-.62; 11.56; 11.37; 11.25; 11.81; 2018/03/17 17:30
-.68; 11.37; 11.25; 11.12; 11.62; 2018/03/17 18:00
-.62; 11.25; 11.12; 11.06; 11.50; 2018/03/17 18:30
-.93; 11.06; 10.93; 10.81; 11.31; 2018/03/17 19:00
-.81; 10.93; 10.87; 10.75; 11.25; 2018/03/17 19:30
-.75; 10.81; 10.75; 10.62; 11.06; 2018/03/17 20:00
-.87; 10.68; 10.62; 10.50; 10.93; 2018/03/17 20:30
-1.18; 10.62; 10.50; 10.43; 10.87; 2018/03/17 21:00
-.93; 10.50; 10.37; 10.31; 10.68; 2018/03/17 21:30
-.87; 10.37; 10.31; 10.31; 10.62; 2018/03/17 22:00
-.68; 10.31; 10.18; 10.12; 10.50; 2018/03/17 22:30
-.75; 10.18; 10.12; 10.06; 10.43; 2018/03/17 23:00
-.87; 10.12; 10.06; 9.93; 10.37; 2018/03/17 23:30
-.43; 10.00; 9.93; 9.81; 10.25; 2018/03/18 00:00
-.56; 9.93; 9.87; 9.68; 10.18; 2018/03/18 00:30
-.87; 9.87; 9.81; 9.62; 10.12; 2018/03/18 01:00
-.81; 9.75; 9.75; 9.50; 10.06; 2018/03/18 01:30
-.62; 9.68; 9.68; 9.43; 10.00; 2018/03/18 02:00
-1.06; 9.62; 9.56; 9.31; 9.87; 2018/03/18 02:30
-.87; 9.56; 9.50; 9.31; 9.81; 2018/03/18 03:00
-1.12; 9.43; 9.43; 9.18; 9.75; 2018/03/18 03:30
-1.43; 9.37; 9.37; 9.18; 9.75; 2018/03/18 04:00
-1.12; 9.31; 9.31; 9.12; 9.62; 2018/03/18 04:30
-1.25; 9.25; 9.25; 9.06; 9.62; 2018/03/18 05:00
-1.31; 9.18; 9.18; 9.00; 9.56; 2018/03/18 05:30
-1.43; 9.12; 9.12; 8.93; 9.50; 2018/03/18 06:00
-1.18; 9.06; 9.06; 8.87; 9.43; 2018/03/18 06:30
-1.43; 9.00; 9.00; 8.81; 9.37; 2018/03/18 07:00
-1.12; 8.87; 8.93; 8.75; 9.31; 2018/03/18 07:30
-1.50; 8.87; 8.87; 8.68; 9.25; 2018/03/18 08:00
-1.50; 8.75; 8.81; 8.62; 9.18; 2018/03/18 08:30
-1.18; 8.75; 8.75; 8.62; 9.12; 2018/03/18 09:00
-1.31; 8.68; 8.68; 8.56; 9.06; 2018/03/18 09:30
-1.25; 8.62; 8.62; 8.50; 9.00; 2018/03/18 10:00
-1.75; 8.56; 8.56; 8.43; 8.93; 2018/03/18 10:30
-1.00; 8.50; 8.56; 8.37; 8.87; 2018/03/18 11:00
-1.06; 8.43; 8.50; 8.31; 8.81; 2018/03/18 11:30
-.75; 8.37; 8.43; 8.25; 8.81; 2018/03/18 12:00
.12; 8.37; 8.37; 8.25; 8.75; 2018/03/18 12:30
.37; 8.37; 8.37; 8.18; 8.75; 2018/03/18 13:00
1.50; 8.31; 8.37; 8.25; 8.75; 2018/03/18 13:30
1.75; 8.37; 8.37; 8.25; 8.75; 2018/03/18 14:00
1.18; 8.31; 8.31; 8.12; 8.68; 2018/03/18 14:30
1.75; 8.25; 8.25; 8.12; 8.62; 2018/03/18 15:00
1.37; 8.18; 8.18; 8.00; 8.56; 2018/03/18 15:30
1.93; 8.18; 8.18; 7.93; 8.56; 2018/03/18 16:00
2.25; 8.12; 8.12; 8.00; 8.50; 2018/03/18 16:30
1.87; 8.18; 8.18; 8.06; 8.56; 2018/03/18 17:00
1.56; 8.06; 8.06; 7.93; 8.43; 2018/03/18 17:30
1.43; 8.00; 8.00; 7.87; 8.37; 2018/03/18 18:00
1.25; 7.93; 8.00; 7.87; 8.37; 2018/03/18 18:30
.87; 7.93; 7.93; 7.81; 8.31; 2018/03/18 19:00
.75; 7.87; 7.87; 7.75; 8.25; 2018/03/18 19:30
.43; 7.81; 7.81; 7.75; 8.18; 2018/03/18 20:00
.37; 7.75; 7.75; 7.68; 8.12; 2018/03/18 20:30
.12; 7.68; 7.75; 7.62; 8.06; 2018/03/18 21:00
0; 7.68; 7.68; 7.62; 8.06; 2018/03/18 21:30
-.31; 7.62; 7.62; 7.56; 8.00; 2018/03/18 22:00
-.18; 7.56; 7.62; 7.56; 7.93; 2018/03/18 22:30
-.43; 7.56; 7.56; 7.50; 7.93; 2018/03/18 23:00
-.31; 7.50; 7.50; 7.50; 7.87; 2018/03/18 23:30
-.56; 7.43; 7.43; 7.50; 7.81; 2018/03/19 00:00
-.75; 7.37; 7.43; 7.43; 7.81; 2018/03/19 00:30
-.68; 7.37; 7.37; 7.37; 7.75; 2018/03/19 01:00
-1.00; 7.31; 7.37; 7.31; 7.68; 2018/03/19 01:30
-.87; 7.25; 7.31; 7.31; 7.62; 2018/03/19 02:00
-.87; 7.18; 7.25; 7.25; 7.62; 2018/03/19 02:30
-1.18; 7.18; 7.25; 7.25; 7.56; 2018/03/19 03:00
-1.31; 7.12; 7.18; 7.18; 7.50; 2018/03/19 03:30
-1.31; 7.06; 7.12; 7.12; 7.50; 2018/03/19 04:00
-1.50; 7.06; 7.12; 7.06; 7.43; 2018/03/19 04:30
-1.75; 7.00; 7.06; 7.06; 7.37; 2018/03/19 05:00
-1.87; 6.93; 7.00; 7.00; 7.31; 2018/03/19 05:30
-2.43; 6.87; 6.93; 6.93; 7.31; 2018/03/19 06:00
-2.37; 6.87; 6.93; 6.87; 7.25; 2018/03/19 06:30
-2.18; 6.81; 6.87; 6.87; 7.25; 2018/03/19 07:00
-2.12; 6.75; 6.81; 6.81; 7.18; 2018/03/19 07:30
-2.12; 6.75; 6.81; 6.75; 7.12; 2018/03/19 08:00
-2.06; 6.68; 6.75; 6.75; 7.12; 2018/03/19 08:30
-1.43; 6.68; 6.75; 6.68; 7.06; 2018/03/19 09:00
-2.00; 6.62; 6.68; 6.62; 7.06; 2018/03/19 09:30
-.37; 6.68; 6.68; 6.62; 7.00; 2018/03/19 10:00
-.12; 6.68; 6.75; 6.62; 7.06; 2018/03/19 10:30
.31; 6.62; 6.68; 6.56; 7.06; 2018/03/19 11:00
.87; 6.68; 6.68; 6.62; 7.06; 2018/03/19 11:30
1.37; 6.75; 6.68; 6.68; 7.06; 2018/03/19 12:00
1.50; 6.75; 6.75; 6.62; 7.12; 2018/03/19 12:30
2.37; 6.81; 6.81; 6.75; 7.12; 2018/03/19 13:00
2.68; 6.87; 6.81; 6.75; 7.18; 2018/03/19 13:30
3.18; 6.87; 6.81; 6.68; 7.18; 2018/03/19 14:00
3.37; 6.93; 6.81; 6.75; 7.12; 2018/03/19 14:30
3.93; 6.93; 6.75; 6.81; 7.12; 2018/03/19 15:00
4.00; 6.87; 6.75; 6.75; 7.06; 2018/03/19 15:30
4.00; 6.87; 6.75; 6.81; 7.12; 2018/03/19 16:00
4.06; 6.81; 6.75; 6.75; 7.06; 2018/03/19 16:30
3.87; 6.75; 6.75; 6.81; 7.00; 2018/03/19 17:00
3.81; 6.87; 6.68; 6.75; 7.00; 2018/03/19 17:30
3.06; 6.81; 6.68; 6.81; 7.00; 2018/03/19 18:00
2.62; 6.68; 6.62; 6.75; 6.93; 2018/03/19 18:30
2.18; 6.62; 6.56; 6.68; 6.87; 2018/03/19 19:00
1.50; 6.68; 6.62; 6.75; 6.87; 2018/03/19 19:30
1.18; 6.56; 6.56; 6.87; 6.81; 2018/03/19 20:00
1.18; 6.62; 6.56; 6.93; 6.81; 2018/03/19 20:30
.93; 6.56; 6.50; 7.00; 6.81; 2018/03/19 21:00
.56; 6.50; 6.50; 7.00; 6.75; 2018/03/19 21:30
.37; 6.56; 6.50; 7.06; 6.81; 2018/03/19 22:00
-.06; 6.43; 6.43; 6.93; 6.75; 2018/03/19 22:30
-.37; 6.50; 6.50; 7.00; 6.75; 2018/03/19 23:00
-.56; 6.37; 6.37; 6.87; 6.68; 2018/03/19 23:30
-1.00; 6.43; 6.43; 6.93; 6.68; 2018/03/20 00:00
-1.18; 6.31; 6.37; 6.81; 6.62; 2018/03/20 00:30
-1.50; 6.37; 6.37; 6.87; 6.62; 2018/03/20 01:00
-1.87; 6.37; 6.37; 6.75; 6.62; 2018/03/20 01:30
-2.06; 6.31; 6.31; 6.68; 6.56; 2018/03/20 02:00
-2.43; 6.37; 6.37; 6.68; 6.62; 2018/03/20 02:30
-2.56; 6.18; 6.25; 6.56; 6.50; 2018/03/20 03:00
-3.00; 6.25; 6.31; 6.56; 6.56; 2018/03/20 03:30
-2.81; 6.25; 6.25; 6.56; 6.50; 2018/03/20 04:00
-2.37; 6.12; 6.18; 6.50; 6.50; 2018/03/20 04:30
-1.87; 6.18; 6.25; 6.50; 6.50; 2018/03/20 05:00
-1.87; 6.18; 6.18; 6.43; 6.43; 2018/03/20 05:30
-1.62; 6.12; 6.12; 6.37; 6.43; 2018/03/20 06:00
-1.43; 6.12; 6.18; 6.37; 6.43; 2018/03/20 06:30
-1.25; 6.18; 6.18; 6.37; 6.43; 2018/03/20 07:00
-1.12; 6.06; 6.06; 6.31; 6.31; 2018/03/20 07:30
-.56; 6.06; 6.12; 6.31; 6.37; 2018/03/20 08:00
-.06; 6.12; 6.12; 6.31; 6.43; 2018/03/20 08:30
.12; 6.12; 6.12; 6.25; 6.37; 2018/03/20 09:00
.68; 6.06; 6.06; 6.25; 6.31; 2018/03/20 09:30
1.06; 6.12; 6.06; 6.25; 6.37; 2018/03/20 10:00
1.75; 6.18; 6.12; 6.25; 6.37; 2018/03/20 10:30
2.93; 6.12; 6.06; 6.18; 6.37; 2018/03/20 11:00
3.56; 6.12; 6.12; 6.25; 6.37; 2018/03/20 11:30
4.93; 6.37; 6.25; 6.50; 6.50; 2018/03/20 12:00
5.37; 6.37; 6.25; 6.50; 6.56; 2018/03/20 12:30
6.18; 6.56; 6.37; 6.56; 6.56; 2018/03/20 13:00
6.62; 6.56; 6.37; 6.81; 6.56; 2018/03/20 13:30
7.12; 6.68; 6.43; 6.81; 6.56; 2018/03/20 14:00
7.50; 6.62; 6.37; 7.06; 6.56; 2018/03/20 14:30
7.68; 6.68; 6.43; 6.87; 6.62; 2018/03/20 15:00
7.62; 6.62; 6.43; 6.93; 6.56; 2018/03/20 15:30
7.81; 6.68; 6.43; 6.81; 6.56; 2018/03/20 16:00
7.81; 6.62; 6.37; 6.87; 6.56; 2018/03/20 16:30
7.37; 6.56; 6.37; 6.93; 6.50; 2018/03/20 17:00
7.12; 6.62; 6.37; 6.93; 6.50; 2018/03/20 17:30
6.25; 6.50; 6.31; 6.87; 6.43; 2018/03/20 18:00
5.62; 6.50; 6.31; 6.87; 6.43; 2018/03/20 18:30
4.68; 6.62; 6.37; 7.00; 6.43; 2018/03/20 19:00
4.18; 6.43; 6.31; 6.87; 6.37; 2018/03/20 19:30
3.75; 6.56; 6.31; 7.00; 6.43; 2018/03/20 20:00
3.25; 6.43; 6.25; 6.87; 6.37; 2018/03/20 20:30
3.00; 6.50; 6.31; 7.00; 6.37; 2018/03/20 21:00
2.56; 6.37; 6.25; 6.93; 6.31; 2018/03/20 21:30
2.50; 6.43; 6.25; 7.00; 6.37; 2018/03/20 22:00
2.12; 6.43; 6.25; 7.00; 6.37; 2018/03/20 22:30
1.56; 6.37; 6.25; 6.93; 6.31; 2018/03/20 23:00
1.00; 6.43; 6.31; 7.06; 6.37; 2018/03/20 23:30
.87; 6.31; 6.25; 6.87; 6.31; 2018/03/21 00:00
.31; 6.37; 6.25; 6.93; 6.31; 2018/03/21 00:30
.31; 6.37; 6.25; 6.93; 6.25; 2018/03/21 01:00
.25; 6.25; 6.18; 6.81; 6.31; 2018/03/21 01:30
-.06; 6.31; 6.25; 6.87; 6.31; 2018/03/21 02:00
-.37; 6.31; 6.25; 6.87; 6.31; 2018/03/21 02:30
-.68; 6.12; 6.12; 6.75; 6.25; 2018/03/21 03:00
-.75; 6.18; 6.12; 6.75; 6.25; 2018/03/21 03:30
-1.06; 6.25; 6.18; 6.75; 6.31; 2018/03/21 04:00
-1.31; 6.12; 6.06; 6.62; 6.18; 2018/03/21 04:30
-1.43; 6.12; 6.06; 6.62; 6.18; 2018/03/21 05:00
-1.56; 6.12; 6.12; 6.62; 6.25; 2018/03/21 05:30
-1.75; 6.12; 6.12; 6.62; 6.18; 2018/03/21 06:00
-2.06; 6.12; 6.06; 6.56; 6.18; 2018/03/21 06:30
-2.12; 6.00; 6.00; 6.43; 6.12; 2018/03/21 07:00
-2.25; 6.00; 6.00; 6.43; 6.12; 2018/03/21 07:30
-2.00; 6.00; 6.00; 6.43; 6.18; 2018/03/21 08:00
-1.31; 6.06; 6.06; 6.43; 6.18; 2018/03/21 08:30
-.31; 6.06; 6.06; 6.43; 6.18; 2018/03/21 09:00
-.12; 5.93; 5.93; 6.31; 6.12; 2018/03/21 09:30
.37; 5.93; 5.93; 6.31; 6.12; 2018/03/21 10:00
.43; 6.00; 5.93; 6.31; 6.12; 2018/03/21 10:30
.75; 6.00; 6.00; 6.25; 6.18; 2018/03/21 11:00
1.12; 6.06; 6.00; 6.25; 6.12; 2018/03/21 11:30
1.25; 6.06; 6.00; 6.25; 6.18; 2018/03/21 12:00
1.62; 6.06; 6.00; 6.18; 6.18; 2018/03/21 12:30
1.81; 6.00; 5.93; 6.18; 6.12; 2018/03/21 13:00
2.37; 6.00; 5.93; 6.18; 6.12; 2018/03/21 13:30
2.87; 6.00; 5.93; 6.18; 6.12; 2018/03/21 14:00
3.31; 6.06; 6.00; 6.25; 6.18; 2018/03/21 14:30
3.81; 6.12; 6.06; 6.18; 6.18; 2018/03/21 15:00
4.18; 6.06; 6.00; 6.25; 6.18; 2018/03/21 15:30
4.12; 6.06; 6.00; 6.18; 6.12; 2018/03/21 16:00
4.18; 6.12; 6.00; 6.18; 6.18; 2018/03/21 16:30
4.25; 6.12; 6.06; 6.18; 6.18; 2018/03/21 17:00
4.12; 6.06; 6.00; 6.18; 6.12; 2018/03/21 17:30
4.31; 6.06; 5.93; 6.18; 6.12; 2018/03/21 18:00
4.12; 6.06; 6.00; 6.18; 6.12; 2018/03/21 18:30
3.93; 6.12; 6.00; 6.18; 6.18; 2018/03/21 19:00
3.62; 6.12; 6.00; 6.12; 6.18; 2018/03/21 19:30
3.37; 6.00; 5.93; 6.12; 6.12; 2018/03/21 20:00
3.25; 6.00; 5.93; 6.18; 6.06; 2018/03/21 20:30
2.87; 6.06; 5.93; 6.12; 6.12; 2018/03/21 21:00
2.62; 6.06; 6.00; 6.12; 6.12; 2018/03/21 21:30
2.25; 6.06; 6.00; 6.12; 6.12; 2018/03/21 22:00
2.31; 6.06; 6.00; 6.12; 6.12; 2018/03/21 22:30
2.12; 6.06; 6.00; 6.12; 6.06; 2018/03/21 23:00
1.93; 5.93; 5.87; 6.12; 6.06; 2018/03/21 23:30
1.62; 5.93; 5.93; 6.12; 6.06; 2018/03/22 00:00
1.93; 6.00; 5.93; 6.12; 6.06; 2018/03/22 00:30
2.00; 6.00; 5.93; 6.06; 6.06; 2018/03/22 01:00
2.12; 6.06; 5.93; 6.06; 6.12; 2018/03/22 01:30
2.31; 6.06; 6.00; 6.12; 6.06; 2018/03/22 02:00
2.37; 6.06; 5.93; 6.06; 6.06; 2018/03/22 02:30
2.43; 6.00; 5.93; 6.06; 6.06; 2018/03/22 03:00
2.50; 5.93; 5.87; 6.00; 6.00; 2018/03/22 03:30
2.62; 5.93; 5.87; 6.06; 6.00; 2018/03/22 04:00
2.68; 5.93; 5.93; 6.06; 6.06; 2018/03/22 04:30
2.68; 6.00; 5.93; 6.00; 6.06; 2018/03/22 05:00
2.68; 6.00; 5.93; 6.00; 6.06; 2018/03/22 05:30
2.62; 6.00; 5.93; 6.00; 6.06; 2018/03/22 06:00
2.75; 6.00; 5.93; 6.00; 6.06; 2018/03/22 06:30
2.75; 6.00; 5.93; 6.00; 6.06; 2018/03/22 07:00
2.75; 5.93; 5.87; 6.00; 6.00; 2018/03/22 07:30
2.43; 5.87; 5.87; 5.93; 6.00; 2018/03/22 08:00
2.12; 5.87; 5.87; 5.93; 6.00; 2018/03/22 08:30
2.00; 5.93; 5.87; 5.93; 6.00; 2018/03/22 09:00
2.25; 5.93; 5.87; 5.93; 6.00; 2018/03/22 09:30
2.50; 5.93; 5.87; 6.00; 6.00; 2018/03/22 10:00
2.87; 5.93; 5.87; 5.93; 6.00; 2018/03/22 10:30
2.93; 6.00; 5.93; 5.93; 6.00; 2018/03/22 11:00
3.12; 6.00; 5.93; 5.93; 6.06; 2018/03/22 11:30
3.37; 6.00; 5.93; 5.93; 6.06; 2018/03/22 12:00
3.62; 6.00; 5.93; 5.93; 6.06; 2018/03/22 12:30
3.87; 5.93; 5.93; 5.93; 6.00; 2018/03/22 13:00
4.12; 5.93; 5.87; 5.93; 6.00; 2018/03/22 13:30
4.50; 5.93; 5.87; 6.00; 6.00; 2018/03/22 14:00
5.00; 6.00; 5.93; 5.93; 6.06; 2018/03/22 14:30
5.25; 6.06; 5.93; 5.93; 6.06; 2018/03/22 15:00
5.25; 6.06; 6.00; 5.93; 6.12; 2018/03/22 15:30
5.68; 6.06; 6.00; 5.87; 6.06; 2018/03/22 16:00
6.00; 5.93; 5.87; 5.87; 6.00; 2018/03/22 16:30
5.93; 6.00; 5.93; 6.00; 6.06; 2018/03/22 17:00
5.87; 6.06; 5.93; 5.93; 6.06; 2018/03/22 17:30
5.81; 6.12; 6.00; 6.00; 6.12; 2018/03/22 18:00
5.68; 6.12; 6.00; 5.93; 6.12; 2018/03/22 18:30
5.62; 6.00; 5.93; 5.93; 6.06; 2018/03/22 19:00
5.50; 6.00; 5.93; 6.00; 6.00; 2018/03/22 19:30
5.43; 6.06; 5.93; 6.00; 6.06; 2018/03/22 20:00
5.43; 6.12; 6.00; 6.00; 6.12; 2018/03/22 20:30
5.37; 6.12; 6.06; 6.00; 6.12; 2018/03/22 21:00
5.37; 6.06; 6.00; 6.00; 6.06; 2018/03/22 21:30
5.37; 6.00; 5.93; 6.00; 6.00; 2018/03/22 22:00
5.25; 6.06; 6.00; 6.06; 6.06; 2018/03/22 22:30
5.31; 6.12; 6.06; 6.06; 6.12; 2018/03/22 23:00
5.18; 6.12; 6.06; 6.06; 6.06; 2018/03/22 23:30
5.06; 6.06; 6.00; 6.00; 6.00; 2018/03/23 00:00
4.93; 6.06; 5.93; 6.00; 6.06; 2018/03/23 00:30
4.87; 6.12; 6.00; 6.06; 6.06; 2018/03/23 01:00
4.75; 6.12; 6.06; 6.00; 6.12; 2018/03/23 01:30
4.75; 6.12; 6.06; 6.00; 6.12; 2018/03/23 02:00
4.62; 6.06; 5.93; 6.00; 6.06; 2018/03/23 02:30
4.56; 6.06; 6.00; 6.00; 6.06; 2018/03/23 03:00
4.62; 6.06; 6.00; 6.06; 6.06; 2018/03/23 03:30
4.75; 6.12; 6.06; 6.00; 6.12; 2018/03/23 04:00
4.81; 6.12; 6.12; 6.06; 6.12; 2018/03/23 04:30
4.87; 6.06; 6.00; 6.00; 6.06; 2018/03/23 05:00
5.00; 6.06; 6.00; 6.06; 6.06; 2018/03/23 05:30
5.00; 6.12; 6.06; 6.12; 6.12; 2018/03/23 06:00
5.06; 6.18; 6.06; 6.06; 6.12; 2018/03/23 06:30
5.00; 6.12; 6.06; 6.06; 6.12; 2018/03/23 07:00
4.81; 6.06; 6.00; 6.06; 6.06; 2018/03/23 07:30
4.75; 6.12; 6.00; 6.06; 6.12; 2018/03/23 08:00
4.62; 6.18; 6.06; 6.06; 6.12; 2018/03/23 08:30
4.68; 6.18; 6.12; 6.06; 6.12; 2018/03/23 09:00
4.75; 6.12; 6.06; 6.06; 6.06; 2018/03/23 09:30
5.06; 6.06; 6.00; 6.12; 6.06; 2018/03/23 10:00
5.25; 6.12; 6.06; 6.18; 6.12; 2018/03/23 10:30
5.50; 6.25; 6.12; 6.12; 6.12; 2018/03/23 11:00
5.87; 6.18; 6.12; 6.12; 6.12; 2018/03/23 11:30
6.31; 6.12; 6.06; 6.18; 6.12; 2018/03/23 12:00
6.50; 6.25; 6.12; 6.18; 6.18; 2018/03/23 12:30
6.37; 6.31; 6.18; 6.18; 6.25; 2018/03/23 13:00
6.31; 6.12; 6.06; 6.12; 6.12; 2018/03/23 13:30
6.25; 6.18; 6.12; 6.18; 6.18; 2018/03/23 14:00
6.31; 6.31; 6.18; 6.18; 6.25; 2018/03/23 14:30
6.25; 6.18; 6.12; 6.18; 6.12; 2018/03/23 15:00
6.12; 6.18; 6.12; 6.12; 6.18; 2018/03/23 15:30
6.12; 6.31; 6.18; 6.25; 6.25; 2018/03/23 16:00
6.12; 6.25; 6.18; 6.25; 6.25; 2018/03/23 16:30
6.12; 6.18; 6.12; 6.12; 6.12; 2018/03/23 17:00
6.12; 6.31; 6.18; 6.25; 6.18; 2018/03/23 17:30
6.06; 6.31; 6.25; 6.25; 6.25; 2018/03/23 18:00
6.00; 6.18; 6.12; 6.18; 6.12; 2018/03/23 18:30
6.12; 7.00; 6.75; 7.18; 6.81; 2018/03/23 19:00
6.18; 7.25; 7.12; 7.43; 7.18; 2018/03/23 19:30
6.43; 6.68; 6.62; 6.68; 6.68; 2018/03/23 20:00
5.75; 6.56; 6.43; 6.50; 6.43; 2018/03/23 20:30
5.68; 6.43; 6.31; 6.37; 6.31; 2018/03/23 21:00
5.62; 6.50; 6.37; 6.43; 6.37; 2018/03/23 21:30
5.56; 6.37; 6.25; 6.31; 6.25; 2018/03/23 22:00
5.56; 6.43; 6.31; 6.37; 6.31; 2018/03/23 22:30
5.43; 6.37; 6.31; 6.37; 6.25; 2018/03/23 23:00
5.43; 6.37; 6.25; 6.37; 6.25; 2018/03/23 23:30
5.31; 6.43; 6.37; 6.37; 6.37; 2018/03/24 00:00
5.31; 6.31; 6.25; 6.37; 6.25; 2018/03/24 00:30
5.25; 6.37; 6.31; 6.37; 6.25; 2018/03/24 01:00
5.12; 6.43; 6.37; 6.37; 6.37; 2018/03/24 01:30
4.68; 6.31; 6.25; 6.37; 6.25; 2018/03/24 02:00
4.00; 6.37; 6.31; 6.37; 6.31; 2018/03/24 02:30
3.50; 6.37; 6.37; 6.37; 6.31; 2018/03/24 03:00
2.93; 6.25; 6.25; 6.37; 6.25; 2018/03/24 03:30
2.56; 6.31; 6.31; 6.31; 6.25; 2018/03/24 04:00
2.12; 6.31; 6.31; 6.37; 6.25; 2018/03/24 04:30
1.87; 6.25; 6.18; 6.31; 6.18; 2018/03/24 05:00
1.56; 6.31; 6.25; 6.31; 6.25; 2018/03/24 05:30
1.43; 6.31; 6.31; 6.31; 6.25; 2018/03/24 06:00
1.31; 6.18; 6.18; 6.25; 6.18; 2018/03/24 06:30
1.12; 6.18; 6.18; 6.25; 6.18; 2018/03/24 07:00
1.12; 6.25; 6.25; 6.25; 6.25; 2018/03/24 07:30
1.37; 6.18; 6.18; 6.18; 6.18; 2018/03/24 08:00
1.93; 6.12; 6.18; 6.18; 6.18; 2018/03/24 08:30
2.56; 6.25; 6.25; 6.25; 6.25; 2018/03/24 09:00
5.00; 6.25; 6.25; 6.25; 6.31; 2018/03/24 09:30
6.06; 6.18; 6.18; 6.18; 6.18; 2018/03/24 10:00
7.18; 6.31; 6.25; 6.25; 6.31; 2018/03/24 10:30
7.43; 6.43; 6.37; 6.31; 6.37; 2018/03/24 11:00
8.12; 6.37; 6.31; 6.37; 6.37; 2018/03/24 11:30
8.37; 6.50; 6.43; 6.43; 6.43; 2018/03/24 12:00
8.50; 6.37; 6.31; 6.25; 6.31; 2018/03/24 12:30
9.43; 6.56; 6.43; 6.43; 6.43; 2018/03/24 13:00
9.25; 6.50; 6.31; 6.31; 6.31; 2018/03/24 13:30
9.31; 6.62; 6.43; 6.31; 6.37; 2018/03/24 14:00
9.43; 6.50; 6.37; 6.43; 6.31; 2018/03/24 14:30
9.50; 6.62; 6.43; 6.43; 6.43; 2018/03/24 15:00
9.81; 6.56; 6.37; 6.56; 6.37; 2018/03/24 15:30
10.50; 6.68; 6.56; 6.75; 6.50; 2018/03/24 16:00
10.75; 6.68; 6.50; 6.81; 6.50; 2018/03/24 16:30
10.00; 6.81; 6.62; 6.81; 6.56; 2018/03/24 17:00
10.18; 6.68; 6.56; 6.87; 6.50; 2018/03/24 17:30
9.68; 6.68; 6.50; 6.87; 6.50; 2018/03/24 18:00
9.81; 6.62; 6.56; 6.93; 6.43; 2018/03/24 18:30
8.93; 6.56; 6.50; 7.00; 6.37; 2018/03/24 19:00
8.06; 6.62; 6.56; 7.06; 6.50; 2018/03/24 19:30
7.00; 6.62; 6.50; 7.00; 6.43; 2018/03/24 20:00
6.06; 6.68; 6.56; 7.12; 6.50; 2018/03/24 20:30
5.18; 6.56; 6.50; 7.00; 6.37; 2018/03/24 21:00
4.68; 6.68; 6.62; 7.12; 6.50; 2018/03/24 21:30
4.31; 6.56; 6.50; 7.00; 6.37; 2018/03/24 22:00
3.75; 6.68; 6.62; 7.12; 6.50; 2018/03/24 22:30
3.50; 6.56; 6.50; 7.06; 6.37; 2018/03/24 23:00
3.00; 6.62; 6.62; 7.12; 6.50; 2018/03/24 23:30
2.68; 6.56; 6.50; 7.06; 6.37; 2018/03/25 00:00
2.56; 6.56; 6.56; 7.12; 6.43; 2018/03/25 00:30
2.31; 6.50; 6.50; 7.00; 6.43; 2018/03/25 01:00
2.12; 6.56; 6.56; 7.12; 6.43; 2018/03/25 01:30
1.93; 6.50; 6.43; 7.00; 6.37; 2018/03/25 03:00
1.68; 6.56; 6.56; 7.06; 6.43; 2018/03/25 03:30
1.50; 6.43; 6.43; 6.93; 6.37; 2018/03/25 04:00
1.43; 6.50; 6.50; 7.00; 6.43; 2018/03/25 04:30
1.25; 6.37; 6.37; 6.87; 6.37; 2018/03/25 05:00
1.12; 6.50; 6.43; 6.93; 6.43; 2018/03/25 05:30
1.06; 6.37; 6.37; 6.81; 6.37; 2018/03/25 06:00
.87; 6.37; 6.43; 6.87; 6.43; 2018/03/25 06:30
.75; 6.43; 6.43; 6.81; 6.43; 2018/03/25 07:00
.62; 6.37; 6.37; 6.75; 6.37; 2018/03/25 07:30
.50; 6.43; 6.43; 6.81; 6.43; 2018/03/25 08:00
.56; 6.31; 6.31; 6.68; 6.37; 2018/03/25 08:30
.75; 6.37; 6.37; 6.68; 6.43; 2018/03/25 09:00
.93; 6.31; 6.31; 6.62; 6.37; 2018/03/25 09:30
2.06; 6.31; 6.31; 6.62; 6.37; 2018/03/25 10:00
3.43; 6.43; 6.43; 6.56; 6.43; 2018/03/25 10:30
5.31; 6.31; 6.31; 6.56; 6.37; 2018/03/25 11:00
8.00; 6.50; 6.43; 6.56; 6.50; 2018/03/25 11:30
9.12; 6.43; 6.37; 6.62; 6.50; 2018/03/25 12:00
9.68; 6.62; 6.56; 6.75; 6.56; 2018/03/25 12:30
9.56; 6.62; 6.50; 6.75; 6.56; 2018/03/25 13:00
10.06; 6.75; 6.62; 6.75; 6.62; 2018/03/25 13:30
10.56; 6.75; 6.56; 6.93; 6.62; 2018/03/25 14:00
11.25; 6.81; 6.62; 7.18; 6.68; 2018/03/25 14:30
11.37; 6.93; 6.68; 7.31; 6.68; 2018/03/25 15:00
11.93; 6.93; 6.75; 7.43; 6.75; 2018/03/25 15:30
11.31; 6.93; 6.68; 7.31; 6.68; 2018/03/25 16:00
11.31; 7.00; 6.81; 7.31; 6.81; 2018/03/25 16:30
11.31; 6.93; 6.68; 7.25; 6.75; 2018/03/25 17:00
11.31; 6.87; 6.68; 7.12; 6.68; 2018/03/25 17:30
10.81; 6.93; 6.75; 7.31; 6.75; 2018/03/25 18:00
10.37; 6.87; 6.75; 7.25; 6.68; 2018/03/25 18:30
10.18; 6.87; 6.68; 7.25; 6.68; 2018/03/25 19:00
9.62; 6.93; 6.75; 7.31; 6.75; 2018/03/25 19:30
9.37; 6.87; 6.75; 7.31; 6.68; 2018/03/25 20:00
8.87; 6.87; 6.68; 7.31; 6.68; 2018/03/25 20:30
8.50; 6.93; 6.81; 7.50; 6.68; 2018/03/25 21:00
8.18; 6.87; 6.75; 7.50; 6.68; 2018/03/25 21:30
7.93; 6.87; 6.75; 7.43; 6.68; 2018/03/25 22:00
7.68; 6.93; 6.87; 7.56; 6.75; 2018/03/25 22:30
7.50; 6.93; 6.81; 7.50; 6.75; 2018/03/25 23:00
7.31; 6.93; 6.75; 7.50; 6.68; 2018/03/25 23:30
7.12; 6.93; 6.81; 7.56; 6.75; 2018/03/26 00:00
7.00; 6.93; 6.81; 7.56; 6.75; 2018/03/26 00:30
7.00; 6.93; 6.81; 7.50; 6.68; 2018/03/26 01:00
6.87; 6.93; 6.81; 7.50; 6.68; 2018/03/26 01:30
6.75; 7.00; 6.87; 7.62; 6.75; 2018/03/26 02:00
6.68; 6.93; 6.81; 7.50; 6.75; 2018/03/26 02:30
6.62; 6.93; 6.81; 7.43; 6.68; 2018/03/26 03:00
6.62; 6.93; 6.81; 7.43; 6.68; 2018/03/26 03:30
5.93; 7.00; 6.87; 7.56; 6.75; 2018/03/26 04:00
5.56; 6.93; 6.81; 7.50; 6.75; 2018/03/26 04:30
5.25; 6.93; 6.81; 7.43; 6.75; 2018/03/26 05:00
5.25; 6.87; 6.81; 7.43; 6.75; 2018/03/26 05:30
5.25; 6.93; 6.87; 7.50; 6.75; 2018/03/26 06:00
5.31; 6.93; 6.81; 7.37; 6.75; 2018/03/26 06:30
5.37; 6.87; 6.81; 7.37; 6.75; 2018/03/26 07:00
5.00; 6.93; 6.87; 7.50; 6.81; 2018/03/26 07:30
4.43; 6.93; 6.81; 7.37; 6.81; 2018/03/26 08:00
4.31; 6.87; 6.81; 7.37; 6.81; 2018/03/26 08:30
4.68; 6.87; 6.81; 7.31; 6.81; 2018/03/26 09:00
5.06; 6.93; 6.87; 7.43; 6.81; 2018/03/26 09:30
5.62; 6.87; 6.81; 7.31; 6.81; 2018/03/26 10:00
6.37; 6.87; 6.87; 7.31; 6.81; 2018/03/26 10:30
7.25; 6.93; 6.87; 7.37; 6.87; 2018/03/26 11:00
7.87; 6.93; 6.87; 7.37; 6.93; 2018/03/26 11:30
8.31; 7.00; 6.93; 7.37; 6.93; 2018/03/26 12:00
8.68; 7.06; 6.93; 7.50; 7.00; 2018/03/26 12:30
9.25; 7.18; 7.00; 7.62; 7.00; 2018/03/26 13:00
9.06; 7.18; 7.00; 7.62; 7.00; 2018/03/26 13:30
9.31; 7.25; 7.06; 7.62; 7.00; 2018/03/26 14:00
9.68; 7.25; 7.06; 7.68; 7.06; 2018/03/26 14:30
10.18; 7.37; 7.06; 7.75; 7.12; 2018/03/26 15:00
10.25; 7.37; 7.12; 7.81; 7.18; 2018/03/26 15:30
10.25; 7.37; 7.12; 7.81; 7.18; 2018/03/26 16:00
10.25; 7.43; 7.12; 7.81; 7.18; 2018/03/26 16:30
10.81; 7.43; 7.18; 7.87; 7.18; 2018/03/26 17:00
11.12; 7.50; 7.25; 7.93; 7.25; 2018/03/26 17:30
10.75; 7.50; 7.25; 7.93; 7.25; 2018/03/26 18:00
9.75; 7.43; 7.18; 7.93; 7.18; 2018/03/26 18:30
9.62; 7.43; 7.18; 7.93; 7.18; 2018/03/26 19:00
9.31; 7.43; 7.18; 7.93; 7.18; 2018/03/26 19:30
8.93; 7.43; 7.25; 7.93; 7.18; 2018/03/26 20:00
8.43; 7.43; 7.25; 8.00; 7.18; 2018/03/26 20:30
7.93; 7.43; 7.25; 8.00; 7.18; 2018/03/26 21:00
7.31; 7.43; 7.25; 8.00; 7.18; 2018/03/26 21:30
7.25; 7.43; 7.25; 8.00; 7.18; 2018/03/26 22:00
7.12; 7.43; 7.25; 8.00; 7.18; 2018/03/26 22:30
7.25; 7.43; 7.31; 8.00; 7.18; 2018/03/26 23:00
6.93; 7.50; 7.31; 8.00; 7.18; 2018/03/26 23:30
6.68; 7.50; 7.31; 8.06; 7.18; 2018/03/27 00:00
6.18; 7.50; 7.31; 8.00; 7.18; 2018/03/27 00:30
6.12; 7.43; 7.31; 8.00; 7.18; 2018/03/27 01:00
5.93; 7.43; 7.31; 8.00; 7.25; 2018/03/27 01:30
5.37; 7.50; 7.31; 8.00; 7.25; 2018/03/27 02:00
5.06; 7.43; 7.31; 8.00; 7.25; 2018/03/27 02:30
4.68; 7.43; 7.31; 8.00; 7.25; 2018/03/27 03:00
4.37; 7.43; 7.31; 7.93; 7.25; 2018/03/27 03:30
3.93; 7.43; 7.25; 7.93; 7.25; 2018/03/27 04:00
3.87; 7.43; 7.25; 7.93; 7.25; 2018/03/27 04:30
3.50; 7.37; 7.25; 7.93; 7.25; 2018/03/27 05:00
3.43; 7.37; 7.25; 7.87; 7.25; 2018/03/27 05:30
3.18; 7.37; 7.25; 7.87; 7.31; 2018/03/27 06:00
2.93; 7.31; 7.25; 7.87; 7.25; 2018/03/27 06:30
2.87; 7.31; 7.25; 7.87; 7.25; 2018/03/27 07:00
2.62; 7.31; 7.25; 7.81; 7.25; 2018/03/27 07:30
2.31; 7.25; 7.18; 7.81; 7.31; 2018/03/27 08:00
2.37; 7.25; 7.18; 7.75; 7.25; 2018/03/27 08:30
3.00; 7.25; 7.18; 7.75; 7.25; 2018/03/27 09:00
3.43; 7.25; 7.18; 7.75; 7.31; 2018/03/27 09:30
4.50; 7.25; 7.18; 7.68; 7.31; 2018/03/27 10:00
6.31; 7.31; 7.18; 7.68; 7.31; 2018/03/27 10:30
7.18; 7.31; 7.25; 7.68; 7.31; 2018/03/27 11:00
8.12; 7.37; 7.25; 7.75; 7.37; 2018/03/27 11:30
8.81; 7.37; 7.25; 7.75; 7.43; 2018/03/27 12:00
8.75; 7.43; 7.31; 7.81; 7.43; 2018/03/27 12:30
8.75; 7.50; 7.31; 7.81; 7.43; 2018/03/27 13:00
8.93; 7.50; 7.31; 7.81; 7.43; 2018/03/27 13:30
9.43; 7.56; 7.37; 7.87; 7.50; 2018/03/27 14:00
9.68; 7.56; 7.37; 7.87; 7.50; 2018/03/27 14:30
10.50; 7.62; 7.37; 7.93; 7.56; 2018/03/27 15:00
10.12; 7.62; 7.43; 7.93; 7.56; 2018/03/27 15:30
10.37; 7.62; 7.43; 7.93; 7.56; 2018/03/27 16:00
9.93; 7.62; 7.43; 7.93; 7.56; 2018/03/27 16:30
9.50; 7.62; 7.43; 8.00; 7.56; 2018/03/27 17:00
9.18; 7.68; 7.43; 8.00; 7.56; 2018/03/27 17:30
8.56; 7.62; 7.43; 8.00; 7.56; 2018/03/27 18:00
8.37; 7.62; 7.50; 8.00; 7.56; 2018/03/27 18:30
8.12; 7.62; 7.43; 8.00; 7.56; 2018/03/27 19:00
7.81; 7.62; 7.50; 8.00; 7.56; 2018/03/27 19:30
7.31; 7.62; 7.50; 8.00; 7.56; 2018/03/27 20:00
6.87; 7.62; 7.50; 8.06; 7.56; 2018/03/27 20:30
6.81; 7.62; 7.50; 8.00; 7.56; 2018/03/27 21:00
6.75; 7.62; 7.50; 8.00; 7.56; 2018/03/27 21:30
6.68; 7.62; 7.50; 8.00; 7.56; 2018/03/27 22:00
6.68; 7.56; 7.50; 8.00; 7.56; 2018/03/27 22:30
6.75; 7.56; 7.50; 8.00; 7.56; 2018/03/27 23:00
6.62; 7.62; 7.50; 8.06; 7.56; 2018/03/27 23:30
6.75; 7.56; 7.50; 8.06; 7.56; 2018/03/28 00:00
6.75; 7.56; 7.50; 8.06; 7.62; 2018/03/28 00:30
6.68; 7.62; 7.50; 8.06; 7.62; 2018/03/28 01:00
6.62; 7.62; 7.50; 8.06; 7.62; 2018/03/28 01:30
6.68; 7.62; 7.50; 8.00; 7.62; 2018/03/28 02:00
6.81; 7.62; 7.50; 8.06; 7.62; 2018/03/28 02:30
6.81; 7.62; 7.56; 8.00; 7.62; 2018/03/28 03:00
6.87; 7.62; 7.50; 8.00; 7.62; 2018/03/28 03:30
6.87; 7.62; 7.50; 8.00; 7.68; 2018/03/28 04:00
6.93; 7.62; 7.56; 8.00; 7.68; 2018/03/28 04:30
7.00; 7.62; 7.56; 8.00; 7.68; 2018/03/28 05:00
7.06; 7.62; 7.56; 8.00; 7.68; 2018/03/28 05:30
7.06; 7.62; 7.56; 8.00; 7.68; 2018/03/28 06:00
7.06; 7.62; 7.56; 8.00; 7.68; 2018/03/28 06:30
7.06; 7.62; 7.56; 8.00; 7.68; 2018/03/28 07:00
7.06; 7.62; 7.56; 8.00; 7.68; 2018/03/28 07:30
7.00; 7.62; 7.56; 8.00; 7.68; 2018/03/28 08:00
6.87; 7.62; 7.56; 8.00; 7.68; 2018/03/28 08:30
6.93; 7.62; 7.56; 8.00; 7.75; 2018/03/28 09:00
6.93; 7.62; 7.56; 8.00; 7.75; 2018/03/28 09:30
7.18; 7.62; 7.56; 8.00; 7.75; 2018/03/28 10:00
7.50; 7.68; 7.56; 8.00; 7.75; 2018/03/28 10:30
8.06; 7.68; 7.56; 8.00; 7.75; 2018/03/28 11:00
8.37; 7.68; 7.62; 8.00; 7.81; 2018/03/28 11:30
8.43; 7.75; 7.62; 8.06; 7.81; 2018/03/28 12:00
8.37; 7.75; 7.62; 8.06; 7.81; 2018/03/28 12:30
8.43; 7.75; 7.62; 8.06; 7.81; 2018/03/28 13:00
8.43; 7.75; 7.62; 8.06; 7.81; 2018/03/28 13:30
8.56; 7.75; 7.68; 8.06; 7.81; 2018/03/28 14:00
8.62; 7.75; 7.68; 8.06; 7.81; 2018/03/28 14:30
8.62; 7.81; 7.68; 8.06; 7.81; 2018/03/28 15:00
8.56; 7.81; 7.68; 8.06; 7.81; 2018/03/28 15:30
8.37; 7.81; 7.68; 8.12; 7.87; 2018/03/28 16:00
7.93; 7.81; 7.68; 8.12; 7.87; 2018/03/28 16:30
7.43; 7.81; 7.68; 8.12; 7.87; 2018/03/28 17:00
7.43; 7.81; 7.68; 8.12; 7.87; 2018/03/28 17:30
7.56; 7.81; 7.68; 8.06; 7.87; 2018/03/28 18:00
7.81; 7.75; 7.68; 8.06; 7.87; 2018/03/28 18:30
8.06; 7.81; 7.75; 8.12; 7.87; 2018/03/28 19:00
8.00; 7.81; 7.75; 8.12; 7.87; 2018/03/28 19:30
8.18; 7.81; 7.75; 8.12; 7.87; 2018/03/28 20:00
8.18; 7.81; 7.75; 8.12; 7.87; 2018/03/28 20:30
8.25; 7.81; 7.75; 8.12; 7.87; 2018/03/28 21:00
8.18; 7.87; 7.75; 8.18; 7.93; 2018/03/28 21:30
6.75; 7.87; 7.81; 8.18; 7.93; 2018/03/28 22:00
6.18; 7.87; 7.75; 8.18; 7.93; 2018/03/28 22:30
5.75; 7.81; 7.75; 8.12; 7.93; 2018/03/28 23:00
5.43; 7.81; 7.75; 8.12; 7.93; 2018/03/28 23:30
4.68; 7.81; 7.75; 8.12; 7.93; 2018/03/29 00:00
4.56; 7.81; 7.75; 8.12; 7.93; 2018/03/29 00:30
4.43; 7.75; 7.75; 8.06; 7.87; 2018/03/29 01:00
4.50; 7.75; 7.75; 8.06; 7.87; 2018/03/29 01:30
4.62; 7.75; 7.68; 8.06; 7.87; 2018/03/29 02:00
4.87; 7.75; 7.68; 8.06; 7.87; 2018/03/29 02:30
4.43; 7.75; 7.68; 8.00; 7.87; 2018/03/29 03:00
4.50; 7.75; 7.68; 8.00; 7.87; 2018/03/29 03:30
4.50; 7.68; 7.68; 8.00; 7.87; 2018/03/29 04:00
4.68; 7.68; 7.68; 8.00; 7.87; 2018/03/29 04:30
4.56; 7.68; 7.68; 8.00; 7.87; 2018/03/29 05:00
4.56; 7.68; 7.68; 8.00; 7.87; 2018/03/29 05:30
4.56; 7.68; 7.68; 7.93; 7.87; 2018/03/29 06:00
4.75; 7.62; 7.62; 7.93; 7.81; 2018/03/29 06:30
4.56; 7.68; 7.62; 7.93; 7.87; 2018/03/29 07:00
4.62; 7.62; 7.62; 7.93; 7.81; 2018/03/29 07:30
4.56; 7.62; 7.62; 7.87; 7.81; 2018/03/29 08:00
4.81; 7.62; 7.62; 7.93; 7.81; 2018/03/29 08:30
5.00; 7.62; 7.62; 7.87; 7.81; 2018/03/29 09:00
5.00; 7.62; 7.62; 7.87; 7.81; 2018/03/29 09:30
4.50; 7.62; 7.62; 7.87; 7.81; 2018/03/29 10:00
3.87; 7.62; 7.62; 7.87; 7.81; 2018/03/29 10:30
4.00; 7.62; 7.62; 7.87; 7.81; 2018/03/29 11:00
4.43; 7.62; 7.62; 7.87; 7.81; 2018/03/29 11:30
5.31; 7.62; 7.56; 7.87; 7.81; 2018/03/29 12:00
6.12; 7.62; 7.62; 7.87; 7.81; 2018/03/29 12:30
6.37; 7.62; 7.62; 7.87; 7.81; 2018/03/29 13:00
6.62; 7.62; 7.62; 7.87; 7.87; 2018/03/29 13:30
7.06; 7.68; 7.62; 7.93; 7.87; 2018/03/29 14:00
7.18; 7.68; 7.62; 7.93; 7.87; 2018/03/29 14:30
7.43; 7.75; 7.68; 7.93; 7.87; 2018/03/29 15:00
6.75; 7.68; 7.68; 7.93; 7.87; 2018/03/29 15:30
8.00; 7.81; 7.68; 8.12; 7.93; 2018/03/29 16:00
8.43; 7.87; 7.75; 8.12; 7.93; 2018/03/29 16:30
9.06; 7.93; 7.75; 8.12; 8.00; 2018/03/29 17:00
8.43; 7.93; 7.75; 8.12; 8.00; 2018/03/29 17:30
8.81; 7.93; 7.75; 8.18; 8.00; 2018/03/29 18:00
8.81; 7.93; 7.81; 8.18; 8.00; 2018/03/29 18:30
8.62; 7.93; 7.81; 8.12; 8.00; 2018/03/29 19:00
7.93; 7.87; 7.75; 8.12; 8.00; 2018/03/29 19:30
7.18; 7.87; 7.75; 8.12; 8.00; 2018/03/29 20:00
6.50; 7.87; 7.75; 8.12; 7.93; 2018/03/29 20:30
5.81; 7.81; 7.75; 8.12; 7.93; 2018/03/29 21:00
5.25; 7.81; 7.75; 8.12; 7.93; 2018/03/29 21:30
4.81; 7.81; 7.75; 8.12; 7.93; 2018/03/29 22:00
4.25; 7.75; 7.75; 8.12; 7.93; 2018/03/29 22:30
4.00; 7.75; 7.68; 8.12; 7.93; 2018/03/29 23:00
3.56; 7.75; 7.68; 8.12; 7.93; 2018/03/29 23:30
3.18; 7.68; 7.68; 8.12; 7.87; 2018/03/30 00:00
3.25; 7.68; 7.68; 8.12; 7.87; 2018/03/30 00:30
3.00; 7.68; 7.68; 8.06; 7.87; 2018/03/30 01:00
2.81; 7.68; 7.62; 8.06; 7.87; 2018/03/30 01:30
2.50; 7.62; 7.62; 8.06; 7.87; 2018/03/30 02:00
2.37; 7.62; 7.62; 8.00; 7.87; 2018/03/30 02:30
2.62; 7.62; 7.56; 8.00; 7.81; 2018/03/30 03:00
2.75; 7.56; 7.56; 7.93; 7.81; 2018/03/30 03:30
3.06; 7.56; 7.56; 7.93; 7.81; 2018/03/30 04:00
3.12; 7.56; 7.56; 7.93; 7.81; 2018/03/30 04:30
3.50; 7.56; 7.50; 7.87; 7.81; 2018/03/30 05:00
3.62; 7.56; 7.50; 7.87; 7.81; 2018/03/30 05:30
3.81; 7.56; 7.50; 7.87; 7.81; 2018/03/30 06:00
3.75; 7.56; 7.50; 7.81; 7.81; 2018/03/30 06:30
4.12; 7.50; 7.50; 7.81; 7.81; 2018/03/30 07:00
4.56; 7.50; 7.50; 7.81; 7.81; 2018/03/30 07:30
4.43; 7.50; 7.50; 7.81; 7.75; 2018/03/30 08:00
4.81; 7.50; 7.50; 7.75; 7.75; 2018/03/30 08:30
6.06; 7.50; 7.50; 7.75; 7.75; 2018/03/30 09:00
6.87; 7.50; 7.50; 7.75; 7.75; 2018/03/30 09:30
7.56; 7.56; 7.50; 7.75; 7.75; 2018/03/30 10:00
7.81; 7.56; 7.50; 7.75; 7.75; 2018/03/30 10:30
8.93; 7.56; 7.50; 7.75; 7.81; 2018/03/30 11:00
10.06; 7.62; 7.56; 7.81; 7.81; 2018/03/30 11:30
10.25; 7.75; 7.62; 7.87; 7.87; 2018/03/30 12:00
10.87; 7.81; 7.62; 8.00; 7.93; 2018/03/30 12:30
11.31; 7.87; 7.68; 8.00; 7.93; 2018/03/30 13:00
11.62; 8.00; 7.75; 8.12; 8.06; 2018/03/30 13:30
12.18; 8.12; 7.81; 8.18; 8.06; 2018/03/30 14:00
12.81; 8.18; 7.87; 8.37; 8.12; 2018/03/30 14:30
12.56; 8.25; 7.93; 8.43; 8.12; 2018/03/30 15:00
12.56; 8.18; 7.93; 8.37; 8.12; 2018/03/30 15:30
12.50; 8.25; 7.93; 8.43; 8.12; 2018/03/30 16:00
12.56; 8.18; 7.87; 8.37; 8.12; 2018/03/30 16:30
12.31; 8.18; 7.87; 8.43; 8.12; 2018/03/30 17:00
12.31; 8.18; 7.93; 8.43; 8.12; 2018/03/30 17:30
11.93; 8.18; 7.93; 8.50; 8.12; 2018/03/30 18:00
11.75; 8.25; 7.93; 8.50; 8.12; 2018/03/30 18:30
11.50; 8.18; 7.93; 8.50; 8.12; 2018/03/30 19:00
11.31; 8.18; 7.93; 8.56; 8.12; 2018/03/30 19:30
10.75; 8.18; 8.00; 8.56; 8.12; 2018/03/30 20:00
10.37; 8.18; 8.00; 8.56; 8.12; 2018/03/30 20:30
9.81; 8.18; 8.00; 8.56; 8.12; 2018/03/30 21:00
9.62; 8.18; 8.00; 8.62; 8.12; 2018/03/30 21:30
9.00; 8.18; 8.00; 8.62; 8.12; 2018/03/30 22:00
8.68; 8.18; 8.06; 8.62; 8.12; 2018/03/30 22:30
8.37; 8.18; 8.06; 8.62; 8.12; 2018/03/30 23:00
8.12; 8.18; 8.06; 8.68; 8.12; 2018/03/30 23:30
8.00; 8.18; 8.06; 8.62; 8.12; 2018/03/31 00:00
8.00; 8.18; 8.06; 8.68; 8.12; 2018/03/31 00:30
7.81; 8.18; 8.06; 8.68; 8.12; 2018/03/31 01:00
7.31; 8.18; 8.06; 8.68; 8.12; 2018/03/31 01:30
7.50; 8.18; 8.06; 8.68; 8.12; 2018/03/31 02:00
7.25; 8.18; 8.06; 8.68; 8.12; 2018/03/31 02:30
6.81; 8.18; 8.06; 8.68; 8.12; 2018/03/31 03:00
6.50; 8.18; 8.06; 8.62; 8.18; 2018/03/31 03:30
6.18; 8.18; 8.06; 8.62; 8.18; 2018/03/31 04:00
5.75; 8.18; 8.06; 8.62; 8.18; 2018/03/31 04:30
5.43; 8.12; 8.00; 8.56; 8.18; 2018/03/31 05:00
5.00; 8.12; 8.00; 8.56; 8.18; 2018/03/31 05:30
4.62; 8.12; 8.00; 8.56; 8.18; 2018/03/31 06:00
4.12; 8.06; 8.00; 8.56; 8.18; 2018/03/31 06:30
3.87; 8.06; 8.00; 8.56; 8.12; 2018/03/31 07:00
3.62; 8.00; 8.00; 8.50; 8.12; 2018/03/31 07:30
3.37; 8.00; 8.00; 8.50; 8.12; 2018/03/31 08:00
3.06; 8.00; 7.93; 8.43; 8.12; 2018/03/31 08:30
3.62; 7.93; 7.93; 8.43; 8.12; 2018/03/31 09:00
4.00; 7.93; 7.93; 8.37; 8.12; 2018/03/31 09:30
4.37; 7.93; 7.93; 8.37; 8.12; 2018/03/31 10:00
6.18; 7.93; 7.93; 8.37; 8.12; 2018/03/31 10:30
7.68; 8.00; 7.93; 8.37; 8.12; 2018/03/31 11:00
8.50; 8.06; 8.00; 8.37; 8.18; 2018/03/31 11:30
9.18; 8.06; 8.00; 8.43; 8.25; 2018/03/31 12:00
9.93; 8.18; 8.12; 8.56; 8.31; 2018/03/31 12:30
10.43; 8.31; 8.12; 8.75; 8.31; 2018/03/31 13:00
10.75; 8.37; 8.18; 8.81; 8.31; 2018/03/31 13:30
11.31; 8.50; 8.25; 9.12; 8.37; 2018/03/31 14:00
12.12; 8.56; 8.31; 9.18; 8.43; 2018/03/31 14:30
11.62; 8.56; 8.25; 9.00; 8.43; 2018/03/31 15:00
11.25; 8.50; 8.25; 8.81; 8.37; 2018/03/31 15:30
11.62; 8.50; 8.25; 8.81; 8.43; 2018/03/31 16:00
11.62; 8.50; 8.25; 8.81; 8.43; 2018/03/31 16:30
11.43; 8.50; 8.25; 8.87; 8.43; 2018/03/31 17:00
11.62; 8.56; 8.31; 8.93; 8.43; 2018/03/31 17:30
11.50; 8.56; 8.31; 9.00; 8.43; 2018/03/31 18:00
11.93; 8.62; 8.37; 9.00; 8.50; 2018/03/31 18:30
11.25; 8.62; 8.37; 9.06; 8.43; 2018/03/31 19:00
10.81; 8.56; 8.37; 9.06; 8.50; 2018/03/31 19:30
10.18; 8.56; 8.37; 9.06; 8.50; 2018/03/31 20:00
9.62; 8.56; 8.43; 9.06; 8.43; 2018/03/31 20:30
9.43; 8.56; 8.43; 9.12; 8.50; 2018/03/31 21:00
9.12; 8.56; 8.43; 9.12; 8.50; 2018/03/31 21:30
8.68; 8.56; 8.43; 9.12; 8.50; 2018/03/31 22:00
8.75; 8.62; 8.43; 9.12; 8.50; 2018/03/31 22:30
8.25; 8.62; 8.43; 9.12; 8.50; 2018/03/31 23:00
8.00; 8.62; 8.43; 9.12; 8.50; 2018/03/31 23:30
